update,stage,local,block_id,block_type,lr,alpha,mean_episode_return,mean_effort,kl_final_epoch,clip_frac,policy_loss,value_loss,adv_raw_mean,adv_raw_std,n_start_tail,n_start_near,n_start_mid,d1_L_s1_n,d1_L_s1_lo,d1_L_s1_hi,d1_O_s1_n,d1_O_s1_lo,d1_O_s1_hi,d1_L_s2_n,d1_L_s2_lo,d1_L_s2_hi,d1_O_s2_n,d1_O_s2_lo,d1_O_s2_hi,d1_L_s2_in_n,d1_L_s2_in_lo,d1_L_s2_in_hi,d1_L_s2_out_n,d1_L_s2_out_lo,d1_L_s2_out_hi,p_digest,update_wall_sec,rngpos_env,rngpos_learn,rngpos_opp,rngpos_start,rngpos_minibatch,conc_scale
1,2,1,1,legacy,0.0003,0.0,3.3288234990119503,49.813144718063995,0.004018526058644056,0.0458984375,-0.0031633502803742886,5.784621334075927,3.259065628051758,1.6181873083114624,235,63,214,0,0,0,0,0,0,512,0,0,512,0,0,277,0,0,235,0,0,,1.1609949889825657,21e6c4883f1d7f390e382d1d1bb6905e:0:0,4655a9239850bd5eb8793975392c3c4d:0:0,2971f67ee0cce08edcf153ba2a71c497:0:0,1cff88268eb41e0b464e0919d1197a8f:0:146105090,5c54b808eefe5dbfe425986dd5d243a4:0:1480341360,1.0
2,2,2,1,legacy,0.0003,0.0,3.3927467812816103,49.4516147475224,0.003754270961508155,0.019921875,-0.0028727293713018296,4.35726797580719,2.780734062194824,1.5761537551879883,256,52,204,0,0,0,0,0,0,512,0,0,512,0,0,256,0,0,256,0,0,,0.1512172520160675,d28753145dbc8797c2b2729a4a33ac5e:0:0,c51a587845c9c2cfd9b845a819d88b7a:0:0,d337a273d0fa08274d3bb0d7f2a75f08:0:0,18bf682f1c161153353fdfd00a73868f:0:1890976479,c8247195fb4722ee75ad38f5919af33f:0:1381505719,1.0
3,2,3,1,legacy,0.0003,0.0,3.243600105413087,49.65408876305446,0.011294071562588215,0.0748046875,-0.007360400492325425,2.6824170112609864,2.096560478210449,1.4699784517288208,234,59,219,0,0,0,0,0,0,512,0,0,512,0,0,278,0,0,234,0,0,,0.14226135099306703,8dad8b041ee2328414a96c2f8af0c85e:0:0,0426245be6770eb3c64766585d0402ce:0:0,1165763b13379355023fc501768d300c:0:0,2d21753483868fbfce9aa667970d928f:0:2786883450,c0674f2b09a3f8edd9fa138529ea9852:1:1554915401,1.0
4,2,4,1,legacy,0.0003,0.0,3.315237115666809,48.949290852760896,0.004732199013233185,0.0908203125,-0.006698329444043338,1.700732558965683,1.5709465742111206,1.3766796588897705,262,55,195,0,0,0,0,0,0,512,0,0,512,0,0,250,0,0,262,0,0,,0.15404095698613673,647f37b773bebb907faeb678ddede45e:0:0,8fe06559898768c8ee89acf89d0ae4c6:0:0,da30a5cf83e7823eaf13b136e8bb7a53:0:0,ad2501a7fc87cde4a0a0e46c76e79e8f:0:3111209994,c5b3bfc271bae260f2a8af43c725a02e:1:2285951823,1.0
5,2,5,1,legacy,0.0003,0.0,3.474927307434022,47.92968559777364,0.0026751908008009195,0.0189453125,-0.002456820895895362,0.9826538920402527,1.0591117143630981,1.2386904954910278,246,50,216,0,0,0,0,0,0,512,0,0,512,0,0,266,0,0,246,0,0,,0.14834737300407141,b33d9cfc2777f7eee5ee2e12432b005e:0:0,6b68fc6eca6b21bef4b76ca991c7c1b1:0:0,9d50ca112c683da09edc4fdda4d193ce:0:0,be1370da22dce44e7a90616aaa01aa8f:0:593564090,0d2a4d976745b0fff678443fe1f97c29:0:3748282677,1.0
6,2,6,1,legacy,0.0003,0.0,3.3192866074573315,48.24973022332415,0.009264363907277584,0.0556640625,-0.004645155160687864,0.5196892276406289,0.34416893124580383,1.122421383857727,251,43,218,0,0,0,0,0,0,512,0,0,512,0,0,261,0,0,251,0,0,,0.15223425603471696,d4b5d631443afa9cac2def97baa81c5e:0:0,742d0bb5dd00bee760ed310524c96c04:0:0,088c2bdcf6c289ca504aa06d5bc543f2:0:0,672c08a62dd9ca6878a224ee305bb68f:0:3242095503,315bc1c842d0f7470bc3bf53d4850583:1:742631815,1.0
7,2,7,1,legacy,0.0003,0.0,3.2359086381318773,47.27154189022258,0.007626694161444902,0.037890625,-0.003992328327149153,0.23787304759025574,0.018841784447431564,0.800582766532898,251,57,204,0,0,0,0,0,0,512,0,0,512,0,0,261,0,0,251,0,0,,0.17026588402222842,b3a021f40c9bdaced5ce57a54465385e:0:0,a77d9ebb1e5e54739c96ca002054b261:0:0,645da1dc24c3e259db9ae1978c6aedaa:0:0,1b35f6766430f4a1100a768309f5c28f:0:3089956355,0ad542c7d494055bfad9e883bac54ae1:0:3154324113,1.0
8,2,8,1,legacy,0.0003,0.0,3.2527700087327096,46.93888676702045,0.004402176942676306,0.1126953125,-0.00907581434585154,0.1756061300635338,0.06496855616569519,0.6052602529525757,256,47,209,0,0,0,0,0,0,512,0,0,512,0,0,256,0,0,256,0,0,,0.16686185798607767,a634109ab4df9c9e20ca02d6e062545e:0:0,269142c22d2fce90a4ba2dd04ec428b8:0:0,2edcbffe726b2b7445cc0d213df8b4ed:0:0,dead0f9a3eca95cf1af8ddb536cfce8f:0:2879675920,3b1589d446902433105ac678cd908cdd:1:2746789181,1.0
9,2,9,1,legacy,0.0003,0.0,3.369817582459475,46.37255139532499,0.006230664439499378,0.051171875,-0.005042184691410512,0.15910823941230773,0.02459581382572651,0.5741966366767883,278,45,189,0,0,0,0,0,0,512,0,0,512,0,0,234,0,0,278,0,0,,0.16610636399127543,e4fe7a6b47cc3bf321b5cdc88e9f705e:0:0,059e2776a0e7f7c3890a8dd605194458:0:0,58477ac96a657f32b1f381d8f4255be1:0:0,b5180c31ed3183d6e4982210b6e9da8f:0:1896537794,e907f0c949e10b5a41979d6ec436ed92:0:605776355,1.0
10,2,10,1,legacy,0.0003,0.0,3.2875646733865436,45.66147021832876,0.015652162954211235,0.15234375,-0.011298473784700036,0.1713990405201912,0.024775534868240356,0.5885099768638611,266,50,196,0,0,0,0,0,0,512,0,0,512,0,0,246,0,0,266,0,0,,0.1457085250876844,e2682d27629ad9b25fc0d5164f1c8c5e:0:0,75605e253ebf7da645235272ceebebe9:0:0,e6ad743edf339af6de925ca3ff087b00:0:0,19213f3e2e21bf8f350e4b218a43e68f:0:11582928,804374b29e1728f007697853d5c12314:0:1272318948,1.0
11,2,11,1,legacy,0.0003,0.0,3.2739946820788566,45.43004352017306,0.01193134393543005,0.0958984375,-0.006819403544068336,0.17077577412128447,-0.04566813260316849,0.5919905304908752,248,57,207,0,0,0,0,0,0,512,0,0,512,0,0,264,0,0,248,0,0,,0.16377279197331518,fe99672fb3a80b2870b4755c21d9a85e:0:0,af2b8562cbaad77b0530845a24e27bab:0:0,d757d6fed4919d585e3d03da6700dd9f:0:0,e0851daeaec49fe65d7ca073b0ddf28f:0:4189969694,5753817e087a51173795d0fa76a74af0:1:3906943750,1.0
12,2,12,1,legacy,0.0003,0.0,3.2860651025341356,44.38295794534497,0.007034508511424065,0.056640625,-0.0036079165525734424,0.15697885379195214,0.04025287553668022,0.5625208020210266,247,48,217,0,0,0,0,0,0,512,0,0,512,0,0,265,0,0,247,0,0,,0.1751104809809476,bdbe792c677e4bb614f44b3606d6c45e:0:0,c6cd5c325a2659ae3568fcfa5b22d12a:0:0,7b8e6ea74c22e51ae25ad5621bb246bb:0:0,021441946326a04743ffa9932ab7fe8f:0:1105979399,3763f9da50f97a5eb7ed1073102ab1fa:0:1562641527,1.0
13,2,13,1,legacy,0.0003,0.0,3.421778624745849,43.60251285834238,0.018325835466384888,0.1607421875,-0.014596450561657547,0.16387861594557762,0.038558512926101685,0.575507640838623,252,57,203,0,0,0,0,0,0,512,0,0,512,0,0,260,0,0,252,0,0,,0.1567742070183158,f76545d1efd690bc537e333ffe13e05e:0:0,306b3a88254558ca403245d0bdd59877:0:0,f52f7d70933c9dc0bd1c36639dac346c:0:0,3420fde88a72d23e6faf2e0bf7d20a8f:0:3314211966,73ebaf62f576bec8ef57f5bdde9a7e6c:0:3201043017,1.0
14,2,14,1,legacy,0.0003,0.0,3.34739669084908,42.65651016612537,0.023594439029693604,0.13359375,-0.01068361490033567,0.1537142090499401,0.07920778542757034,0.5559577941894531,275,40,197,0,0,0,0,0,0,512,0,0,512,0,0,237,0,0,275,0,0,,0.1396292169811204,9ef9d203d02affc895ea4a160790fc5e:0:0,418f50d954912b7fd6897bec0f0860c5:0:0,af125f87bbd056ede87afc9600fa609a:0:0,37fb0aa4517ff25f149e356a182c168f:0:645995305,2b91f4ac3159729315a781f8374b469a:1:38768029,1.0
15,2,15,1,legacy,0.0003,0.0,3.394522073046616,42.16856376733631,0.004667855799198151,0.0736328125,-0.005014216667041183,0.1472117692232132,0.0333288237452507,0.5472096800804138,252,42,218,0,0,0,0,0,0,512,0,0,512,0,0,260,0,0,252,0,0,,0.15127094206400216,f991ae415b77c700c46aec54234e185e:0:0,22f87b0da5ddd884fc3df8c1bd1762d8:0:0,693f4b50089ff60c68ec991595842b52:0:0,d6d65030463b20681fdb07398bc6228f:0:1790463599,cb6818f06fc45f9e48f9192127e62225:1:1081365000,1.0
16,2,16,1,legacy,0.0003,0.0,3.406936205417437,41.50887667783536,0.00782508123666048,0.1486328125,-0.01205261591821909,0.14790278151631356,0.02230425551533699,0.5490190982818604,252,47,213,0,0,0,0,0,0,512,0,0,512,0,0,260,0,0,252,0,0,,0.128342667943798,867ab4f28ec617cf61ccb696514b345e:0:0,0260e2864b63b0886acd4eacfa3fc86e:0:0,a266947def984244734da577c0ceba99:0:0,08e4647e0e7c3aa9436f2b0652a02e8f:0:2464338910,daec8778e4f1edd6e480140a8e49f963:0:2991442346,1.0
17,2,17,1,legacy,0.0003,0.0,3.399221960359079,41.030972567386925,0.008742326870560646,0.139453125,-0.01129644992761314,0.13341024629771708,-0.018367163836956024,0.5225895047187805,250,59,203,0,0,0,0,0,0,512,0,0,512,0,0,262,0,0,250,0,0,,0.11192997603211552,c0a167d5741d43cfa77685789188505e:0:0,b50a821a52d291317a2f1b532a220f4f:0:0,2290e563d9567cfb8ef6b593d7be564c:0:0,6bc2e36a14cfdca8025f685c6cba3a8f:0:494504410,c3cd44e7a2cf3b2197342df8ac3af47e:0:1763643125,1.0
18,2,18,1,legacy,0.0003,0.0,3.492401659037074,40.35380235291086,0.010242367163300514,0.15,-0.013264494482427835,0.13411558829247952,0.05297396704554558,0.5221483111381531,256,56,200,0,0,0,0,0,0,512,0,0,512,0,0,256,0,0,256,0,0,,0.1401652570348233,611e2176b975fbf9a1697596e4056c5e:0:0,b0928e718531ed7d724023b21e8def43:0:0,f871b6a1a66201ddd62aae5af5bfcf38:0:0,04eb6f4e1dc30104bcabc6c7da14468f:0:3693106372,3e2fc922e356f71c99ad019be17468a1:0:1065045765,1.0
19,2,19,1,legacy,0.0003,0.0,3.3575277398948877,39.84049811260775,0.006199609953910112,0.057421875,-0.005443660193122923,0.12742324396967888,0.03425309434533119,0.5100795030593872,243,50,219,0,0,0,0,0,0,512,0,0,512,0,0,269,0,0,243,0,0,,0.1675492210779339,214e564a674bb20e4a40e38d48c2885e:0:0,af0e39c7dd4740f413d26602377ff453:0:0,b1a300ce6bad5dbb2a2adb75301001d8:0:0,42ccd5f8f83c469fbb4f8dd49aae528f:0:336656771,075b5bbef9d9f28e93eb9598bafff22e:0:1247307539,1.0
20,2,20,1,legacy,0.0003,0.0,3.4222460891461797,39.185885299229994,0.006209628656506538,0.1029296875,-0.0072754980763420464,0.11093787103891373,0.0388048030436039,0.4765014350414276,275,51,186,0,0,0,0,0,0,512,0,0,512,0,0,237,0,0,275,0,0,,0.16841306805144995,571043a3e2681c43a7326bf7bfbfa45e:0:0,b7c2995f6401a475169056fe306ab40d:0:0,a34e632ac991eab81d73ca2259e61857:0:0,36df918abb6ed8fe3c41450eae885e8f:0:864572662,6c344767855c26d13e51378f45f6bed2:1:357761130,1.0
21,2,21,1,legacy,0.0003,0.0,3.5006990137967495,39.04696360696107,0.006036260165274143,0.1064453125,-0.005239388789050281,0.11064164824783802,0.10650865733623505,0.472999632358551,264,55,193,0,0,0,0,0,0,512,0,0,512,0,0,248,0,0,264,0,0,,0.16562366404104978,5a43a976a484db30e40deb7248fcc05e:0:0,8539255b3e9b25716e420cf37a6e0312:0:0,676c134b46f5ffd1ea8e9daf6dd6cb19:0:0,0fa2a40044f2fbef7e72b40215a26a8f:0:238682624,b6fdaf005dc7930de499481a37ee11a8:1:953373004,1.0
22,2,22,1,legacy,0.0003,0.0,3.524251369095639,38.25208535999991,0.009955305606126785,0.065234375,-0.003697033179923892,0.10552071370184421,0.027753237634897232,0.4647778868675232,266,37,209,0,0,0,0,0,0,512,0,0,512,0,0,246,0,0,266,0,0,,0.1663925249595195,a1d98673575f41fa6f3d7e98e479dc5e:0:0,b3c1922c688ea63d5aec8db8a3f02790:0:0,78394d05e206e8471001ef695f378772:0:0,de389f83e9903a71cdd0e23acffc768f:0:3506139724,521d2c3b94d464338a14ab40ff145081:0:55258496,1.0
23,2,23,1,legacy,0.0003,0.0,3.4074221137607044,37.851592409424484,0.008524606004357338,0.08359375,-0.008830754412338137,0.10513109900057316,0.0022471528500318527,0.4648427963256836,255,50,207,0,0,0,0,0,0,512,0,0,512,0,0,257,0,0,255,0,0,,0.16571036097593606,22bf44bf3dda40be15c582079236f85e:0:0,7b652c8b1172d19edee0f23086fb339c:0:0,bf0c488425d77ce3b33efd4254f97f4f:0:0,a3978ce48b4538d78f441744dd96828f:0:2690044858,3e705d76318467f14796e7dc2a573c0f:1:3086808013,1.0
24,2,24,1,legacy,0.0003,0.0,3.4097908980940392,37.50753431522753,0.007483585737645626,0.1126953125,-0.009046009974554181,0.1015214841812849,-0.021515097469091415,0.458192378282547,247,51,214,0,0,0,0,0,0,512,0,0,512,0,0,265,0,0,247,0,0,,0.16624887008219957,e60f582e16ca713f1f44925a5234145e:0:0,7751cfb71fede730dff927043664666c:0:0,efde99789470edeede20d8cc6679b051:0:0,70294cdf87192a2c4cafdaac3e708e8f:0:2526693939,8f69eee1a9b1a1ddecb3d1b60de91790:1:4102756041,1.0
25,2,25,1,legacy,0.0003,0.0,3.626336276545822,36.435833005816676,0.004200394731014967,0.11484375,-0.009699788969010114,0.08760687038302421,0.0409705825150013,0.4260469377040863,267,45,200,0,0,0,0,0,0,512,0,0,512,0,0,245,0,0,267,0,0,,0.17424203210975975,3869fd90e50845d269f38c2d2471305e:0:0,e3cd8af345ee1542e348703fcb513ecb:0:0,a242bd7051a36a9008bc5691292ad3ff:0:0,019508352d42e8d9c0f2f3fcf28a9a8f:0:3244817353,434f3206dc5b44fe2f76d1dea0791d01:0:1509911609,1.0
26,2,26,1,legacy,0.0003,0.0,3.62926597027503,37.207737800781615,0.006734326481819153,0.132421875,-0.013040900183841585,0.08710680678486823,0.05863829702138901,0.42542532086372375,228,48,236,0,0,0,0,0,0,512,0,0,512,0,0,284,0,0,228,0,0,,0.1506357629550621,746c955648645a8a86a58c1c08ee4c5e:0:0,7cc5874158414a61377048283ad609ff:0:0,868f1da7bf4fd663f8b30eedc7a0fa25:0:0,b07545cab631b28ce3e76ac2f9e4a68f:0:4035247441,7c9b650b60f9a72443bd0e9e8b2fe2d1:1:3618409450,1.0
27,2,27,1,legacy,0.0003,0.0,3.6046169949306086,36.06448645587079,0.007421603426337242,0.1595703125,-0.01537214512936771,0.07494758851826192,-0.011163407005369663,0.39735788106918335,273,38,201,0,0,0,0,0,0,512,0,0,512,0,0,239,0,0,273,0,0,,0.15206821996252984,702cfa635319e8a3d4c7eec2ffab685e:0:0,168afcae8c4a9d5797c2e2fabdc3436a:0:0,c19198a4515ee6a5f8c1c9a8184d723f:0:0,9e394d67e703875af662868a547eb28f:0:3680959083,69b4a4b9c03f0826ce9fe2c1a89bf0cc:0:691944105,1.0
28,2,28,1,legacy,0.0003,0.0,3.5518135479455535,36.679587414255366,0.01324108149856329,0.0724609375,-0.008939738292247057,0.06340838801115752,0.014027176424860954,0.3671800494194031,246,56,210,0,0,0,0,0,0,512,0,0,512,0,0,266,0,0,246,0,0,,0.1595829949947074,33a838b6075b5c309e6250be08a8845e:0:0,f290820e8b3435e94c3b032c4d1e9ee5:0:0,21112e111f98fa07dffa298eb6c93b17:0:0,dd9b98e9d7f52c268e34cedf0258be8f:0:1588358571,428f8131302cb0822195c2b20892e981:1:1493394202,1.0
29,2,29,1,legacy,0.0003,0.0,3.71025068677398,35.629499118658714,0.00753558985888958,0.099609375,-0.013733577821403742,0.05740874130278826,-0.03163523972034454,0.34982404112815857,264,50,198,0,0,0,0,0,0,512,0,0,512,0,0,248,0,0,264,0,0,,0.1755780460080132,0679260ce8950c0534168ea923e5a05e:0:0,352c87d02f46e99cba1eb403b52b3c05:0:0,afbd47ba86d8a273c2bcacc3fc5dc685:0:0,b9323d0f8f57d044a22a0b4d0372ca8f:0:3641323668,1c54456e59f9a40d5aead72410905728:0:1250786596,1.0
30,2,30,1,legacy,0.0003,0.0,3.678111845959595,35.69607291428838,0.011140851303935051,0.0904296875,-0.006598927266895771,0.04710159916430712,-0.0009569816756993532,0.31692782044410706,262,55,195,0,0,0,0,0,0,512,0,0,512,0,0,250,0,0,262,0,0,,0.17210901796352118,482b99794c0213e40920c5205162bc5e:0:0,d63ffe7b552931943bbb4fdff4798819:0:0,c25e03c3a02ee2f391810e7bcfe934ae:0:0,36e96650639856619609436057ccd68f:0:125110017,4c39b2ce01684a6d2583cebf9d025a5a:1:1107750199,1.0
31,2,31,1,legacy,0.0003,0.0,3.5984713531489554,35.606918646954,0.017063148319721222,0.1697265625,-0.02335756365209818,0.044128782115876675,0.05810575932264328,0.3059651553630829,260,44,208,0,0,0,0,0,0,512,0,0,512,0,0,252,0,0,260,0,0,,0.1720560899702832,1a5c556c542f50e9cf5750bf911fd85e:0:0,d6d66915650b8a03f14038c97af8d9f7:0:0,14565b8e323c1b089e5d3f159480ef9f:0:0,77f3457756e440a64694bea4ff66e28f:0:1276449097,ed91bed2fe0f328453cd68a57d37764f:1:3415920368,1.0
32,2,32,1,legacy,0.0003,0.0,3.7055898257212387,34.49290025164373,0.009268147870898247,0.15625,-0.013745917123742402,0.0356738306581974,0.0163523331284523,0.27737653255462646,264,47,201,0,0,0,0,0,0,512,0,0,512,0,0,248,0,0,264,0,0,,0.17380902008153498,d8cc2a78c3088039932ace22e31cf45e:0:0,f6b546fee4b86dda785da489ef586320:0:0,78b0c8cbecbd27f35957e8483b5c7283:0:0,8e241309def8401d158a04a6fa40ee8f:0:3835106770,dee3709dd9e22bc9d86ef6446751243b:1:453882749,1.0
33,2,33,1,legacy,0.0003,0.0,3.6768243821037228,33.483288990100846,0.01707388274371624,0.1462890625,-0.018713659467175604,0.03129745246842504,-0.003485037013888359,0.26029300689697266,267,48,197,0,0,0,0,0,0,512,0,0,512,0,0,245,0,0,267,0,0,,0.17199982004240155,e3de67ae0e0b7fe8d7a619e6475a105e:0:0,49d1c91928bb9fb923336fd18bf2ba9f:0:0,8c6f1aedb4e9ab0bd2f4458c64640ae5:0:0,c50c27cbcba46756f5a1dcf2485afa8f:0:4254908927,94f60ddc3e5f8494ceb50ce97153d73c:0:2860016285,1.0
34,2,34,1,legacy,0.0003,0.0,3.652631311101959,34.11192972853314,0.03109147399663925,0.2201171875,-0.027864463394507766,0.025469586439430713,0.021481696516275406,0.23476871848106384,248,64,200,0,0,0,0,0,0,512,0,0,512,0,0,264,0,0,248,0,0,,0.17110572196543217,8fe7581b603db22bb26e50a5bdd72c5e:0:0,05db92a5b74d559bbb4fecc139ddf996:0:0,c71f53f1c1837695fb5957daae0adab7:0:0,21ad8bfd3e92005076904f12e9b5068f:0:3747036612,bffb6a0591a6d1783df9dcdb97fb87f7:0:1841040570,1.0
35,2,35,1,legacy,0.0003,0.0,3.61802849062564,32.664371536520775,0.023622656241059303,0.193359375,-0.019847543723881245,0.022962661925703287,0.014338146895170212,0.22287821769714355,261,59,192,0,0,0,0,0,0,512,0,0,512,0,0,251,0,0,261,0,0,,0.16766769206151366,517753b3757f82c0e7c2cefd4694485e:0:0,e10eeb2ef3e2300392214105f4db79c1:0:0,79d505ae86b526a3c18142780d404f71:0:0,f2a5ce3ae6d70596d104a294de4f128f:0:974572259,489987933c14447f8694da6b5181fa0d:0:1872540547,1.0
36,2,36,1,legacy,0.0003,0.0,3.7191156361039592,31.78520234359894,0.0347958579659462,0.1681640625,-0.023911002231761812,0.017762860376387836,0.008824254386126995,0.19578242301940918,267,55,190,0,0,0,0,0,0,512,0,0,512,0,0,245,0,0,267,0,0,,0.16747389698866755,aeb1cc747ada0e9e067d3188e191645e:0:0,e8362d3e2cd9b4045319d4d19149d200:0:0,c3c2bb6cf6b8b7f9bc8bf3acddda741f:0:0,a7506e33f2e33eacf2a95f0426291e8f:0:2615829776,b8134bf3181dd3d50d11524aebff5835:0:1726467978,1.0
37,2,37,1,legacy,0.0003,0.0,3.7814776106871637,31.334930012235418,0.026885608211159706,0.2150390625,-0.024256714293733238,0.01633396428078413,0.020487945526838303,0.18767862021923065,258,39,215,0,0,0,0,0,0,512,0,0,512,0,0,254,0,0,258,0,0,,0.1665497369831428,49fdbf615f62eddb841154e48ece805e:0:0,2754fe5bf256991029c3b33ed3880dca:0:0,623877de93ed02d0404fde2d8ee008f7:0:0,ba01aeb46b52ffb08a244becc1432a8f:0:2506270791,184fdc4d95419f20a79cd7c1c32fb720:0:50285614,1.0
38,2,38,1,legacy,0.0003,0.0,3.747521271002549,30.57015936356038,0.030978191643953323,0.2404296875,-0.025733653968200088,0.015462972782552242,0.012350755743682384,0.1827382743358612,274,60,178,0,0,0,0,0,0,512,0,0,512,0,0,238,0,0,274,0,0,,0.1652185800485313,b5360b8441521fe0d88d55ac4e4b9c5e:0:0,27741e18511b16b4ea6bf775a5f46749:0:0,3c19e3711e063e9c56de55453c9863b1:0:0,3b4535cde9338c3f131670daaf9d368f:0:3938492749,2c1d0e158138da8304301e05cfd93dd9:1:3947169186,1.0
39,2,39,1,legacy,0.0003,0.0,3.6161766436642733,30.655848474998493,0.02523210272192955,0.1529296875,-0.020149109652265906,0.012591277668252587,0.01577204279601574,0.16415072977542877,251,48,213,0,0,0,0,0,0,512,0,0,512,0,0,261,0,0,251,0,0,,0.16541948600206524,d83467dbe2e619d09a99907c2008b85e:0:0,d64555e65327dd55b31ff2da9fb948a8:0:0,d701c9ae1effdfeadffee8317c9d7162:0:0,6d478133da451d9ae21c1559f137428f:0:1850466993,04507f5ab04a5b7f3ee6cf04492205cf:0:492525615,1.0
40,2,40,1,legacy,0.0003,0.0,3.869180865413975,30.05262510268949,0.02275187522172928,0.162890625,-0.013728663534857332,0.012044769385829568,0.009975166991353035,0.15892069041728973,254,55,203,0,0,0,0,0,0,512,0,0,512,0,0,258,0,0,254,0,0,,0.1654897698899731,c46103c052b1f7349b78a1f00405d45e:0:0,c936c5359d98537acb50e9e95b3dc475:0:0,3a305ce21bfa98bf120ccaed6e18e98c:0:0,d27ce02bc5c68c1030ccc0f686114e8f:0:34460733,6f4064fded48670334a010a70bfd9d76:1:3602861739,1.0
41,2,41,1,legacy,0.0003,0.0,3.7224790154347795,27.7098246049718,0.0323251336812973,0.1669921875,-0.02071818758267909,0.01162013434804976,-0.006242837756872177,0.16286568343639374,268,37,207,0,0,0,0,0,0,512,0,0,512,0,0,244,0,0,268,0,0,,0.16487014503218234,031b4bf532f1ccea030766a3fa42f05e:0:0,f198c290494cf2f45aafa29afa8b3589:0:0,3f79857d0c61d3583c650589d292ebd2:0:0,0c745bbd44569b9a29bb3b3c6e2b5a8f:0:2763648016,5d88f977ce823612132589975b30f9c4:1:1704963229,1.0
42,2,42,1,legacy,0.0003,0.0,3.6569920823395528,28.62146680126898,0.030333297327160835,0.15703125,-0.019220711756497623,0.012523300666362047,0.011807273142039776,0.1636440008878708,237,56,219,0,0,0,0,0,0,512,0,0,512,0,0,275,0,0,237,0,0,,0.16573380795307457,f895d94a4b811e4d6bbcfb3402c00c5e:0:0,3f7f14cfb7db3e94f72eef1bc1bef561:0:0,e109f1ae307dcf0a051b5c92c461bdc8:0:0,dad0b9189d76ebc7f4758bb7a985668f:0:2496314579,7ebd9984ea632148e065454752bb3fbe:1:1907375597,1.0
43,2,43,1,legacy,0.0003,0.0,3.818949033073089,26.899088964273687,0.026782898232340813,0.1490234375,-0.015344621194526554,0.008370126783847808,0.017794616520404816,0.13407327234745026,263,39,210,0,0,0,0,0,0,512,0,0,512,0,0,249,0,0,263,0,0,,0.16322151897475123,0a603455520f74a6feaabc3c1d7d285e:0:0,7c551874d13da18993bc8723c551df9a:0:0,523e03c2b1a8281e1717cb4d689c4a74:0:0,69dd91763d3c8ae1c184f9f4381f728f:0:1224612778,d1f3fd306fa558363fcb35b8efb398c3:1:2357757953,1.0
44,2,44,1,legacy,0.0003,0.0,3.6533748381571645,27.135515913687414,0.02294074557721615,0.1513671875,-0.015643690514843912,0.008644166984595358,0.0009524452034384012,0.13580738008022308,259,55,198,0,0,0,0,0,0,512,0,0,512,0,0,253,0,0,259,0,0,,0.1646839400054887,0a94dc7a142f18d68f7c46584a7a445e:0:0,78d37dfa681a9a3bd75782f4a82ff89d:0:0,64ed6f74348f42143d5f83fc1819e8a3:0:0,df6255fc74ba2c4dd66e0d7e19f97e8f:0:414254298,b25718fed30feff735ce400d3cf9cc97:1:2403270498,1.0
45,2,45,1,legacy,0.0003,0.0,3.758390411996365,26.77975805272581,0.028695689514279366,0.12890625,-0.015989164309576153,0.006949833873659372,0.005981199909001589,0.12058965116739273,257,55,200,0,0,0,0,0,0,512,0,0,512,0,0,255,0,0,257,0,0,,0.17214939300902188,28b8df206ed9ef3fb877762489b7605e:0:0,8b55b20762c3fe68849ccc13c8a45337:0:0,d3a0f44d3ff16e2b8a63c28a239f8c69:0:0,a670fd8437b0023599b08de14f138a8f:0:851202500,5ac81e8e7c5852c6918ab63b0b649e8d:0:4080086829,1.0
46,2,46,1,legacy,0.0003,0.0,3.8341359893403557,25.514782190293772,0.031037265434861183,0.1962890625,-0.018064541509374976,0.008198146568611264,0.008844436146318913,0.13005179166793823,261,44,207,0,0,0,0,0,0,512,0,0,512,0,0,251,0,0,261,0,0,,0.1657022350700572,8a0c46a1bf0875f5f67c683cdb347c5e:0:0,55f849de76dc2ce94493ac03c29f4a09:0:0,08d1fd324d6b58ad258033009f527d1f:0:0,533a0d60ca0d3a6a9ec782a9d76d968f:0:181296351,b4da966d8d134aa7ddd38d989425e283:0:3752380853,1.0
47,2,47,1,legacy,0.0003,0.0,3.745784673638327,24.762271107465494,0.015128257684409618,0.140234375,-0.015277944598346948,0.006889171642251312,0.0045820800587534904,0.11920943856239319,272,48,192,0,0,0,0,0,0,512,0,0,512,0,0,240,0,0,272,0,0,,0.16796234296634793,de97bf21b6f6e528c505793d3ef1985e:0:0,5053c3a831ddb4de61e124447efde254:0:0,7fe3b0dbfaa2dad29af81c4f5e67d99e:0:0,09abad998fcf1e8bb2293363b307a28f:0:786474942,334432900f43feecae07be60487e6e24:1:210359352,1.0
48,2,48,1,legacy,0.0003,0.0,3.719805553067218,23.162571421198663,0.02714073657989502,0.1755859375,-0.015038241166621447,0.006196984276175499,0.010825668461620808,0.11253534257411957,276,56,180,0,0,0,0,0,0,512,0,0,512,0,0,236,0,0,276,0,0,,0.16167999093886465,00ec0230c3b471cfba2745c1b4eeb45e:0:0,c58ad0e668f3e6111e787a911345121a:0:0,d2bd93e1a44b0386d0ec7cfb7c81fb5f:0:0,100d845071c9d769e547279ae1e1ae8f:0:1867819580,9aaabccdfb6cd36c7eaed9989d59c195:0:1436079179,1.0
49,2,49,1,legacy,0.0003,0.0,3.8402641420598433,22.330391785362735,0.03858433663845062,0.14453125,-0.01584307481534779,0.005770029430277645,0.006203672382980585,0.10869412869215012,270,45,197,0,0,0,0,0,0,512,0,0,512,0,0,242,0,0,270,0,0,,0.1608924149768427,1e8ae8c06e98b296a290aa663d2bd05e:0:0,fc633717773c392f25f7d33dfe055b69:0:0,38d0ff037ecc50abfc9ac1e1f3cdf475:0:0,95272b5a89e6d3ad9a8e26db63fbba8f:0:256961353,06f526a66360d997185b8d84c1a70356:1:2404865425,1.0
50,2,50,1,legacy,0.0003,0.0,3.7217563962423066,23.382722447422566,0.019719548523426056,0.166015625,-0.016672404203563928,0.0067308926023542884,-0.0025331289507448673,0.11717009544372559,251,53,208,0,0,0,0,0,0,512,0,0,512,0,0,261,0,0,251,0,0,,0.1641477330122143,40906d9c663b27099d8ac3c6d7a8ec5e:0:0,943e9a93fbc80f5d2c638312e9609948:0:0,65e6b883468217e05cce309171cbbe8c:0:0,a30b365c0964d1bb916638b13955c68f:0:3979358487,29eb442f7c6347ac05fc7cb94de84c3b:0:3855287758,1.0
51,2,51,1,legacy,0.0003,0.0,3.715670989101228,23.950871836859733,0.02979096956551075,0.153125,-0.013707721466198563,0.0066310186637565495,0.015137245878577232,0.11621273308992386,247,61,204,0,0,0,0,0,0,512,0,0,512,0,0,265,0,0,247,0,0,,0.16569873306434602,81ab71451a88e10138f8ee7f8466085e:0:0,a97936948b21ed14405bf1ea5ca8d7e7:0:0,26e4c9348fb240ed10ef923e207a6684:0:0,af9cef038ba58cd9f232a4a861efd28f:0:1971145035,184291c55e21ed127b1fa0d1f89e0ce6:1:3515708612,1.0
52,2,52,1,legacy,0.0003,0.0,3.7326455565564896,22.57960237657244,0.010880732908844948,0.076953125,-0.004616564977914095,0.0058691920014098285,0.006154966540634632,0.10987525433301926,240,55,217,0,0,0,0,0,0,512,0,0,512,0,0,272,0,0,240,0,0,,0.1669094890821725,020ab2b31794504e8d58c72c4363245e:0:0,683f8de89b0255d09e73955347a4c14e:0:0,c43224fd942fcb36bb66c48b0a80b619:0:0,2d93284c48150d955a51f24cddc9de8f:0:1666119771,e087a67f6ad459960a38e073d04e9b64:1:3209039034,1.0
53,2,53,1,legacy,0.0003,0.0,3.967657362887353,20.574435409434955,0.01424565352499485,0.04609375,-0.0017815610393881799,0.006071767373941839,0.002392740920186043,0.11048171669244766,253,48,211,0,0,0,0,0,0,512,0,0,512,0,0,259,0,0,253,0,0,,0.16844299994409084,edd22f348abb30a759c22a6914a0405e:0:0,c458c3ecb25adc10f2b2c5c40b50f2af:0:0,1ef7e79434163c747f43a023450f7f74:0:0,df56d0f9d5b69d65e81de92aace3ea8f:0:2524161778,bacde218bbb474ebdcdb7857ccee047e:0:1765662057,1.0
54,2,54,1,legacy,0.0003,0.0,3.8432123354082632,21.914751311851433,0.015634968876838684,0.12890625,-0.00962953525595367,0.0063823047792539,0.0007704400923103094,0.1141291931271553,249,55,208,0,0,0,0,0,0,512,0,0,512,0,0,263,0,0,249,0,0,,0.1679953798884526,e137f6409dbe99d21fe734d1f81d5c5e:0:0,af48550ba9ee5f7160a460c6b23281da:0:0,2f159faed248f5b8799359ea1a09cb49:0:0,6be840cb72e35d9446eb90cdcf3df68f:0:2007680715,ae196673070ef15d99b6096e352a2904:1:3819324571,1.0
55,2,55,1,legacy,0.0003,0.0,3.8815114241470683,21.041737249470316,0.01598115637898445,0.1494140625,-0.012104578409343958,0.00577976587228477,-0.0005764843663200736,0.10929028689861298,267,56,189,0,0,0,0,0,0,512,0,0,512,0,0,245,0,0,267,0,0,,0.17144606390502304,d0cd74c69369321240144302edda785e:0:0,fe0a1b84ac29005b27a376ced2e61b68:0:0,87c09c9847e4860c9c2e5815500e2464:0:0,c8329b3003c6815ebb0b30c244d8028f:0:1794937287,18715bb070e6905e4fa4e5c059b0c544:0:1767855865,1.0
56,2,56,1,legacy,0.0003,0.0,3.7547376291178134,21.39937057690986,0.0165228471159935,0.1498046875,-0.011483159055933357,0.005208567902445793,0.007807478774338961,0.10277733206748962,261,62,189,0,0,0,0,0,0,512,0,0,512,0,0,251,0,0,261,0,0,,0.17116730799898505,8efb4e28d15f82d4152ff197f5d7945e:0:0,fd72ee280c61fa66476ac03aebd4afca:0:0,ada2a6e10b6f83913d4025d3382c8752:0:0,60210d8f3a232b5e2dc850940db20e8f:0:2435174733,8da3b3c529c8e7a19e0c2202d9b4804d:0:4262431997,1.0
57,2,57,1,legacy,0.0003,0.0,3.73705708685141,21.351248952851165,0.012201966717839241,0.0828125,-0.007393585727550089,0.005372954695485532,-0.006682650186121464,0.10412571579217911,251,55,206,0,0,0,0,0,0,512,0,0,512,0,0,261,0,0,251,0,0,,0.17147269006818533,439207be42b66f9910bb1d2d1014b05e:0:0,a4ade715fbce53ed1279010eb062e6d8:0:0,68d7538084d03717f62e9b3b76f1c699:0:0,7da6268798efee2b3969b7cf29cc1a8f:0:1648879944,a12bdb47243ad45cb9521225dd27fd8d:0:1660493097,1.0
58,2,58,1,legacy,0.0003,0.0,3.773452170171204,20.534788718396157,0.015477729961276054,0.106640625,-0.00603341922396794,0.005037939641624689,0.0017810522112995386,0.1009470522403717,261,59,192,0,0,0,0,0,0,512,0,0,512,0,0,251,0,0,261,0,0,,0.1696923249401152,e1c9165ebeebcf23d6d0e25e3c91cc5e:0:0,c16c8dc2136d8b8e571bb22e3fd7f616:0:0,d1cb153757019e66b97f15db867591cd:0:0,2bf206cc4653f04335316dff9926268f:0:3003625690,16ba1aa9b43966bf4ee46423f27fdce3:0:3804427252,1.0
59,2,59,1,legacy,0.0003,0.0,3.719076803041543,20.10379259882029,0.016535386443138123,0.1279296875,-0.006832287460565567,0.005004933010786772,0.005454801023006439,0.10074620693922043,258,43,211,0,0,0,0,0,0,512,0,0,512,0,0,254,0,0,258,0,0,,0.1713457959704101,0e58442960dd26e45a269dc77b4ee85e:0:0,e5117038dedab80c7a6ba8888eb95e48:0:0,64ddaca2dcb16d4c8f06a91cf3587c10:0:0,b590bb98de91b32d415cbab15bc0328f:0:155986572,d093fc6a6b9c229e13f52bff0a8dbd42:0:1836668433,1.0
60,2,60,1,legacy,0.0003,0.0,3.733844497617796,19.764106237198575,0.01497315987944603,0.1220703125,-0.007795019214972854,0.00623428551480174,0.005450516473501921,0.11203232407569885,260,55,197,0,0,0,0,0,0,512,0,0,512,0,0,252,0,0,260,0,0,,0.1713740109698847,2cc4e75df95888a3f80bec04cc4c045e:0:0,7e42d40f922980c0aa42d2c376de3dae:0:0,f0eea42031d4bc0be4705dc598575d60:0:0,d056adfcba6b7ddf53242570719a3e8f:0:680053951,fbfdd02ff51acf4beb4838c345f2820d:0:1121428402,1.0
61,2,61,1,legacy,0.0003,0.0,3.8859196252328827,18.871880711230915,0.006395405158400536,0.0541015625,-0.007216805266216398,0.009888114500790834,0.0013908124528825283,0.1453522890806198,271,52,189,0,0,0,0,0,0,512,0,0,512,0,0,241,0,0,271,0,0,,0.17289555503521115,a2c501cd08e39271946aa9b22f89205e:0:0,c58f7af7ff5a79220862e1298acc6c6b:0:0,eccaa1292184880d8a2bbde07703b40b:0:0,851db98a5b8d6a6340bb75c8dab44a8f:0:1084002422,ea40d3abd4d23b42930c513e27dbbe1d:1:1394648444,1.0
62,2,62,1,legacy,0.0003,0.0,3.7345701058241243,18.95857198505837,0.0042100753635168076,0.1193359375,-0.003795101959258318,0.008987487130798399,0.00257276208139956,0.13667549192905426,267,52,193,0,0,0,0,0,0,512,0,0,512,0,0,245,0,0,267,0,0,,0.1704473450081423,fcfe1b0bec5490cdb5c6f36ba5063c5e:0:0,faf3610ebe67a1cfab5a7f83dae0de65:0:0,cb812a9ea4cc2d6388c93a9c71788fe7:0:0,d6a23042f18916bbcd51b346970e568f:0:2618827572,da3528787b428d009fb1d2eb4c54c9a6:1:334122204,1.0
63,2,63,1,legacy,0.0003,0.0,3.869609603761788,20.2611554908799,0.012100531719624996,0.059375,-0.0042908679693937305,0.008554028649814426,0.0067507429048419,0.1322711706161499,247,45,220,0,0,0,0,0,0,512,0,0,512,0,0,265,0,0,247,0,0,,0.16977941594086587,b3a47e4527d9c316a13f25cd2cc3585e:0:0,85f77b69ff9ddd4a03dcc89cd15f1f8e:0:0,1efcf8ab20c5d382a9a5c1dc96743024:0:0,0d8bd0e129eef909b5112575a6a8628f:0:3608370866,45e844285e1a63e48d42f8151c20dcb6:1:1604936789,1.0
64,2,64,1,legacy,0.0003,0.0,3.981755650882426,16.676220398949226,0.010897747240960598,0.090234375,-0.005859409738332033,0.008533758926205337,-0.0010160007514059544,0.1315372735261917,269,32,211,0,0,0,0,0,0,512,0,0,512,0,0,243,0,0,269,0,0,,0.16778085695113987,09d97726fc0ac234768bdd72c6c0745e:0:0,9dbbd788312a8ce6c0ab3f3d179c3986:0:0,03e2654289ed58b6e69f96c42ba48341:0:0,531b7ff1be1156f0b91f53e209826e8f:0:864550560,b7456a8732bb3777e8b49fc4e6ccaa7f:1:2854134716,1.0
65,2,65,1,legacy,0.0003,0.0,3.8065832389285106,18.618516304559307,0.006131266243755817,0.0375,-0.0022852928843349217,0.007655583904124796,0.00525179086253047,0.12479143589735031,237,40,235,0,0,0,0,0,0,512,0,0,512,0,0,275,0,0,237,0,0,,0.16904559393879026,1a5c381cb0a009854bfff6f872fd905e:0:0,b606e328ff5959383aa5ff81a574c5c5:0:0,2952e9ef9b47eb5e27c78daff4f52d6c:0:0,db536b7370fce03cab9d0617bf9c7a8f:0:968201021,01d7649d137e0a7ab593c2264c21991e:0:3024398011,1.0
66,2,66,1,legacy,0.0003,0.0,3.7305152827326937,19.180164542922284,0.005356234032660723,0.0728515625,-0.006100603891536593,0.007574306428432464,-0.004351321142166853,0.12351271510124207,264,42,206,0,0,0,0,0,0,512,0,0,512,0,0,248,0,0,264,0,0,,0.1665134261129424,c9713ea9406ca2094a888efa317aac5e:0:0,7bbea828c41e5926f1886a25a1971b16:0:0,91c6d4dba20813df37b560104aec06b2:0:0,3dfc24037032ecc67ba643a2c8f6868f:0:3566374068,f5dee3a48d9a8c26f7961ec103ad96bd:1:306703148,1.0
67,2,67,1,legacy,0.0003,0.0,3.8287057558594175,18.555950922927877,0.02331392839550972,0.1423828125,-0.010848269704729319,0.007366993231698871,0.006070238538086414,0.12226630747318268,240,43,229,0,0,0,0,0,0,512,0,0,512,0,0,272,0,0,240,0,0,,0.16580227506347,390f51645235efcec9ad02140237c85e:0:0,920957d249983cd18408eb01be60e495:0:0,7d54495353aafc7280fcada17b3edd96:0:0,b6e625e649b15d994152540f2590928f:0:2404081934,41ff025958dd27a0d1cef0f958d52339:0:77172785,1.0
68,2,68,1,legacy,0.0003,0.0,3.8379542572894234,18.903863816376543,0.0051457639783620834,0.060546875,-0.0042494150111451745,0.008242201968096196,-0.004751631058752537,0.12900638580322266,256,52,204,0,0,0,0,0,0,512,0,0,512,0,0,256,0,0,256,0,0,,0.16789283801335841,b3a795c4aa05a19e6b8eece1e534e45e:0:0,73280ebfc335e9a0cd91a78d94900fed:0:0,8aa3d297a7a93424725be3750cb2a248:0:0,cc744788e9d4215749b3bee8d56a9e8f:0:4281075607,865636bc74324a38ea4a7d6047fff6b1:1:434560580,1.0
69,2,69,1,legacy,0.0003,0.0,3.810256171931,19.936461151428375,0.009587948210537434,0.05,-0.0016578878741711379,0.007940795994363726,-0.014210598543286324,0.12656137347221375,252,59,201,0,0,0,0,0,0,512,0,0,512,0,0,260,0,0,252,0,0,,0.16760090505704284,fd7fba8d7e91c2e738ea2bffda72005e:0:0,ed85f8644e8a6fed9c010c9fc6511288:0:0,d409cac3c0f92b784cc7d2880e7072a9:0:0,43188a60539c5bdf22d84bbbd884aa8f:0:4048576960,d78e2d4c9b6239fc205bb28c42b2380c:1:2902329038,1.0
70,2,70,1,legacy,0.0003,0.0,3.807169081981823,17.820906667202507,0.0023441449739038944,0.008203125,-0.002068398194387555,0.006495036417618394,0.008324243128299713,0.11467307806015015,260,42,210,0,0,0,0,0,0,512,0,0,512,0,0,252,0,0,260,0,0,,0.16531549592036754,ced1ce5e5e56efeabd14dc09e1ef1c5e:0:0,7e67182f40ae514ab2737e1cc50cbc31:0:0,38e8eb083ba87fd1d0a87668e083ef92:0:0,4039de5a05e93130a7c902142edeb68f:0:2277500912,2a56b213c016ca401072e1a3ee82d914:1:3574499604,1.0
71,2,71,1,legacy,0.0003,0.0,3.7393535077659696,19.70587631476519,0.006528613157570362,0.04609375,-0.0017286427319049835,0.007784319273196161,0.0034197447821497917,0.12539036571979523,242,57,213,0,0,0,0,0,0,512,0,0,512,0,0,270,0,0,242,0,0,,0.16575078794267029,13fd108f9000ac2921ff599bfbac385e:0:0,f2f8f13cc9856de81de08daa92ac9915:0:0,d19317edb2c46c98ad7d5c81d4f39394:0:0,0236875a402e33920c8a297dd878c28f:0:247246375,bd6ef34ca519223850efc9c32a6fa245:0:1964973805,1.0
72,2,72,1,legacy,0.0003,0.0,3.7300747032535986,19.25166924993391,0.00509729003533721,0.059765625,-0.0059392070164903995,0.006902597961015999,0.00045673688873648643,0.11826645582914352,244,49,219,0,0,0,0,0,0,512,0,0,512,0,0,268,0,0,244,0,0,,0.16800565004814416,a745dd2f19bbdb0d4c34415227a9545e:0:0,697f5294399f3988019e88595c05937e:0:0,ff7e739ef2eba61aee98ee0f9c69b88c:0:0,9123ff90993374f4ea1b4984d552ce8f:0:1153833895,02e53f6290fd285be9b45545eafeb9ce:0:3947981351,1.0
73,2,73,1,legacy,0.0003,0.0,3.849861056487637,19.232940301208146,0.003174536395817995,0.016015625,-0.002369042998179793,0.007672884245403111,-0.0016000699251890182,0.12451057136058807,248,52,212,0,0,0,0,0,0,512,0,0,512,0,0,264,0,0,248,0,0,,0.1644214360276237,bb30c39cdb0f5ad8f6d86fc865e6705e:0:0,ae31bd3beb0d104cbd5216d47789b8fb:0:0,b4385c32fe93f1ab8f036cc312174e50:0:0,37ca68b69a6b3b9b4a7729b5256cda8f:0:144961002,85c510febceabab061380f1f0a40afca:1:3679783613,1.0
74,2,74,1,legacy,0.0003,0.0,3.794142527843703,19.906277021163987,0.004871758166700602,0.0470703125,-0.005993687687441707,0.007673145597800612,-0.010078373365104198,0.12570646405220032,253,58,201,0,0,0,0,0,0,512,0,0,512,0,0,259,0,0,253,0,0,,0.16269037395250052,4fade1ee64d6c1d0cfab019ab6638c5e:0:0,c6607873dde0cbaa9601bc362a24aeb7:0:0,9cfce37bf5723a27d5419fd9f9f3b4d4:0:0,6166e197526959fcb493d19ac8c6e68f:0:2948559829,7babc9fde0fed8846c2869d053a10a14:0:3447671360,1.0
75,2,75,1,legacy,0.0003,0.0,3.7534089597714217,19.270294734178606,0.00933854840695858,0.0732421875,-0.0018651769496500492,0.007888769265264273,0.006895824335515499,0.12630869448184967,247,54,211,0,0,0,0,0,0,512,0,0,512,0,0,265,0,0,247,0,0,,0.1646894869627431,014dc5ed7afb3da8930553651920a85e:0:0,92d65eee59b9b790344fadb703e51848:0:0,896942dab62dab835f0891b8f86e2e83:0:0,9a3d648a110829eb386288c1bf60f28f:0:783917933,981e7451eaab8c7c39c79f3b2e7e85eb:0:2870170662,1.0
76,2,76,1,legacy,0.0003,0.0,3.764589739085087,18.625324044114677,0.006708906032145023,0.06953125,-0.005215849680826068,0.006146861100569367,0.002455864567309618,0.11228016763925552,261,55,196,0,0,0,0,0,0,512,0,0,512,0,0,251,0,0,261,0,0,,0.16624954505823553,7ad8572e6b86952f27db01c38e1dc45e:0:0,11cab267b3085389be3cb4ec974827d4:0:0,f79d92562e3d4841e4136cb81b34d1c4:0:0,da302ed5bfc72af87acfd6b6093afe8f:0:4292972251,70f563542cef1e768cb6126b442db3b5:0:2351619135,1.0
77,2,77,1,legacy,0.0003,0.0,3.8520107030628976,21.22106397512198,0.009305649437010288,0.0671875,-0.0037994465325027703,0.00862227373290807,-0.007613677531480789,0.13475292921066284,229,69,214,0,0,0,0,0,0,512,0,0,512,0,0,283,0,0,229,0,0,,0.16691687097772956,0118ac65a6ac4c3abbb9e952155ae05e:0:0,f034a4fece5dde54fdc94e396d6a5c20:0:0,cef8fd890eb0f27c44b307941a8b415e:0:0,e4b0183d88ef441ac1c38303a6550a8f:0:3117260567,291346792ce2f27b6ba758742019d578:0:3234901255,1.0
78,2,78,1,legacy,0.0003,0.0,3.755388433018801,19.213768482222804,0.008421110920608044,0.029296875,-0.005010891845449806,0.006554433889687061,-0.0029434305615723133,0.11623863875865936,254,57,201,0,0,0,0,0,0,512,0,0,512,0,0,258,0,0,254,0,0,,0.1626195019343868,28c628ce4364e9d4deca26acaed7fc5e:0:0,5eabe95abe6a850593436a1292fc8fd5:0:0,bee787da0b0b6c7015d75956b57d2953:0:0,5ba6b542c008a8920020953696af168f:0:2667083118,bead71577f26e2b08778159f7bb02b4a:0:3381659949,1.0
79,2,79,1,legacy,0.0003,0.0,3.8355199440953403,18.145903689253373,0.0073929643258452415,0.0556640625,-0.0016464227344840765,0.007457397715188563,0.0024756575003266335,0.12332919985055923,247,55,210,0,0,0,0,0,0,512,0,0,512,0,0,265,0,0,247,0,0,,0.16407422896008939,f963d51d5c3760a69fce166f5a95185e:0:0,38789a348462b01cf0e1e4df2f11618a:0:0,96b8a666078f65de5a280b02849bf3ad:0:0,16b89df33e2e600ce1c554dada49228f:0:532409929,7df0ac39e44f1ef3dfd69d90f5907a12:0:599706051,1.0
80,2,80,1,legacy,0.0003,0.0,3.8678884636376525,17.097549303412052,0.003863131394609809,0.0337890625,-0.005234199436381459,0.005934685491956771,0.005449952092021704,0.10990092158317566,251,52,209,0,0,0,0,0,0,512,0,0,512,0,0,261,0,0,251,0,0,,0.16784101293887943,bffa9a286fcc99a4a82255361892345e:0:0,b290ce4a3a313b13d1aaf3d93983fe54:0:0,1be3d69543e0b6cad74ae007b083dba9:0:0,58abbe66a4cb720dd78b497c71232e8f:0:2708605500,0b5bfb1f63ab7f02110d3e3ffec84f25:1:3331699016,1.0
81,2,81,1,legacy,0.0003,0.0,3.7965765638209756,17.081824784827404,0.004772107116878033,0.087890625,-0.004293836466968059,0.007499156659469009,-0.008281000889837742,0.1242384985089302,248,47,217,0,0,0,0,0,0,512,0,0,512,0,0,264,0,0,248,0,0,,0.16910370299592614,d3f9d20f30e920fb57bdbf9ce8cf505e:0:0,08168d7e3a8f37ba8974741f42e3c7ff:0:0,62c32e50590dbfca84d81a3cf296a538:0:0,8d1b2d58394db49023473aa75b3d3a8f:0:3964539331,9cd720797cd66db331cc5aa9fe34c20a:1:2701509983,1.0
82,2,82,1,legacy,0.0003,0.0,3.6954304783659735,18.68185998130798,0.011950626969337463,0.0435546875,-0.0012641078792512417,0.00788672713097185,-0.001390867168083787,0.12646546959877014,244,50,218,0,0,0,0,0,0,512,0,0,512,0,0,268,0,0,244,0,0,,0.16532578505575657,c18b8f637168f53ae131723fcb4c6c5e:0:0,cd5dd34e48f0111d58a46610fb5b081f:0:0,3987faec4567b4d069053b7687991d46:0:0,442fa8964c5a3dece3c92fe79897468f:0:3182547955,0e33daed465c4d0b7ad45ed6bb75d0c2:1:782037127,1.0
83,2,83,1,legacy,0.0003,0.0,3.855567189958938,17.47234462234246,0.002853225450962782,0.03203125,-0.003446046751923859,0.006471684947609901,0.008958057500422001,0.11435002088546753,231,47,234,0,0,0,0,0,0,512,0,0,512,0,0,281,0,0,231,0,0,,0.16861545608844608,e187007413d978c365a8c9bac009885e:0:0,64bd8d56a15cfe54aba755c023c43178:0:0,aa275fe972d1ff91a44f21c3e808afd2:0:0,1c11864b5f0f7a0020dc70c92931528f:0:511286253,e9a52d90aff89cb1f85bb55987f87e61:0:2141598282,1.0
84,2,84,1,legacy,0.0003,0.0,3.8792222550520616,17.387116487407184,0.005145058035850525,0.03984375,-0.005570673989132047,0.006772988382726908,-0.012637323699891567,0.11709724366664886,271,55,186,0,0,0,0,0,0,512,0,0,512,0,0,241,0,0,271,0,0,,0.16621310205664486,9223778a2f4d857110e962a9c706a45e:0:0,b0f4a9473c2c89222173e1329ac46a5e:0:0,5687daa332d22bd59fff6b564a361cb6:0:0,2376a57078e0e28dd74784d80d0b5e8f:0:49557793,e9fb7f5ad7f29a2fd179995c54e1a5f0:1:549028256,1.0
85,2,85,1,legacy,0.0003,0.0,3.8008491382715963,18.21508941857246,0.003037211950868368,0.03203125,-0.001831989292986691,0.005615260335616767,0.0012435114476829767,0.10689998418092728,269,65,178,0,0,0,0,0,0,512,0,0,512,0,0,243,0,0,269,0,0,,0.1600909320404753,36e1df91d107a288355319a8e043c05e:0:0,a593793c418b4d72fd040a8c95ab1f6b:0:0,e53a73a854498dc8d2e26a98bae4d013:0:0,f14caf0360985ae704cc33a044256a8f:0:1477036594,3ce2aacbdb15456586480fdfec280895:0:2615244117,1.0
86,2,86,1,legacy,0.0003,0.0,3.738055941716107,16.98410456901911,0.008428895846009254,0.071875,-0.005044352216646075,0.005720899114385248,0.0057535553351044655,0.10798660665750504,261,57,194,0,0,0,0,0,0,512,0,0,512,0,0,251,0,0,261,0,0,,0.1666627610102296,1410bf5207965ce167e00b540bc0dc5e:0:0,0da970bb8b06ad849b3b8b0070dcba7b:0:0,05cf38b92c1721a175f29b86828f51e0:0:0,264dcce6ab092eceb42784adce7f768f:0:550057252,8c1f27d00b3a9a431f5f8c55fae0bb59:1:3191555107,1.0
87,2,87,1,legacy,0.0003,0.0,3.8453332219621337,16.280096323725957,0.0033889885526150465,0.03828125,-0.008233769098296762,0.00579825968015939,0.0044529736042022705,0.1082596480846405,274,50,188,0,0,0,0,0,0,512,0,0,512,0,0,238,0,0,274,0,0,,0.16849700396414846,3518640222fec1559c249447497df85e:0:0,08f4725b5d7c069c2aebb1a31b5f58bf:0:0,baa82602c777e52f93c56df82ebbe8b2:0:0,418bda9cd200b49f0911bf8cac19828f:0:907036826,f295c32f76a8b0850f6b63ebbe39f93f:1:3756657740,1.0
88,2,88,1,legacy,0.0003,0.0,3.849824952555436,18.336737579397777,0.006470751482993364,0.0572265625,-0.008527375129051506,0.006001931964419782,0.001936636515893042,0.11024921387434006,250,46,216,0,0,0,0,0,0,512,0,0,512,0,0,262,0,0,250,0,0,,0.16999097901862115,06a15eb45590f96a404f511e997b145e:0:0,89238bd78e5771fe9c0035c985c4ab54:0:0,1a96732251576c9515f5fd1b7e1eafb4:0:0,93ebff5ac60092ae4c3e6bc8dcf38e8f:0:565129666,98cd9cbcc83c77eed683a25ca441c6f0:1:2175923908,1.0
89,2,89,1,legacy,0.0003,0.0,3.744636929090543,17.53711956916959,0.008605348877608776,0.0587890625,-0.005154993152245879,0.0054883810225874186,-0.0070988452062010765,0.10541775822639465,255,44,213,0,0,0,0,0,0,512,0,0,512,0,0,257,0,0,255,0,0,,0.17265580198727548,58e72eb821030a3d59291e75fbb8305e:0:0,b6505853e984120ccc67801347b8fe01:0:0,ae2be47a9e90da62ffc4d9dd05f8c4ad:0:0,a36a9839ad4ea7f3f75c50ee610d9a8f:0:3620487997,c6a4b1954ebab9b09b2bdc5a7bf47462:1:3068631719,1.0
90,2,90,1,legacy,0.0003,0.0,3.9388212717585684,18.355086791541453,0.011934851296246052,0.073828125,-0.00864540080074221,0.006048562889918685,0.003756357356905937,0.11072847992181778,249,57,206,0,0,0,0,0,0,512,0,0,512,0,0,263,0,0,249,0,0,,0.1742105029989034,4d63bdc13b6db5b19e1518e970354c5e:0:0,9516424e5ace9665784e690365ff520b:0:0,0ab726266556748869136ecad436bca9:0:0,690d5c9ac2e697edc11576893867a68f:0:2689357994,0bc3db9157d605710da2ab5ba9b34f28:1:1100504114,1.0
91,2,91,1,legacy,0.0003,0.0,3.785746281522215,17.707188260806106,0.01122333388775587,0.0732421875,-0.0062636232003569605,0.0060756661696359515,-0.013916839845478535,0.11087086796760559,276,50,186,0,0,0,0,0,0,512,0,0,512,0,0,236,0,0,276,0,0,,0.1707428159425035,77b63949d7c77dda95109d14f6f2685e:0:0,bb78a8864aba37f821cb00def6c7db3d:0:0,016102c58c0a4f621366464cdf56b07a:0:0,76e7b61b87d8f9c4a90f24256301b28f:0:650795614,1cc9d287b8c7ac0e10804ab3ca770861:1:3726152496,1.0
92,2,92,1,legacy,0.0003,0.0,3.835676339665779,17.3974270310282,0.00542495446279645,0.0599609375,-0.0028921596240252256,0.004663696512579918,0.010407905094325542,0.09751305729150772,256,35,221,0,0,0,0,0,0,512,0,0,512,0,0,256,0,0,256,0,0,,0.17193942097947001,6678d7517d79caa8aeb347948fef845e:0:0,bd61d160f3a4edd87626002e1264f64b:0:0,b3d8cebf8a4ca05fa3aff719c7d90de4:0:0,31c360c3b9a42ab203e9e14ee0dbbe8f:0:1137910440,990d3bc9153e7ca108ae1aa17167ea8a:0:2710660696,1.0
93,2,93,1,legacy,0.0003,0.0,3.8012271672468003,17.577086337428227,0.0062881289049983025,0.0546875,-0.0012513088528066873,0.00560103883035481,0.0023218421265482903,0.10685856640338898,257,47,208,0,0,0,0,0,0,512,0,0,512,0,0,255,0,0,257,0,0,,0.16830131399910897,0fe53343daac31d5622ef5043b2ca05e:0:0,fbd638177e7f9dd5faa9460fa1fa9107:0:0,d784c74e542630b03bdf87a1ff516cd2:0:0,d71d8f61c012c3a487417591b1f5ca8f:0:3889660815,767f05b9d4441b944dff796b24e373de:1:2235253329,1.0
94,2,94,1,legacy,0.0003,0.0,3.7882660937051433,19.369710017349462,0.006280265748500824,0.048828125,-0.003418912272900343,0.005388445220887661,-0.0068705445155501366,0.1046607568860054,249,61,202,0,0,0,0,0,0,512,0,0,512,0,0,263,0,0,249,0,0,,0.16877262305933982,71ee2a7d3ce1e10f494fc1fff8a9bc5e:0:0,93605368c2b9f9eceb8725d33ca54f90:0:0,4535b5fa6c616f0329cc77f79cb7b186:0:0,f7770355852bb22555ace879d64fd68f:0:383736162,79bb6973ee6fb87c18c8f11d91025c3e:0:4256665865,1.0
95,2,95,1,legacy,0.0003,0.0,3.9341719595421765,16.14332000262948,0.014073492959141731,0.07109375,-0.007429217407479882,0.00516665696632117,0.005040501244366169,0.10228093713521957,281,41,190,0,0,0,0,0,0,512,0,0,512,0,0,231,0,0,281,0,0,,0.1669391969917342,4818768c9b852a663c7c0b23c866d85e:0:0,27cd71b8f82644aa5c679688666dbe51:0:0,8a428e7d4ebeca0bbbcb9338ec5c4d56:0:0,51b3c654e9bff47d0abe81934de9e28f:0:1634674096,fd9d245f42e2089dd191fc5879cb7f60:0:1478078478,1.0
96,2,96,1,legacy,0.0003,0.0,3.640698845445166,17.875287237734483,0.002467390149831772,0.0212890625,0.0002473121043294668,0.005910976347513497,0.003230815986171365,0.10917746275663376,251,55,206,0,0,0,0,0,0,512,0,0,512,0,0,261,0,0,251,0,0,,0.16686761402525008,3d18b5fd5ffd32f76eb46d0baa63f45e:0:0,8b17eeb584564c270f0ee2ce89dbd524:0:0,32a03721e96aab69c97c5d1a52ca3efa:0:0,89b580004921f918c703c86a18c3ee8f:0:2490926565,2c65fe637b7a700c21a7d22fa25ff1b7:0:929151045,1.0
97,2,97,1,legacy,0.0003,0.0,3.675533321427836,17.887334220586126,0.004660021048039198,0.04453125,-0.003950888058170676,0.0053297719219699505,-0.009542075917124748,0.10371709614992142,258,61,193,0,0,0,0,0,0,512,0,0,512,0,0,254,0,0,258,0,0,,0.16511882503982633,a556231d56e9c3d98993c4539ea1105e:0:0,df82ef08529e11f0f167ad1716c96276:0:0,aae54e5488b28652f07f88dc74acf92e:0:0,fdb9b868be92a12f3c05848a36ddfa8f:0:2205710789,a7cf73d0abed9e032bab9fae755648f7:1:1064263147,1.0
98,2,98,1,legacy,0.0003,0.0,3.8402066775793435,18.56071790648457,0.0033269128762185574,0.0181640625,-0.0014613460283726455,0.005732196266762912,0.0031530852429568768,0.10772289335727692,266,59,187,0,0,0,0,0,0,512,0,0,512,0,0,246,0,0,266,0,0,,0.1660662539070472,cc24e2dd76213d48c94f2d97a51e2c5e:0:0,0e4bd6e4a005545993a2b7b3985bb23f:0:0,c0833067881881fd2fd0b60284d2bc22:0:0,f693bbf51eefe6a5b847bd7fa838068f:0:1990210645,a767b30a02c584c151e8605acb3ad2f4:0:2825191339,1.0
99,2,99,1,legacy,0.0003,0.0,3.8646418148222415,17.535498809414207,0.008790523745119572,0.0724609375,-0.004116978030651808,0.00448720958083868,0.003992482554167509,0.09634248167276382,246,49,217,0,0,0,0,0,0,512,0,0,512,0,0,266,0,0,246,0,0,,0.16449136298615485,62199c96630cac1318b60573bddb485e:0:0,0881c8358d62d40aff087e994c687ad1:0:0,4245f833f334bbba22b24e7c7af7aa87:0:0,89d8445dd93125353349bad66cd2128f:0:3984117230,c219fcbd594f882890eb9c833262b777:1:1614703405,1.0
100,2,100,1,legacy,0.0003,0.0,3.865865488684039,17.18995072301368,0.005241135135293007,0.0578125,-0.0034429225139319896,0.004698776046279818,-0.009814281016588211,0.0983714908361435,262,45,205,0,0,0,0,0,0,512,0,0,512,0,0,250,0,0,262,0,0,,0.1689345120685175,d981ee23e4fe01442d31e883e8d8645e:0:0,7c39594caeddba3609b168641d0ccdb5:0:0,19d1db213dc3069b4d87834e3e858a23:0:0,b5bf85c3303d06cf5986041a84ac1e8f:0:248358024,6421e2640d999a368ef16d52ac5eff83:1:3820149493,1.0
101,2,101,1,legacy,0.0003,0.0,3.7897633261241226,17.964295857223078,0.0010574209736660123,0.04453125,-0.0024604333098977803,0.005014778883196414,-0.0008860270027071238,0.1016329750418663,251,55,206,0,0,0,0,0,0,512,0,0,512,0,0,261,0,0,251,0,0,,0.17028518207371235,a9124e74af1c6c11a2c6b3642615805e:0:0,1c94eea94bf5fd4a1289e5bcf7d12b73:0:0,907499c90cd3ef8cd450a32d72775ae4:0:0,7820c62c80a51343987260d7efc62a8f:0:3180128051,88a1f2fbb7b7679e6f5b7a8dd10fa713:1:2578329635,1.0
102,2,102,1,legacy,0.0003,0.0,3.7195974442911695,17.362538167276398,0.006161663215607405,0.045703125,-0.006130371708422899,0.004525382409337908,-0.0014361455105245113,0.09709973633289337,269,44,199,0,0,0,0,0,0,512,0,0,512,0,0,243,0,0,269,0,0,,0.17033263202756643,b67a0b562d82d607181282b075929c5e:0:0,5e2205e82804438a196bd163e173c196:0:0,319120068b58979e2f50d5a1dc051bc8:0:0,d7b9390a84d2e3242a7fd89aae20368f:0:923566423,2ac4e3d212c052728fac6a3b6e55e64b:1:241785378,1.0
103,2,103,1,legacy,0.0003,0.0,3.746987837563374,18.77096165294745,0.012248009443283081,0.0859375,-0.00370603590272367,0.004793244798202067,0.002438516356050968,0.10007090121507645,252,53,207,0,0,0,0,0,0,512,0,0,512,0,0,260,0,0,252,0,0,,0.16605248698033392,c50945ee412c81724a4db304d74fb85e:0:0,7c6c6d0f313bbe60fe8fbf7756ce9d54:0:0,9055999dc380ef39a2417b848e1e8b1c:0:0,fc2e77a1ca32f5eb231ab2eebfba428f:0:3194587806,1285c7c2f535ed80d5173fcc8e340b20:0:209268608,1.0
104,2,104,1,legacy,0.0003,0.0,3.7374092668738257,16.9180938825491,0.005269182380288839,0.0240234375,-0.0011392959859222174,0.004562460305169225,0.006859162822365761,0.09851349145174026,264,49,199,0,0,0,0,0,0,512,0,0,512,0,0,248,0,0,264,0,0,,0.17172763496637344,e22b23ff164bca0f314ae0fd4b4cd45e:0:0,04933bdff70f6d82232aa62eee67b938:0:0,4b4e387c7449fe24fe9f8ce28169947d:0:0,792b9a8dc9e92b5f7aaa776024944e8f:0:3052771136,42a2f80f24cb5a42b925a97c9764d680:1:2361588615,1.0
105,2,105,1,legacy,0.0003,0.0,3.5985481109942095,17.276614617503583,0.007416438311338425,0.0455078125,-0.0010630786418914795,0.004040249728132039,0.002271956531330943,0.09176450222730637,258,41,213,0,0,0,0,0,0,512,0,0,512,0,0,254,0,0,258,0,0,,0.16865017695818096,9c67dabb80a707f41b76e935d189f05e:0:0,4ac78837264c9b29ff61eef56daa47c4:0:0,221c206ed742725c5032dbd21a2b9ffe:0:0,ced6afd8579ae03a1a91ed7adcae5a8f:0:3897839974,f49847922b118bb4bbd40d04cc09821a:0:2053264567,1.0
106,2,106,1,legacy,0.0003,0.0,3.767653257341291,17.53587384490629,0.005133158527314663,0.0521484375,-0.003658745065331459,0.004567753418814391,-0.00483612110838294,0.09644258767366409,255,48,209,0,0,0,0,0,0,512,0,0,512,0,0,257,0,0,255,0,0,,0.16632270195987076,8c2ec29c899794bdc9d8e84a6a070c5e:0:0,556b13b64c511dd3acc05ca29ffa32b7:0:0,a67a7c65d7ce155efa34295c6cdef8da:0:0,c8eb0c6c58daae0ae92f1ccae808668f:0:69839924,9424239d4cf1f235be40020c02d2fce7:1:2322667638,1.0
107,2,107,1,legacy,0.0003,0.0,3.853451675407113,16.398898479813973,0.005588409956544638,0.0453125,-0.0027809328399598598,0.004058954899664968,0.0036182019393891096,0.09082311391830444,260,41,211,0,0,0,0,0,0,512,0,0,512,0,0,252,0,0,260,0,0,,0.16653962503187358,8a104a531b46f2fb8c123ad714c4285e:0:0,333e9110975fbb762db55136be29af1c:0:0,ee14a5fb1f9fb0d57e250ee9efb838a6:0:0,c943c6f5f7c1ce5dd5db4cdc46a2728f:0:579497048,23356d9eafe8803328dea52beddf28bc:0:2399923144,1.0
108,2,108,1,legacy,0.0003,0.0,3.8264796622927006,17.672176326686895,0.005405290983617306,0.01796875,-0.0006078681210055948,0.004621151159517467,-0.010317211970686913,0.09710385650396347,262,56,194,0,0,0,0,0,0,512,0,0,512,0,0,250,0,0,262,0,0,,0.16450239496771246,0e92619af4c617db5c5e7d77d1c1445e:0:0,a7a2e21baa6cc93f45aa63002a42dbae:0:0,c76f7e66c0a6c827f205e766e34c507f:0:0,1dd0858dc343211fe4eb053af87c7e8f:0:569538305,8d47a967a4747a5bb0fb914e7229d68e:0:986428826,1.0
109,2,109,1,legacy,0.0003,0.0,3.7353260135655004,17.934710957354127,0.008961626328527927,0.0556640625,-0.0012369133066385985,0.0051777286687865855,0.002155730500817299,0.1021639034152031,244,55,213,0,0,0,0,0,0,512,0,0,512,0,0,268,0,0,244,0,0,,0.16532147501129657,d6a7d35e529ad715fb938cc8a0fe605e:0:0,5c6026d3417ef1134400b48b675809f0:0:0,fa289649198479f57615fca1ea3da79f:0:0,380daed76fc3d6443bae0d72fd968a8f:0:1932267150,f59ae74d2fd59e63acd9a0e96c2099f3:0:3390717218,1.0
110,2,110,1,legacy,0.0003,0.0,3.7493935969689915,18.1491279279669,0.005452075973153114,0.026171875,-9.16618388146162e-05,0.004995115357451141,0.001088240067474544,0.10083656013011932,256,44,212,0,0,0,0,0,0,512,0,0,512,0,0,256,0,0,256,0,0,,0.16574465902522206,374c0143f75f711b0d218565827b7c5e:0:0,a624fd452b76547d09f1b0417a3e723a:0:0,012374d96a62f43a025067a5ce5bb74d:0:0,e86802882a85baa92c6f6d1055f0968f:0:31188511,19efc6a98b552080f2d2b4bca49f32df:1:2142041544,1.0
111,2,111,1,legacy,0.0003,0.0,3.7783910171304704,16.694936046768305,0.003229481168091297,0.0287109375,-0.0023881238652393223,0.0036696109571494164,0.0035014189779758453,0.08789433538913727,274,47,191,0,0,0,0,0,0,512,0,0,512,0,0,238,0,0,274,0,0,,0.16422450600657612,bd18896b8010437d3312c3ea7638985e:0:0,c1a5b92c62ffbe1bce747520327db185:0:0,25d8a82d2fc47f3942acddf32bed8797:0:0,95b29c93b26f283d42756b9f018aa28f:0:1704930389,0f0edb74b95bd736de3eef5db74cccec:1:1512441477,1.0
112,2,112,1,legacy,0.0003,0.0,3.7885052442999747,18.246651825114668,0.004292468540370464,0.047265625,-0.005919766006991267,0.00441171987913549,0.0012689308496192098,0.09534530341625214,259,56,197,0,0,0,0,0,0,512,0,0,512,0,0,253,0,0,259,0,0,,0.16574915300589055,fc1991c62fa39b9e2a0be4f37c35b45e:0:0,dbdd32d0315c1b23152daea859c45700:0:0,229ad47dc76d83a9cee70407729ed2fb:0:0,bb45718aa8bc99644e0190ab0064ae8f:0:2223416160,c2e1be4dc878f1b9e5db6e472c084f47:0:3490374768,1.0
113,2,113,1,legacy,0.0003,0.0,3.835879343194327,18.79837196101448,0.003744807094335556,0.0744140625,-0.0034837939077988268,0.005028177564963698,-0.0082240616902709,0.1005953773856163,239,57,216,0,0,0,0,0,0,512,0,0,512,0,0,273,0,0,239,0,0,,0.16555217490531504,02efc3249d87ab9ae54bc51c9472d05e:0:0,765d12eee2b237016822dc29358f7335:0:0,a3d81d97dddab711441825fa5a890dd7:0:0,bab969ffcc27df9c7050a3c0527eba8f:0:687765861,d0c72ee743252b8e8e1761bf56e10253:1:83198300,1.0
114,2,114,1,legacy,0.0003,0.0,3.8311089335671773,19.283045687271283,0.0076645296066999435,0.0470703125,-0.003972979262471199,0.003762461431324482,0.009638042189180851,0.08710231631994247,243,53,216,0,0,0,0,0,0,512,0,0,512,0,0,269,0,0,243,0,0,,0.16798882593866438,ecb468bbf2a2a177aaab8101beefec5e:0:0,f0513b848efbc9e4cc9e7f3c5a9e5d1e:0:0,5a53ffa4361da57fecc674fb1364fc9e:0:0,33c666151110fd63279aac6af7d8c68f:0:3200337356,02a54aa9123b9dad460798f7c8fc488f:1:1151521374,1.0
115,2,115,1,legacy,0.0003,0.0,3.872169840460269,16.986057750847294,0.005231635179370642,0.057421875,-0.00685482332482934,0.0036154223023913802,0.00037979683838784695,0.08527147769927979,255,40,217,0,0,0,0,0,0,512,0,0,512,0,0,257,0,0,255,0,0,,0.16400096891447902,c154af8fa070e08c2e9e753efbad085e:0:0,3822c7930e56ecd917426afd79394c23:0:0,666a90ee56f28da3d9bbb9987330326e:0:0,90c6a19cc934a35a5b12f236f072d28f:0:2744411933,7bd9b607a45cdb8ee51cb8cac2aa8d73:0:2614713334,1.0
116,2,116,1,legacy,0.0003,0.0,3.894917391560301,19.073329895701363,0.0012351780897006392,0.0279296875,0.00043510827235877515,0.004334294947329909,-0.004761253483593464,0.09338999539613724,249,52,211,0,0,0,0,0,0,512,0,0,512,0,0,263,0,0,249,0,0,,0.16289316094480455,6674a3d6bddd5d2fb0323e704aaa245e:0:0,0455515ea3355dc1cc12b52b447e5580:0:0,b4cf20150de7ac86053346f58aaa9fed:0:0,3c122c864d7c50ad66e7fcb03c4cde8f:0:474265067,f0c37879f2617bb6c94f3e12cf84100b:1:2563008179,1.0
117,2,117,1,legacy,0.0003,0.0,3.8800790164701198,18.4150858116368,0.0017502829432487488,0.0384765625,0.00029010227881371976,0.004103638627566397,0.0021801036782562733,0.09108138084411621,264,49,199,0,0,0,0,0,0,512,0,0,512,0,0,248,0,0,264,0,0,,0.16287273599300534,05a1491e75701aa5150eb931abe7405e:0:0,42298a05ceeead692a0ec29c3a3f4372:0:0,4e9f0eed2d6276df6287996664cefe1d:0:0,f5047298dc7416b628439362db66ea8f:0:3930001360,a20db4299ea86c2667b4226bd3c313f9:0:1112370047,1.0
118,2,118,1,legacy,0.0003,0.0,3.750327967074254,17.382873624097783,0.009196287952363491,0.080859375,-0.002083756634965539,0.00392316080396995,-0.0036489064805209637,0.08912026882171631,253,43,216,0,0,0,0,0,0,512,0,0,512,0,0,259,0,0,253,0,0,,0.16327095706947148,31eb0495306ecb470576021f1f645c5e:0:0,37b9542d236d4b7f3e3764b5c500a8fc:0:0,9d2db2860944e4f2a82964f8dceeeca2:0:0,ee4d20ca9ff1ffe2094abddacdc0f68f:0:3774063114,03ebff70d2f994de99e3628b0467dd32:1:2584255995,1.0
119,2,119,1,legacy,0.0003,0.0,3.8078554173673917,16.740894007261886,0.005748886615037918,0.107421875,-0.0030213894322514536,0.0036940775229595602,-0.004510309547185898,0.08630018681287766,258,40,214,0,0,0,0,0,0,512,0,0,512,0,0,254,0,0,258,0,0,,0.16408553707879037,712e87946a8b92f4084475d4a521785e:0:0,d8b618036ab084ce1facee726050214d:0:0,0ccdf31b8976ccba6cb3c3043bd15274:0:0,b56d15cd0c7b19d70d1dc3a4135b028f:0:3007904000,50298fade134f6046ac8d4b313f76c1f:0:966898606,1.0
120,2,120,1,legacy,0.0003,0.0,3.8963665645259877,18.113039606453185,0.0026348154060542583,0.022265625,-0.0013886752072721719,0.0036648924462497233,0.007489184848964214,0.08650599420070648,257,50,205,0,0,0,0,0,0,512,0,0,512,0,0,255,0,0,257,0,0,,0.1654309220612049,ce9a7b2959bdebba9ef0b0ee3d1e945e:0:0,22dc6c3b2db3235e4e065953544e8fd3:0:0,c6d968f96686439f4c3be1f1502f03f5:0:0,502f76b30cf222d8dbd82c4aac350e8f:0:1925544127,e038824ca7f7454e7ca26f6e5de09e51:0:2599232250,1.0
121,2,121,1,legacy,0.0003,0.0,3.6206221517391306,17.24112725370901,0.002667834982275963,0.071484375,-0.0018853534013032914,0.0031049305805936457,-0.008589982986450195,0.0803980603814125,267,47,198,0,0,0,0,0,0,512,0,0,512,0,0,245,0,0,267,0,0,,0.16499076690524817,f6a35c06d5e1acc5618b9007e75bb05e:0:0,1757927b8e94a08b47ab8119457fced8:0:0,e7e14dbdc7e5de7b8f606e79ff3ef08d:0:0,73ce77e0ad1bda6dce90bf5a984f1a8f:0:1431047723,a7de4213f9d37736018267283265beed:0:2649086820,1.0
122,2,122,1,legacy,0.0003,0.0,3.6661445987981782,18.370660910605352,0.005465131718665361,0.0369140625,-0.004931464372202754,0.003746595873963088,-0.004231818951666355,0.0872604101896286,257,52,203,0,0,0,0,0,0,512,0,0,512,0,0,255,0,0,257,0,0,,0.16422744700685143,42d540f52bb833871ac02fbda3d8cc5e:0:0,41c1a078480b48686b437e2e27b9753f:0:0,e08951a186484b72ac19e8aeaeae04ac:0:0,2d82edbf3584f543fb59845fd7a9268f:0:2040191853,442abd985f9405e28a8a9be97667a518:1:3497879376,1.0
123,2,123,1,legacy,0.0003,0.0,3.7402162371602934,17.802805207975325,0.0062339287251234055,0.064453125,-0.0023040234576910735,0.00403233957476914,-0.0009852820076048374,0.0898454487323761,253,56,203,0,0,0,0,0,0,512,0,0,512,0,0,259,0,0,253,0,0,,0.16419884795323014,400cac7ec6e7af26e3d3ecab7295e85e:0:0,3fd58df7eadc898f651c550ecde83dae:0:0,a3586d090c106985a7fd5774ef9288a9:0:0,b8bd47fbeb55b456413fc2e66a43328f:0:343278682,c668da5b4be541da19b1159a7df51bce:1:3890256648,1.0
124,2,124,1,legacy,0.0003,0.0,3.7915901993975147,17.24921948554652,0.002979861106723547,0.053515625,-0.0031814792891964316,0.0032649376546032725,0.0030961132142692804,0.08098802715539932,269,47,196,0,0,0,0,0,0,512,0,0,512,0,0,243,0,0,269,0,0,,0.16531320905778557,cdd40d42de948e2c40a6636d5393045e:0:0,c44ec6312edfb8a3bb67402e29b3600d:0:0,b9b114a337928a790975a6bfb94cc8a7:0:0,87763562e69f1f51544c027a501d3e8f:0:1530990831,4212210cec96aaf103821b4000d34f49:1:3854057872,1.0
125,2,125,1,legacy,0.0003,0.0,3.8902198954269274,18.76730596299012,0.0028343903832137585,0.028125,-0.00035594142973423005,0.004288899595849216,-0.0030508285854011774,0.09257912635803223,239,55,218,0,0,0,0,0,0,512,0,0,512,0,0,273,0,0,239,0,0,,0.17144591896794736,2c332f0190310e6b3bb1709f46d0205e:0:0,d28b0ef7bcb3f646a914d7e3e2958dbf:0:0,6a6d1feed8ec2c2ddd4d4457738d78d8:0:0,a024d5b2b1ade238c9820aa789374a8f:0:356031144,726a55d1774ae261559544449fcfdc37:0:2287199586,1.0
126,2,126,1,legacy,0.0003,0.0,3.685791511712295,17.93522201523956,0.004172369837760925,0.047265625,-0.00144260807428509,0.0030208023614250123,-0.001989365089684725,0.07773660123348236,257,46,209,0,0,0,0,0,0,512,0,0,512,0,0,255,0,0,257,0,0,,0.17778705398086458,5868991f141eef30820930dd4c4d3c5e:0:0,67db500a3def6440463e91777efbeddf:0:0,0cf4468177247d541c687380cfda3ee7:0:0,5e381210a3eece4c22e0e2fa1591568f:0:4281435897,ccea4beedce8f3064fbfdfa075886e91:0:2995377452,1.0
127,2,127,1,legacy,0.0003,0.0,3.822596525341341,19.550722342125937,0.0026601599529385567,0.0671875,-0.0037286534439772367,0.003154378896579146,-0.001903051626868546,0.07945352792739868,237,60,215,0,0,0,0,0,0,512,0,0,512,0,0,275,0,0,237,0,0,,0.1709358460502699,2b0aae05f7bf45ad7f5c00c3640a585e:0:0,c412e74c0ae272fb07a8481f425604ca:0:0,d280fda20058e63aa0b569477723ee18:0:0,48b074112af0fe2bdb62d2fdf52b628f:0:3878233332,e00262331b683e1af8eebdc0921b59c4:1:3974099849,1.0
128,2,128,1,legacy,0.0003,0.0,3.8750387585553923,17.39846613342877,0.009460954926908016,0.0734375,-0.0045128549914807085,0.0034629176836460827,0.0019779889844357967,0.08324801921844482,260,46,206,0,0,0,0,0,0,512,0,0,512,0,0,252,0,0,260,0,0,,0.16829762794077396,f52f517a888c73a479f27ced8e07745e:0:0,215030072a9e3584284f9fd6b5c08003:0:0,5b883b9f5d75d7580af8e0786bb863db:0:0,09e79e9274119d3e72fd623f28056e8f:0:1590083371,66fd5a794f4e5b3e67c8f3d0fa3a962f:1:3127281792,1.0
129,2,129,1,legacy,0.0003,0.0,3.9459703486453206,17.157030720133548,0.004260217770934105,0.028515625,-0.0012237827526405455,0.003140044887550175,9.186402894556522e-05,0.0793393924832344,265,38,209,0,0,0,0,0,0,512,0,0,512,0,0,247,0,0,265,0,0,,0.16930025001056492,10b4ea9bdbda4054aeaf81f7ca44905e:0:0,15f172d593345dee80b664cc2d82cfbe:0:0,230b70eff22d349a6a9caeb3cbdedc64:0:0,8ef262f3295d52557aa15849ae1f7a8f:0:1357399323,acd402b4dba8165ac5f06130f90c8479:0:1887720594,1.0
130,2,130,1,legacy,0.0003,0.0,3.761081359792689,18.259269964011082,0.008417626842856407,0.0650390625,-0.0055258912732824685,0.0035375798353925346,-0.008043356239795685,0.08417042344808578,251,54,207,0,0,0,0,0,0,512,0,0,512,0,0,261,0,0,251,0,0,,0.1699294060235843,2bdec0f91ed813a66d102c7e18c1ac5e:0:0,6289a2cb470e0decda7c4195fb99a6e8:0:0,28e2c81df7f0d13925a180302d5474ce:0:0,e79a507a34334d92a03abca98779868f:0:3497421273,6b4d8fdd4774827922b5bfe59394014d:1:941673746,1.0
131,2,131,1,legacy,0.0003,0.0,3.8157873412141274,20.407234540913066,0.006835599895566702,0.03984375,-0.003735912055708468,0.003866425307933241,0.005810627713799477,0.08784885704517365,249,69,194,0,0,0,0,0,0,512,0,0,512,0,0,263,0,0,249,0,0,,0.17237286898307502,3c68facc1a715397332bd91c797ec85e:0:0,c0788e8b00fffd4917fb9e89a9fbf720:0:0,fc3e6206783f925481d8c547028616c0:0:0,9ceb8b0fb835f98cbab0d6eab413928f:0:3390590166,602087276c64a85a51c739fdec2cfd86:0:1213586481,1.0
132,2,132,1,legacy,0.0003,0.0,3.710057919565661,19.432339439046586,0.011379150673747063,0.042578125,-0.002692433737684041,0.00341273401863873,-0.0035128556191921234,0.08271405845880508,236,56,220,0,0,0,0,0,0,512,0,0,512,0,0,276,0,0,236,0,0,,0.16985965508501977,2c45e51416a7e3e5c9b4246eec7be45e:0:0,37a2920f626187cf195e016d72f8d6a1:0:0,8515f4c8edbbe2ab41b27583c672a376:0:0,cf03b1b2b9154fb4d5e62e9933ed9e8f:0:3018158431,ac75b9645ce1cbd673b14849aadd45a6:1:633259921,1.0
133,2,133,1,legacy,0.0003,0.0,3.807642278769399,16.9659770119722,0.010591436177492142,0.0361328125,-0.0020020697731524704,0.003174695430789143,0.005071217659860849,0.07980722188949585,267,49,196,0,0,0,0,0,0,512,0,0,512,0,0,245,0,0,267,0,0,,0.16997832397464663,ac9eacf68904c7fe5ff4eb1171b9005e:0:0,a9c4ddc1f6b8c1818e43b0208ba2a34d:0:0,f29df54e338d010ccc08daff3ff72150:0:0,766ea4621dbecffb3eb88b410707aa8f:0:3586861986,0b3d764ade2e261b9f8f3fbc336aa242:0:1697419901,1.0
134,2,134,1,legacy,0.0003,0.0,3.788981435649446,19.53569771411594,0.013963550329208374,0.065625,-0.004941075574606657,0.003632086340803653,-0.002338194288313389,0.08578513562679291,234,49,229,0,0,0,0,0,0,512,0,0,512,0,0,278,0,0,234,0,0,,0.1722727440064773,5cb54c7539bae726a7d449a009361c5e:0:0,994330133ff50751aafe07e182a9cc6d:0:0,830f9ddc4aa5be8ed064c26c04ed87f0:0:0,952e0c7b037f1bb48f00f46e2d61b68f:0:2842752361,131691caa742911a5891db7b3ba912e7:1:3568858283,1.0
135,2,135,1,legacy,0.0003,0.0,3.8046391525062315,18.139365854611356,0.0021451085340231657,0.016015625,-0.0011692557949572802,0.0034333109972067176,-0.0035415785387158394,0.08287281543016434,256,46,210,0,0,0,0,0,0,512,0,0,512,0,0,256,0,0,256,0,0,,0.16776632296387106,cc242333cb17f2e9f1d29cb6b2f3385e:0:0,a0c933e98951b38fddf8c540d568b46a:0:0,b4d3c55ecc8abd1b541ace0eb95bddb8:0:0,eac8a9d993a133beb993b1aca6fbc28f:0:3603307853,7b8423ff5e29e35fb36e17505551e2b3:0:769656755,1.0
136,2,136,1,legacy,0.0003,0.0,3.8831002582745144,17.75032889266015,0.007166251074522734,0.1025390625,-0.007535295281559229,0.0038342586834914983,6.350199691951275e-05,0.08770100772380829,250,44,218,0,0,0,0,0,0,512,0,0,512,0,0,262,0,0,250,0,0,,0.16682069201488048,04f186b0cedf6fc5490a80f16ef0545e:0:0,d6b4a1ea0d0a0a6e637816baa42dcce0:0:0,d2702270c426963004d34b4d51f1318f:0:0,d0ae9254ce1759e616404a8873d5ce8f:0:3985492956,32ca53b4d4d18ced0641e8693b625ce2:0:15943867,1.0
137,2,137,1,legacy,0.0003,0.0,3.736333427476455,18.570718368934536,0.0021254820749163628,0.06328125,-0.004620421747677028,0.0034715838031843306,-0.0006300067761912942,0.08355681598186493,243,53,216,0,0,0,0,0,0,512,0,0,512,0,0,269,0,0,243,0,0,,0.1674239889252931,6c428400d52be0138f30d2ec3d2d705e:0:0,483e707bfa27178f85a80a093a01875f:0:0,b725ab4fe2f668ed9cc8bbc09b7772f8:0:0,341fc878fbb9958a6dd1868d93efda8f:0:2016071282,4d9b8358517c85a96844f5dc172c4e1c:0:427205819,1.0
138,2,138,1,legacy,0.0003,0.0,3.7553178803424214,19.56195425530325,0.00487583689391613,0.0466796875,0.0010784269310534001,0.003366578312125057,-0.005090393591672182,0.08233354985713959,266,58,188,0,0,0,0,0,0,512,0,0,512,0,0,246,0,0,266,0,0,,0.16588850400876254,1a6817c4207211399894af431daa8c5e:0:0,b276b726061b2fff4808787d97420ef1:0:0,ca6705ab9f05fc5b35b0fdfd0e30a2c2:0:0,23d2d1afbaa5db84060d6d480749e68f:0:187031484,67b6389c8c6c56e36b004787e1372963:0:2915024902,1.0
139,2,139,1,legacy,0.0003,0.0,3.7819533342620053,18.240563309592517,0.010334033519029617,0.045703125,0.0007483111694455147,0.0035183388623408972,0.00463994313031435,0.08440888673067093,270,45,197,0,0,0,0,0,0,512,0,0,512,0,0,242,0,0,270,0,0,,0.16512104601133615,7ecd47b9ea428b12481f72921067a85e:0:0,09fa467a5688d9b5457a75f5ec12597b:0:0,62e40ac558cde81c50e85baefe357beb:0:0,0d19434fd74dd948adb54643cde3f28f:0:4095049889,1c358834fb3ca6c1c4e451f5edede021:1:3249644467,1.0
140,2,140,1,legacy,0.0003,0.0,3.753795463873292,18.860350322072605,0.0019000378670170903,0.0314453125,-0.0012098345439881086,0.0034758212976157667,-0.007644915487617254,0.08420947939157486,255,46,211,0,0,0,0,0,0,512,0,0,512,0,0,257,0,0,255,0,0,,0.1671270050574094,6c32cbfe6465219aab54b9751564c45e:0:0,f451f5f4c525bcb867f72076926d17e4:0:0,4ea8096b2b0de4aec5edd3f7fa6caaf1:0:0,8170995a64be6350c885990ce7bdfe8f:0:2198052319,a4546195d62f082b889003e62df9fed8:0:972942203,1.0
141,2,141,1,legacy,0.0003,0.0,3.6010261653154125,19.60822693024653,0.009042625315487385,0.05,-0.0022783733438700438,0.004221104003954678,-0.019251126796007156,0.09356626868247986,252,51,209,0,0,0,0,0,0,512,0,0,512,0,0,260,0,0,252,0,0,,0.16598172800149769,b7e654aae1eaa8de165260882ca1e05e:0:0,472c63e139a46895aea158ce60fa5dcf:0:0,a3048e5b0fadda0b086417f93454b9f3:0:0,258e10f5c6ac86bc5b362d2f54d80a8f:0:431971358,ba7ca4a0fdda7672255bb46c5f9751ba:1:1127385396,1.0
142,2,142,1,legacy,0.0003,0.0,3.806960860766779,19.202598580892527,0.00529374647885561,0.0396484375,-0.0018616143381223083,0.0031985711539164186,0.001143928966484964,0.0803067684173584,252,45,215,0,0,0,0,0,0,512,0,0,512,0,0,260,0,0,252,0,0,,0.16484440804924816,9d7ff339d3d0cb223fd08467561efc5e:0:0,9468d32c22d3d8f5afe704a58848e33c:0:0,9929dc1e8717150c00406e576184e5db:0:0,3144b4029fd43e38177a0a371532168f:0:2339529707,1b2ea1e46827f105975c7ff046d86744:0:103926648,1.0
143,2,143,1,legacy,0.0003,0.0,3.7988459895148887,18.312559671926465,0.008710617199540138,0.0478515625,-0.004845818132162094,0.0034389479435048996,0.001452274271287024,0.08307251334190369,249,44,219,0,0,0,0,0,0,512,0,0,512,0,0,263,0,0,249,0,0,,0.16480316000524908,4a67c5ba84d401535d2181ae91dc185e:0:0,507cfb7cde0ff0e6ce5c97038cd34c70:0:0,681db09dea9b735900afa4e5c8caf305:0:0,9f654271d734ca2267ff77b028cc228f:0:2214588881,6508821eec52ad944fe18ca635321d4b:1:2958585749,1.0
144,2,144,1,legacy,0.0003,0.0,3.651707495055734,18.172087232466083,0.006300272885710001,0.0615234375,-0.00011572527000680566,0.0037552348105236886,-0.0010847304947674274,0.08729048073291779,265,45,202,0,0,0,0,0,0,512,0,0,512,0,0,247,0,0,265,0,0,,0.16584975994192064,8338b48ac00badb03e31f4f9dfd9345e:0:0,841c08d7ed801b5bbc35c137aec4e9a8:0:0,76c733753a76d54e23a47837f1f30952:0:0,c928314e26b6abf07c6ffd268fa62e8f:0:4078578244,d08650ade8f93849fcd1e998038f9b12:0:2073255607,1.0
145,2,145,1,legacy,0.0003,0.0,3.7448783752228256,18.5376409500833,0.014692377299070358,0.10546875,-0.00468961400911212,0.004044179373886436,-0.004706293810158968,0.09071725606918335,272,57,183,0,0,0,0,0,0,512,0,0,512,1,0,240,0,0,272,0,0,,0.1666212190175429,7342e1f6cdec58b66988bae54016505e:0:0,8d656987ff78b00821cac5a9d283cb5a:0:0,6a348bb8e733802e0b9ec3756b1eeba9:0:0,9d128eb6e5c744d35570622649c03a8f:0:559419132,de148b7ea88423f0ff6157cb0a80417b:0:3954797380,1.0
146,2,146,1,legacy,0.0003,0.0,3.6806785369016115,17.88350436042947,0.003870065324008465,0.0189453125,-0.0006741897552274168,0.0031086067436262967,-0.0007872650166973472,0.07903014123439789,254,37,221,0,0,0,0,0,0,512,0,0,512,0,0,258,0,0,254,0,0,,0.16447538696229458,963955ca734c104e3846f00cb2936c5e:0:0,17a051314383ec329a859516f0316cd4:0:0,86eced013130287df9d2d59ab11aa610:0:0,e0d73d550276179cd0a0ae3b571a468f:0:2006150741,bf9641b1bc349eef3f20006399315844:1:2208582155,1.0
147,2,147,1,legacy,0.0003,0.0,3.7632481857198066,17.421152920957184,0.007768472656607628,0.0626953125,-0.004960226779803634,0.0031283940421417355,0.008828004822134972,0.08037785440683365,276,42,194,0,0,0,0,0,0,512,0,0,512,0,0,236,0,0,276,0,0,,0.1640987079590559,7fba7587de04e936f227f10c3750885e:0:0,7afcd7c2d57830e135af2ed0cc7ef09a:0:0,10d6f36a7a5a224efcb3680e172bbf3c:0:0,ebb6a91e5b9fade4b49c28f1b7b4528f:0:3399515131,ce4f947cd69ce7d0adcfada08a35d905:0:121342869,1.0
148,2,148,1,legacy,0.0003,0.0,3.9100911969040473,18.555797787749384,0.004209672100841999,0.116796875,-0.006591547001153231,0.0035983168752864005,-0.008303512819111347,0.086064912378788,266,44,202,0,0,0,0,0,0,512,0,0,512,0,0,246,0,0,266,0,0,,0.1635574500542134,3e21fca3aad1a2b2e9815a7fce4da45e:0:0,e7da0ff7a5762c68e9a49344a5a5fc2d:0:0,a17264cb0a8c0b3c148849688999a8e6:0:0,f68fd286eeb2206dbcf959d56b8e5e8f:0:1404328604,8d8f46c9b741efc2325eda2ee38f269f:1:3935951147,1.0
149,2,149,1,legacy,0.0003,0.0,3.699139219462464,19.556766419037785,0.004064331296831369,0.030078125,-0.0013931280467659236,0.004120986280031502,0.0002835803898051381,0.09193310141563416,254,51,207,0,0,0,0,0,0,512,0,0,512,0,0,258,0,0,254,0,0,,0.16339406301267445,682d66cf70006c7397430903778ac05e:0:0,2c1251528650a04819e61464e1781886:0:0,619674ae2a194f260ee08040aa772721:0:0,7376548a8b9742caa64a087272a86a8f:0:2482144349,5d3277d877bfb82c706dab8969f87e52:0:2408381530,1.0
150,2,150,1,legacy,0.0003,0.0,3.6989368047043554,18.090712249988883,0.00442458176985383,0.103125,-0.0038246525917202236,0.0030583232059143485,-0.0013676767703145742,0.07820243388414383,257,47,208,0,0,0,0,0,0,512,0,0,512,0,0,255,0,0,257,0,0,,0.1670133830048144,c1b119067897cec5b6f719333307dc5e:0:0,de21dda1a1a1a4d7323e35fcb7e4eb08:0:0,f17c5be839f4eb347874fd7db7a0e090:0:0,cb71dd45015072433a1b3c54cd02768f:0:3091493652,04e1d0b7a96c2e3f519d5361dd4e9cb3:1:717111787,1.0
151,2,151,1,legacy,0.0003,0.0,3.793180947552855,21.00950226121512,0.0020855916664004326,0.1119140625,-0.0072390326298773285,0.0035221618483774362,0.008512858301401138,0.08386361598968506,234,67,211,0,0,0,0,0,0,512,0,0,512,0,0,278,0,0,234,0,0,,0.16477886796928942,fd2d0cba9b89b4fd62c1e7ab00c4f85e:0:0,27c9a0ac7f257a21725ea17c67de51c6:0:0,3c4be7e359ef0847529f2ea4e1e27ff5:0:0,594c7019f5d007f95af53d087a9c828f:0:840292366,0c47a4b7479d386696eb44e2b5d5b4d7:1:861248522,1.0
152,2,152,1,legacy,0.0003,0.0,3.6073192264771214,19.80863152522261,0.012554283253848553,0.1150390625,-0.005220295488834381,0.003227297717239708,-0.0008750804117880762,0.08039651811122894,245,47,220,0,0,0,0,0,0,512,0,0,512,0,0,267,0,0,245,0,0,,0.1184211140498519,a8bb53295a909a222f621106e0c2145e:0:0,09b345d282c2c8cb0e88d1c6211e0732:0:0,63c92e012243e691d180f2569732b779:0:0,6f45b3b8db9c6e4e105b92197b768e8f:0:492574767,40d3e9554f88778743abe477df40eefc:0:2574975864,1.0
153,2,153,1,legacy,0.0003,0.0,3.9206391707643684,17.87126076161769,0.004881873726844788,0.0265625,-0.0020136048551648855,0.002675229252781719,-0.004312876146286726,0.07330801337957382,274,45,193,0,0,0,0,0,0,512,0,0,512,0,0,238,0,0,274,0,0,,0.14038672298192978,fed9758bb452d7db483071e2d2ff305e:0:0,5072c17575f3e33f22fe2ee0c5c301ae:0:0,5892d64a43381edee8d063834072dbab:0:0,9e628594b7c8d98692cd0313cf909a8f:0:250654854,c4bc1725f655e45f8d8e609a5fc3c8e4:1:1004524747,1.0
154,2,154,1,legacy,0.0003,0.0,3.8283055608395014,19.79614770519902,0.008229605853557587,0.0474609375,-0.0022408196004107595,0.003398215025663376,0.0012898175045847893,0.08271349966526031,262,54,196,0,0,0,0,0,0,512,0,0,512,0,0,250,0,0,262,0,0,,0.1371622869046405,512f817d5568179b8b2026dad77c4c5e:0:0,fe61d76f629dabc0738e37cc94459d17:0:0,729e3eab49a05ac2065df20bc2ac4144:0:0,44210fb2aacfa3b157c3978376eaa68f:0:2191460849,7a3a54d064369fde966804da2156550a:0:360917843,1.0
155,2,155,1,legacy,0.0003,0.0,3.8815046937631523,19.180509862002282,0.004087232984602451,0.0509765625,-0.0018398822285234928,0.003519545239396393,-0.002402728423476219,0.08401088416576385,263,50,199,0,0,0,0,0,0,512,0,0,512,0,0,249,0,0,263,0,0,,0.13687585794832557,46f477a213dce60da4be8c8aee39685e:0:0,167f37f117ded94b5430997abc8c4fcf:0:0,3c3a8972c3fbed33de51f9efec9ed2ae:0:0,89daacfd6eda4bcb1db496f47184b28f:0:1205321297,8ef072885a3da601e7beea8a449f7070:0:1137990350,1.0
156,2,156,1,legacy,0.0003,0.0,3.718750841975873,17.51151706845917,0.006498655304312706,0.070703125,-0.005672037787735462,0.00291584626538679,0.010772252455353737,0.07677954435348511,257,48,207,0,0,0,0,0,0,512,0,0,512,0,0,255,0,0,257,0,0,,0.1419907360104844,6427d53ae0d068c02c333f8f1736845e:0:0,36e6b0159a31affc7de6d72c275424d3:0:0,f0214f5f877d008cdc14b8187d5bf6d4:0:0,734e03973e031823f81088f2bf5ebe8f:0:366635720,655e5801076361117503c51ee5c90b3f:1:1429542664,1.0
157,2,157,1,legacy,0.0003,0.0,3.6746169942723617,19.149117072656452,0.0024644779041409492,0.0681640625,-0.002970622736029327,0.0034053116687573493,-0.00028134905733168125,0.08254524320363998,245,51,216,0,0,0,0,0,0,512,0,0,512,0,0,267,0,0,245,0,0,,0.1379241329850629,74cb10059bc83611bf401c835273a05e:0:0,d5c538b6982ab0fd6aad1f2e68c9e36a:0:0,cac157179f54f2906e9909e131e5c113:0:0,4aece3eed31c5c045b43350a6078ca8f:0:631424107,0a3d363eb9289bfe6cded6a3e088a67c:1:2579036199,1.0
158,2,158,1,legacy,0.0003,0.0,3.78991435552588,17.598026534746314,0.004678376019001007,0.027734375,-0.002518396358937025,0.003089079121127725,0.0027161294128745794,0.07857158035039902,269,40,203,0,0,0,0,0,0,512,0,0,512,0,0,243,0,0,269,0,0,,0.13860597589518875,b9d4166d73564f5d1e4140039ff0bc5e:0:0,0695b8996aae7a362c5546f024783716:0:0,03a5a277ae3884fcbe9265ea9b53b014:0:0,9ddaaea77789609228b3a2c754d2d68f:0:3225859948,388d2e2715c90392437bb0e280ce344d:0:3749572570,1.0
159,2,159,1,legacy,0.0003,0.0,3.7431595335083823,19.232076889114325,0.011430123820900917,0.0685546875,-0.002809859998524189,0.004271843074820936,-0.0037180257495492697,0.09253371506929398,253,59,200,0,0,0,0,0,0,512,0,0,512,0,0,259,0,0,253,0,0,,0.136253657983616,46fb3cbbbead3d65482d06abffadd85e:0:0,6694d647279698c8a85a66802ccabb80:0:0,b0d858bad6d9053cb24cd3e28814576a:0:0,024942af50b4f0f5bac419b59c6ce28f:0:3096271642,84af26a33a4bee348a786278cd6c96bd:0:4220763204,1.0
160,2,160,1,legacy,0.0003,0.0,3.676156189215104,20.823027233508995,0.010896091349422932,0.0607421875,-0.0021852618549019097,0.004125975212082267,0.0011080256663262844,0.091009721159935,232,67,213,0,0,0,0,0,0,512,0,0,512,0,0,280,0,0,232,0,0,,0.10385288402903825,130b72a37bbe4f0196940d1871aaf45e:0:0,97b8a134328c0f6eb3d95be4cb1b64a6:0:0,4681afb4c9144d83bd02ae583df71c20:0:0,0453c02a5fb189bef0d221613746ee8f:0:4198559909,7c05346c970232c5a2353cb8ff2f9c8b:0:3495648413,1.0
161,2,161,1,legacy,0.0003,0.0,3.743704538394246,19.245400056300355,0.0038206158205866814,0.0595703125,-0.001931616012006998,0.0037264453247189524,0.011022962629795074,0.08620094507932663,245,65,202,0,0,0,0,0,0,512,0,0,512,0,0,267,0,0,245,0,0,,0.1033894750289619,023b2b2bdd7dfa09d9a12fe4f5e8105e:0:0,8e4801255e231b464147a73025483d3a:0:0,faebf228f1ac5d12b8e98f3c6dd82d55:0:0,c2d7c423e58f2b8a3b3681562560fa8f:0:1165345007,927742e500ce823febc88c47fcbce0ce:0:801580591,1.0
162,2,162,1,legacy,0.0003,0.0,3.696393138518091,18.08226192547977,0.003016524016857147,0.06171875,-0.003844788856804371,0.003553964290767908,-0.006630205549299717,0.08449310809373856,271,59,182,0,0,0,0,0,0,512,0,0,512,0,0,241,0,0,271,0,0,,0.10556645994074643,dd8f0ba895ea5e8274198bad8c652c5e:0:0,13c9943c708256d0a2a6fec5876cc89c:0:0,f8d1211a4354930c97b385758b1e844a:0:0,f25f24431ef2d0e5a745412066bb068f:0:1369855543,a530634c464b8cff89cdd8ac6812ca30:1:4028050595,1.0
163,2,163,1,legacy,0.0003,0.0,3.868196817341853,19.33260161202881,0.008125892840325832,0.07734375,0.0032975515350699425,0.0039046292309649288,0.009429290890693665,0.08872731775045395,256,47,209,0,0,0,0,0,0,512,0,0,512,0,0,256,0,0,256,0,0,,0.10267373104579747,ed9d3d18c76fec08775c7d0e3522485e:0:0,61129003cb7d7903837fb1db5183186d:0:0,0659b90b9e49230c95be273b044481a5:0:0,1b2da10b897b8775eb4da84bfb55128f:0:3955327013,b3dc2b724b354f75499a98956997e436:1:1047669290,1.0
164,2,164,1,legacy,0.0003,0.0,3.7935023414765645,19.38014954886995,0.007882948033511639,0.040234375,-0.00035699254367500545,0.004066955624148249,-0.00292622996494174,0.09011612832546234,245,42,225,0,0,0,0,0,0,512,0,0,512,0,0,267,0,0,245,0,0,,0.10704130493104458,fc791defc948297dbf63a0a2f01f645e:0:0,b261dea808375608d53a496ed45f9755:0:0,03d5ba6c3016c61070c1dc2da64c15c5:0:0,ec37807c25812c5b729a3e64e32f1e8f:0:3585590040,872e5e93027bb78765e2937ea90bd099:0:3585618831,1.0
165,2,165,1,legacy,0.0003,0.0,3.70490418939222,19.697173616268415,0.007479069754481316,0.0890625,-0.005882066208869219,0.003155556786805391,0.004472038708627224,0.0795401781797409,245,47,220,0,0,0,0,0,0,512,0,0,512,0,0,267,0,0,245,0,0,,0.11041876906529069,0c5b10f52a6e9ef50ec2d307bd5c805e:0:0,068b0315bc985bd722669a62fda0d33f:0:0,4ff7b5ac881a1d47dcfbda0e0125a66f:0:0,5a678a2c66b8cbd76970caf71e492a8f:0:3347407052,db37dadfde9c1d2948450229b0cafbe6:0:3412318649,1.0
166,2,166,1,legacy,0.0003,0.0,3.7497609999845487,18.80565790900164,0.005771583411842585,0.0205078125,-0.0009654679801315069,0.0038262537098489703,0.0007129668374545872,0.08795713633298874,264,53,195,0,0,0,0,0,0,512,0,0,512,0,0,248,0,0,264,0,0,,0.11084892391227186,48ff40939ec7e1de2aa830d89cd99c5e:0:0,2096c6172d6c47d5c663b0c8a6a36561:0:0,87ddfa4462bc9242b39bf4cfa76c4c89:0:0,ed6c7150c64aa430c912558eaca3368f:0:2412026829,dcaecff67587ff5d14f7e3938bd6e208:1:2992163836,1.0
167,2,167,1,legacy,0.0003,0.0,3.835314502209654,19.156232381601512,0.010765697807073593,0.0658203125,0.002369277598336339,0.0036646528053097425,-0.006508281454443932,0.086591437458992,255,44,213,0,0,0,0,0,0,512,0,0,512,0,0,257,0,0,255,0,0,,0.14540927298367023,d2f86498c216c371f6dc16b18e96b85e:0:0,fde23b51df6eaae9c80adec4e8188f9a:0:0,81e182345db4fea4f08fc022cd078ab1:0:0,0487585c28e5cbd963bb25b78e3d428f:0:866008821,f59527fa4b2e919348d3cee9eda1a7a3:0:3929491613,1.0
168,2,168,1,legacy,0.0003,0.0,3.741813856724489,18.87006148001973,0.0015262538800016046,0.01640625,9.914962574839593e-05,0.00357939851237461,-0.008180029690265656,0.08448342233896255,268,54,190,0,0,0,0,0,0,512,0,0,512,0,0,244,0,0,268,0,0,,0.13608104910235852,3090eb11dc5ba15e91c1212e9293d45e:0:0,dc5aae70cc3456c0a61946aca7a2fa62:0:0,a0514d84b591339e7dcf54ee96c52fd9:0:0,f9c6c53e8b5d7ad2f0a2c2fdc3174e8f:0:630202125,eca81438f5f53584c0182d078f0d0ae3:0:2517051375,1.0
169,2,169,1,legacy,0.0003,0.0,3.8640168231007754,17.324218461418695,0.004441393539309502,0.0333984375,-0.0017233983846381307,0.002949990960769355,0.004614012315869331,0.07677808403968811,247,41,224,0,0,0,0,0,0,512,1,0,512,0,0,265,0,0,247,1,0,,0.1194661851041019,a18d539c1339d8b370542ceba8d0f05e:0:0,a3a991d51f080b7d7b2f982f67b8fa52:0:0,24ba9a2377ffba1667ac4a77a11be51d:0:0,cbfb148ca85bf75417fbf4ed4b315a8f:0:941127898,c789c94fad62dfcf7d16cc55574ac85c:1:2190310676,1.0
170,2,170,1,legacy,0.0003,0.0,3.6749583013174805,17.200963538442693,0.002555747516453266,0.06171875,0.002731084730476141,0.0031606172327883542,0.001941937836818397,0.07973784953355789,267,55,190,0,0,0,0,0,0,512,0,0,512,0,0,245,0,0,267,0,0,,0.12580532603897154,7c761728b3ff5b0d7a2c5684d14e0c5e:0:0,4553f79fd0f0dc059d045de58221da0c:0:0,7c06bff98e1c77a42e96758698e65b31:0:0,52c33d2789b725ad7ef4c312268b668f:0:3291620035,3eceb4d699640d1d87119f5e1d3afe44:0:3870520254,1.0
171,2,171,1,legacy,0.0003,0.0,3.7653498113726247,18.36082677204729,0.011164155788719654,0.082421875,-0.006920415535569191,0.004146847885567695,-0.004529365338385105,0.09177642315626144,254,61,197,0,0,0,0,0,0,512,0,0,512,0,0,258,0,0,254,0,0,,0.14795656595379114,4f3e1ce081ea6603257afa960c0b285e:0:0,6435f23c169b25c0cbc35cae668bdc1f:0:0,b8c5ce635261cfcea5861998a54d38fa:0:0,e792854637f2bb6ed3b674f85525728f:0:309911345,504cb9cda95d7540fbf4410d6e6b8f91:1:1873615547,1.0
172,2,172,1,legacy,0.0003,0.0,3.7723983983176237,19.18113733061979,0.004268058110028505,0.0642578125,-0.010388921434059738,0.004199529765173793,-0.0024257954210042953,0.09156208485364914,248,54,210,0,0,0,0,0,0,512,0,0,512,0,0,264,0,0,248,0,0,,0.11404503602534533,ec647f7b34495cd0930bb5bb5908445e:0:0,0b95a8e1480081ad40af68e8efeb8566:0:0,7657d7d2c7fe8a1d7bbed71366c33882:0:0,d5c1a50efa7c15cbd965922bd6ff7e8f:0:565782884,9b91ef2c7366ef8659441cd872d927ba:1:3490119456,1.0
173,2,173,1,legacy,0.0003,0.0,3.7715798200588777,18.11123653895521,0.002711723791435361,0.02890625,-0.0019282807363197208,0.0029714665142819285,0.008436039090156555,0.07839054614305496,276,52,184,0,0,0,0,0,0,512,0,0,512,0,0,236,0,0,276,0,0,,0.10954936104826629,0b55450a9010c443aa446490b845605e:0:0,0a05ba6abcb930dafa1aaeae2da0b7e7:0:0,0eed8e08fd8d794524fb2a15d399b5bd:0:0,bddfba38db2bb3417421e238ac198a8f:0:2952851044,c228850b91a6bb81e24c7f4483cf6650:0:4199486057,1.0
174,2,174,1,legacy,0.0003,0.0,3.7762954232923214,18.740720786264163,0.0055455053225159645,0.0287109375,-0.001975006377324462,0.003239779977593571,0.0019494036678224802,0.08033914864063263,239,50,223,0,0,0,0,0,0,512,0,0,512,0,0,273,0,0,239,0,0,,0.11089246196206659,e10ca5e2c88360e8352523b229c27c5e:0:0,c464d26e79d47ac03e43024c2854587d:0:0,6917fb2f399335b0ed11d8921c2d7caa:0:0,58c963795f98507ab5066caad473968f:0:2937837495,e3d05c32bde23c46220d8a6af94503d8:0:3721812036,1.0
175,2,175,1,legacy,0.0003,0.0,3.7725091252822587,19.58577035687199,0.004072191193699837,0.040234375,-0.0005632158368825913,0.0033750787610188127,-0.00781829934567213,0.08306480199098587,243,64,205,0,0,0,0,0,0,512,0,0,512,0,0,269,0,0,243,0,0,,0.11752693401649594,471b95f412887773fc484fbbad7f985e:0:0,65ce1375ca08d3d8c115e5317b0e1690:0:0,08fc62db2c1007c66f10088e1b0de0b0:0:0,a0ce59cdaac7a875e629790e500da28f:0:3287992842,127e3770030d87b43c02af4647c126b7:0:854051203,1.0
176,2,176,1,legacy,0.0003,0.0,3.668146541093818,19.700711852905783,0.0017078809905797243,0.03984375,-0.0023859468754380943,0.003721250675152987,-0.002371434820815921,0.08656889945268631,243,52,217,0,0,0,0,0,0,512,0,0,512,0,0,269,0,0,243,0,0,,0.1072583730565384,dd627693964c2f72e2e28549437cb45e:0:0,4e06dcb27784bdf98a3d2799a021b43c:0:0,c8918f05b122c0636b9ec479b48bdb7e:0:0,4d9fe8f979c8d7e9969c8eef1ee7ae8f:0:4012694368,16a60e099fd75f4ae9eedfec632ee451:0:3757721231,1.0
177,2,177,1,legacy,0.0003,0.0,3.847759587354694,17.294587839153763,0.009781839326024055,0.06484375,-0.0032861890969797967,0.003072676539886743,-0.00124585151206702,0.07846076041460037,288,48,176,0,0,0,0,0,0,512,0,0,512,0,0,224,0,0,288,0,0,,0.10748703498393297,4068255c2ac6183302c2a0f6ebb9d05e:0:0,43954604d9bdfa02392332e0ecf69155:0:0,9537ff37b05d7a9ca059dd4cd78c6107:0:0,b624bfe1adc463e9a66c75d94101ba8f:0:1372022318,6d614659d635bb8a2f5e67bff5ee83b8:0:2070349384,1.0
178,2,178,1,legacy,0.0003,0.0,3.7185784967783877,18.868634324277878,0.0014852358726784587,0.0115234375,-7.889654953032731e-05,0.0035526541294530036,0.0012468365021049976,0.0843622237443924,247,65,200,0,0,0,0,0,0,512,0,0,512,0,0,265,0,0,247,0,0,,0.10677647800184786,2560077986c1cff0c851bf60a636ec5e:0:0,2158e9bea89659568a06581b9cd3c91b:0:0,65d8e32c77b5124d8b0658a83cc8c06f:0:0,84e0b4b3560de3cc52a13558b65bc68f:0:4029354657,87e2058249c395e57a046054cd58e331:1:1112390506,1.0
179,2,179,1,legacy,0.0003,0.0,3.8253218488066496,18.134897482138967,0.0014564644079655409,0.041015625,0.0009640650823712349,0.0032246096641756596,0.0005985928000882268,0.08050793409347534,253,44,215,0,0,0,0,0,0,512,0,0,512,0,0,259,0,0,253,0,0,,0.10351882607210428,1ff9375ad305cd430e933d2272f4085e:0:0,f9c5ac60b4476620b165a4dd74e14b43:0:0,b00c6dae921cb9229fe970a2bf31e82e:0:0,2ba148136cc34e4f413e14f97ef5d28f:0:807053271,573e93598a0c4be3a87cc35e2939edcd:1:2905700346,1.0
180,2,180,1,legacy,0.0003,0.0,3.784547834671014,18.314819918234093,0.0034746022429317236,0.0498046875,0.00027770386077463627,0.003538047673646361,0.003344865282997489,0.08402951061725616,249,60,203,0,0,0,0,0,0,512,0,0,512,0,0,263,0,0,249,0,0,,0.10404814500361681,37339d73c9344ac73b24b6d851f1245e:0:0,8ddaca3fc9998934d22fda8d28354b8f:0:0,c6c369b28da6f4d1354681e00f8e1b20:0:0,9cd1eddeb885e9fc8d419c479acfde8f:0:843355246,1078f720a5d9b507b7b5aa65b26fb406:0:444388820,1.0
181,2,181,1,legacy,0.0003,0.0,3.8040900497841497,17.631892716852704,0.019756384193897247,0.130859375,-0.00296317245811224,0.004055500379763544,0.007076423615217209,0.09182598441839218,258,52,202,0,0,0,0,0,0,512,0,0,512,0,0,254,0,0,258,0,0,,0.10837892896961421,6ff57b5dcb02550d5a3e091e432e405e:0:0,ae70b7f98c7a0e5c40ed201a43dbf096:0:0,15c6be4dd848b47bf6f3cc51a049f2e8:0:0,777d694c85d8e0cfd2a592cf09e9ea8f:0:1636323845,e2a505e8e960011e5e582209d19bbec2:0:4247249208,1.0
182,2,182,1,legacy,0.0003,0.0,3.654187649968921,18.328087034625185,0.0021883011795580387,0.0185546875,-0.001309913443401456,0.0026024468592368067,0.003039357252418995,0.07218700647354126,257,49,206,0,0,0,0,0,0,512,0,0,512,0,0,255,0,0,257,0,0,,0.11388304200954735,4834cb549d60fac43ab1509046ab5c5e:0:0,4d10e88026db068e01837bcdbeab6251:0:0,079b2321dc8d4bb817a2c1737b8a00de:0:0,79d3dd922ab1771b3a5f001bcc43f68f:0:2613708369,694f0e1d68691f1cc36922a36d35d9be:1:1462872234,1.0
183,2,183,1,legacy,0.0003,0.0,3.734172111270625,18.725431564594786,0.00505723524838686,0.08984375,-0.0030921169091016054,0.0031266942620277404,-0.0010212685447186232,0.07922779023647308,257,50,205,0,0,0,0,0,0,512,0,0,512,0,0,255,0,0,257,0,0,,0.13622494298033416,f67bccb4b3349f2589eae9ca5c68785e:0:0,ff394ba20f76478ddbdc4af1313d5d87:0:0,1aaa5b8e45a307f113856411806aae01:0:0,a84f937086c4e5ac865e2bb9e1de028f:0:844744377,1ae3527b43242443beaf29879db9feea:0:2794533359,1.0
184,2,184,1,legacy,0.0003,0.0,3.637271712717189,18.890008836896754,0.00808962993323803,0.037890625,-0.0019414240261539817,0.004048256203532219,-0.0026870816946029663,0.09018471091985703,255,47,210,0,0,0,0,0,0,512,0,0,512,0,0,257,0,0,255,0,0,,0.14274393604137003,519f28cb33366ea1eff171688465945e:0:0,124f5b7e990cf9aea504dfed74f51992:0:0,bb8f068c066a93952b5b6cab5f2f9d86:0:0,1884df5ff31fd7321d8e9d354ab80e8f:0:4094961929,7fd81f2eb4b928b169f37c7e1ef9be03:0:1417751908,1.0
185,2,185,1,legacy,0.0003,0.0,3.975805835286566,19.660147963922014,0.005484572611749172,0.0404296875,-0.0011464621173217892,0.0032464939169585703,0.0076955705881118774,0.08068691939115524,256,52,204,0,0,0,0,0,0,512,0,0,512,0,0,256,0,0,256,0,0,,0.13600450998637825,bde649f2249bf5cd2b65c406bea2b05e:0:0,dfb050248d61b0bc005ec929d0b5b7be:0:0,0187e29359394dd8ca3e543e84077c14:0:0,a98c0b5a539388e017d71c1a06d21a8f:0:3491057764,0c873250324a056d4a4ef5b7b8376c7e:0:1759066364,1.0
186,2,186,1,legacy,0.0003,0.0,3.6814883766655013,21.43784338839083,0.002284275135025382,0.070703125,0.0018321158364415168,0.0033896857989020646,-0.0018527449574321508,0.08215600997209549,227,59,226,0,0,0,0,0,0,512,0,0,512,0,0,285,0,0,227,0,0,,0.13740682299248874,91ebc99d6e20da8a2d82fe410b1fcc5e:0:0,20f88bd624ba50fbf3a4f13f99e5643b:0:0,7216c8ee6348b19128d601cc9ae0278b:0:0,1c06aa8e3c848e554a19aff4162c268f:0:3031186954,040cc65f25c753f707be8f3f5018d9db:1:31007920,1.0
187,2,187,1,legacy,0.0003,0.0,3.899411308856365,18.04492240354847,0.0010384356137365103,0.0154296875,-0.0003586593549698591,0.0032176564098335804,-0.0025628507137298584,0.08032485097646713,271,52,189,0,0,0,0,0,0,512,0,0,512,0,0,241,0,0,271,0,0,,0.1428100890479982,485c40a7930eb777361e7cb369dce85e:0:0,8ef381b357fbf1d67cb5be5abb7e2e9a:0:0,b5c8268ed713832f19580d6787ba1d70:0:0,e4444c915fa738c05233a04f78c6328f:0:1006006035,35fc0830ebf2d73063e521ede865c7ea:0:2261954761,1.0
188,2,188,1,legacy,0.0003,0.0,3.7858937562203394,18.69372673237706,0.002273410093039274,0.0423828125,0.0008359317667782307,0.0034135745139792562,-0.002292546210810542,0.08273420482873917,273,51,188,0,0,0,0,0,0,512,0,0,512,0,0,239,0,0,273,0,0,,0.1388318910030648,b6b547d759df1999efa7dbf9dada045e:0:0,4580a6df69b75ef83b98704aedead2e4:0:0,a01ca9ea200b6eeba7f160fef3599fa6:0:0,ad3d20f3b235a144a2fd74b82ea03e8f:0:2306052787,6ac46965c1c65acee4c844632513bdbf:1:897178723,1.0
189,2,189,1,legacy,0.0003,0.0,3.758761194397206,19.855347072224916,0.002373975235968828,0.03828125,0.0019056079909205437,0.0028200140804983675,0.00816352479159832,0.07602526247501373,247,50,215,0,0,0,0,0,0,512,0,0,512,0,0,265,0,0,247,0,0,,0.13599379803054035,967d1541c813a04b8b28f8b05e17205e:0:0,089719f01103e5fe3be1c07a364a6edf:0:0,b8a8c0797b6af3e7c0371a8ec300440b:0:0,c63bc35fff2b569f904af4ba37ba4a8f:0:2616386632,e3123aeda121b7ab1ac3a3723b7cdcff:0:3516506010,1.0
190,2,190,1,legacy,0.0003,0.0,3.832895881347873,19.181442912195656,0.00389037374407053,0.0671875,-0.0028815066907554865,0.0032473235274665057,-0.005459036212414503,0.08154601603746414,243,46,223,0,0,0,0,0,0,512,0,0,512,0,0,269,0,0,243,0,0,,0.1200685229850933,285cddd61ee03f64dc45ef72f3943c5e:0:0,4030892176a3f97f89b8eb5afe645e35:0:0,7952d564d2b96e746b54b43be664ab8a:0:0,92621bc1d812ae0d5aeb27e19414568f:0:79720328,2950ebb2c1c2f7b724790c10694384c7:1:3691203193,1.0
191,2,191,1,legacy,0.0003,0.0,3.816215324885535,17.832599528522053,0.007369495462626219,0.062109375,-0.0014440236613154412,0.0033139640814624726,0.00017810860299505293,0.08143652975559235,267,54,191,0,0,0,0,0,0,512,0,0,512,0,0,245,0,0,267,0,0,,0.10236192203592509,c954f90bc443a3aa753d1cdd9b51585e:0:0,f7b7a1393c7d43ac68d92edf362f53c4:0:0,92a37c33b31264fa0c162c2c6473b4c4:0:0,7bf7fd3416efb76e3ca855ba43ae628f:0:1426544517,081570590e0f2388f896f6285355d0c6:1:3156271516,1.0
192,2,192,1,legacy,0.0003,0.0,3.8013721607629027,18.91057694012943,0.0016355286352336407,0.060546875,-0.0012640903471037746,0.003500505245756358,-0.006112538278102875,0.08435114473104477,257,58,197,0,0,0,0,0,0,512,0,0,512,0,0,255,0,0,257,0,0,,0.118235849076882,2c29b7544429b978c2e71d8c554e745e:0:0,11f004418bb38240197161ae359eb66e:0:0,77bd25a9020eb442e8e1ca2630ea47c3:0:0,d8e4f9c663d4d4ab744805d046886e8f:0:3018872981,63bffd87a3e1416761a29e9c76ffb313:1:519205890,1.0
193,2,193,1,legacy,0.0003,0.0,3.7468532661007536,18.427226266738472,0.0028415867127478123,0.0576171875,-0.0022752820514142513,0.0030376432812772693,0.0033011133782565594,0.07820596545934677,257,50,205,0,0,0,0,0,0,512,0,0,512,0,0,255,0,0,257,0,0,,0.13862990506459028,be6aea9dd53455b028b6ce1b218b905e:0:0,4b3db438b70d48db66b81112b6f6725d:0:0,c26b6c5c1613d3b82e1cb545c0290a54:0:0,8d19b87370acf45c518affaf9ca27a8f:0:2642530778,881ab7da16214b54276aa0758b2dcdd5:1:3879936416,1.0
194,2,194,1,legacy,0.0003,0.0,3.7738836102462354,18.724903665914283,0.004590085707604885,0.08203125,-0.008880411321297289,0.00296895254869014,0.006905052345246077,0.07744501531124115,236,42,234,0,0,0,0,0,0,512,0,0,512,0,0,276,0,0,236,0,0,,0.13472336495760828,c3564add0cc600e11cb94b260008ac5e:0:0,443b8e8ef33387f0ce6c4bec932fe7c9:0:0,c25807b24f0f095ca9fcf65f4485019c:0:0,fe3ffdecddc76fab412d4ae445fc868f:0:2116382225,cb4798e10b553e98c2d3fffc0007374f:0:432489172,1.0
195,2,195,1,legacy,0.0003,0.0,3.7817679738939853,19.241242226995325,0.0025681722909212112,0.0375,-0.0015192331513389945,0.003247244702652097,-0.0003300256794318557,0.08107948303222656,256,50,206,0,0,0,0,0,0,512,0,0,512,0,0,256,0,0,256,0,0,,0.1361558409407735,118e273eadeae4b84395f148f0c5c85e:0:0,eb86c0571159d65fa0b4490837b5a865:0:0,b0d3d2fdcee24a3be8d81c2e1b8df443:0:0,0d0b882cf9b18b7ad8e62efa4296928f:0:3132994778,d60dce9dc7175ced92f3e1d7919f4788:1:4051325620,1.0
196,2,196,1,legacy,0.0003,0.0,3.871142423878865,17.17630166276365,0.0055215023458004,0.0365234375,-0.002864861860871315,0.002735384879633784,0.006558655761182308,0.0741068497300148,268,41,203,0,0,0,0,0,0,512,0,0,512,0,0,244,0,0,268,0,0,,0.13966771797277033,5572374cbebbdbaa8c8e5d1ff3c2e45e:0:0,517feb590d12c04c7cde3f54f23cc451:0:0,76f52b2361214507bf8805a915ac1cc8:0:0,3738d809cee99ccae368337d92709e8f:0:305046151,45b60bb49f4ed6eb6a0a234b79ef1a74:1:3863975902,1.0
197,2,197,1,legacy,0.0003,0.0,3.9015882162141624,17.28797981958685,0.0034187687560915947,0.0322265625,-0.0012535933405160905,0.0031531818327493965,0.0038169045001268387,0.07935843616724014,267,46,199,0,0,0,0,0,0,512,0,0,512,0,0,245,0,0,267,0,0,,0.1373196089407429,7317ddfc4fd7a2e14d7e6b470900005e:0:0,84cadb2c9465721d37e88ca8402f5929:0:0,1ade61ce687929aae72ea235bc31e22a:0:0,b4ea0b5031f7d05d6c611ffa358aaa8f:0:2773492715,4b0402e4906bbe832ccdb288a8827fda:0:1884707314,1.0
198,2,198,1,legacy,0.0003,0.0,3.6634880063313697,17.129004607242848,0.011021193116903305,0.0658203125,-0.003757976135239005,0.0034500267589464783,-0.006183452904224396,0.0832597091794014,254,43,215,0,0,0,0,0,0,512,0,0,512,0,0,258,0,0,254,0,0,,0.1372080820146948,52a9cb43a18e2e665edc385a307d1c5e:0:0,32b221bb2d70d5eccabd86d75bf2f2ce:0:0,865170afbf58f5fc33287709b9a49ec6:0:0,47e4fd38c278959bcc79fbfc2be4b68f:0:294274510,bb0294f6ae6d350e65eb93bc9ab0f128:1:489214839,1.0
199,2,199,1,legacy,0.0003,0.0,3.7570887415850516,20.08108379456104,0.006453994195908308,0.062890625,0.002627653884701431,0.0034695988288149238,-0.0013193089980632067,0.08332939445972443,246,53,213,0,0,0,0,0,0,512,0,0,512,0,0,266,0,0,246,0,0,,0.13685699400957674,3a9c9f82925a1f9037b820f56a3a385e:0:0,6dc4046376b5f2bf451b3db4239480e2:0:0,8df70f317e3bdb96ea95d586d082ba22:0:0,7e79025411a4acbbb5570f0f757ec28f:0:3384073321,73a2b23722761b45a9ed9f8ad376c888:1:269303005,1.0
200,2,200,1,legacy,0.0003,0.0,3.8619202329782456,19.72088684920692,0.006615475285798311,0.0447265625,-0.0012801886070519686,0.003759174421429634,0.0008710905094631016,0.08659733831882477,260,53,199,0,0,0,0,0,0,512,0,0,512,0,0,252,0,0,260,0,0,,0.10982147790491581,0ee706b182445dae09bcc1b4b637545e:0:0,8e6cba101ccfaee1bd77b4b688ca5eaa:0:0,eff87258263748a260ffbe45941659d6:0:0,51c5c05660e2d8243d97e0c01258ce8f:0:2708125381,98d98818c122a352a252627cf7b66aef:0:2430227238,1.0
201,2,201,1,legacy,0.0003,0.0,3.7161821193985487,19.187827243416677,0.0016911679413169622,0.151171875,-0.010102135874330998,0.0026793619501404463,0.007132238708436489,0.07365651428699493,247,56,209,0,0,0,0,0,0,512,0,0,512,0,0,265,0,0,247,0,0,,0.11570709804072976,8d87aff516cdd0f3dd2ef7341474705e:0:0,4adda3270769650ba2e3a8f4a35e187f:0:0,5347c9e417eaa2ff717c77f29e2bb337:0:0,3affd976aaef3112ecd7389a0272da8f:0:2927057059,7753a7d74c1158c9c1d90a995a3ca710:0:2976906957,1.0
202,2,202,1,legacy,0.0003,0.0,3.6584162547175443,17.985725233180627,0.010436944663524628,0.058984375,-0.0032310606446117164,0.002949203352909535,-0.00673257652670145,0.07710420340299606,261,51,200,0,0,0,0,0,0,512,0,0,512,0,0,251,0,0,261,0,0,,0.14272031595464796,215a90df8afb3fa6acedde0f84f18c5e:0:0,75991b2fca5630a7b58c84694837742d:0:0,53f0f8affda3b6d6183a8eefabc8e72b:0:0,1063665fea241f80c7ab1e2945cce68f:0:4252796807,6ddd5aa753b98c8b79102c6654246b08:1:4089245794,1.0
203,2,203,1,legacy,0.0003,0.0,3.7780360160833997,17.90370988112322,0.007125561125576496,0.032421875,-0.0005208246177062393,0.002958767395466566,0.009256882593035698,0.07684902846813202,264,51,197,0,0,0,0,0,0,512,0,0,512,0,0,248,0,0,264,0,0,,0.13958386098966002,56d10a52771f4d888272d2e307aea85e:0:0,2bdfdf15047a6f1283165144ac56b72e:0:0,ccc44b720804da77ec66b79b87ed2339:0:0,240788fece70f5475ba4d8f9dc66f28f:0:3829387688,4a2f025c43cccc2711b509443965b477:0:1578374886,1.0
204,2,204,1,legacy,0.0003,0.0,3.728143097586943,18.63795348709374,0.006050683557987213,0.0376953125,-0.0008506028912961483,0.002939340111333877,-0.0014514117501676083,0.07672445476055145,250,61,201,0,0,0,0,0,0,512,0,0,512,0,0,262,0,0,250,0,0,,0.1383695739787072,94cdc79e3bfe9d8491d1724a9cabc45e:0:0,eefd450374093cb9caba7f877b09d694:0:0,3a9e27768b399cdc8a2cffa77ebf1730:0:0,2ff9bdc1558a2c85cb50f097c640fe8f:0:1096586537,4db8c4d3bc32763aac884758d2227c74:0:21617702,1.0
205,2,205,1,legacy,0.0003,0.0,3.720306077061001,17.969349242856936,0.0030586039647459984,0.0529296875,-0.004441748512908817,0.0026038435753434896,-0.0006272515165619552,0.07210603356361389,268,52,192,0,0,0,0,0,0,512,0,0,512,0,0,244,0,0,268,0,0,,0.14085593493655324,a8ed8f267cea159b55b798e243e8e05e:0:0,d5de05547a07c3a580bc0f6f077ed923:0:0,3c0913dbd27a8e3b74abe07a61c16a89:0:0,872af828f7df4945da372c8f035b0a8f:0:4198638053,1844b55bd44ff1549ab2fdc5cc2d4810:1:302766370,1.0
206,2,206,1,legacy,0.0003,0.0,3.8603658563536793,17.00714122412954,0.0023453584872186184,0.0306640625,-3.223298117518425e-05,0.002779984544031322,0.0059314207173883915,0.07459486275911331,261,46,205,0,0,0,0,0,0,512,0,0,512,0,0,251,0,0,261,0,0,,0.14180374599527568,2c29b67d546b450eab6d6345fd65fc5e:0:0,de97de40857dd4975aca022beaec7e80:0:0,d0483d444a489cfc3a9bba10c1cd66d6:0:0,bd0c0adb5ce25e60f8da946b93b5168f:0:1029807790,b70460173cf0c210d39ef9805c8ac536:0:3434808272,1.0
207,2,207,1,legacy,0.0003,0.0,3.907127423695723,18.055681381409272,0.002763845957815647,0.0169921875,-0.0010774651542305945,0.0026356026122812183,-0.0002824568946380168,0.07259306311607361,257,54,201,0,0,0,0,0,0,512,0,0,512,0,0,255,0,0,257,0,0,,0.1412518509896472,f53f82912f1eeccdeed52e11c923185e:0:0,1c064d1149610811019c2836eb93b545:0:0,7bd58b3ebc98b25a1245d1dd016844d8:0:0,717a5aa8c92d35a550b96fb9774f228f:0:3860951714,817b8ff2a9c3c17b9177a2b6270d1029:0:2395918674,1.0
208,2,208,1,legacy,0.0003,0.0,3.713822331141426,17.260977579594794,0.006861966103315353,0.04765625,-0.00288467810023576,0.0032352746929973364,-0.010938690043985844,0.08140474557876587,258,40,214,0,0,0,0,0,0,512,0,0,512,0,0,254,0,0,258,0,0,,0.13911460805684328,ebe16f337859aa22166b95e1a720345e:0:0,91cdc8f92a73579fcc55ea1cd341838a:0:0,ef33f82a79a7308125fe69fb807fc9a0:0:0,1f11674ab9101b3ad04d4604ae292e8f:0:1805563970,6c22b40f91f7e763e553bb0500b3b88b:1:680262929,1.0
209,2,209,1,legacy,0.0003,0.0,3.871578217957154,18.711952430435662,0.005694194231182337,0.073046875,-0.004732568259350955,0.0037397004081867634,0.016388915479183197,0.08862566947937012,257,53,202,0,0,0,0,0,0,512,1,0,512,0,0,255,0,0,257,1,0,,0.10919482703320682,ccac27e88432c399cf477751975d505e:0:0,ed82aba79157729a5d0bc9eb34966b29:0:0,7f5511089fd6faff34efa6c87072ba18:0:0,a2594be85a164c48370aded938433a8f:0:828527990,e05d2326caaf4bb60ea78fdcbd1db32b:0:4205640311,1.0
210,2,210,1,legacy,0.0003,0.0,3.6107794495847862,18.93305596910153,0.005187688395380974,0.107421875,-0.0018666101153939963,0.0032444678712636233,-0.0018254118040204048,0.08059026300907135,250,62,200,0,0,0,0,0,0,512,0,0,512,0,0,262,0,0,250,0,0,,0.10936031502205878,fc68e69b629118359919eefd99da6c5e:0:0,a1051191e87d6896a1130472e5890af3:0:0,eb9c88b6e37c1577c0d93aae33005526:0:0,a3ddfcb9d60c08d8216241c3159d468f:0:2059637070,28dd6b2f8001412d2167f9c725901372:0:2546101924,1.0
211,2,211,1,legacy,0.0003,0.0,3.8162865844488074,18.59906692096711,0.005440414883196354,0.0376953125,-0.002570866432506591,0.0028669649618677795,-0.0024663605727255344,0.07617618143558502,265,41,206,0,0,0,0,0,0,512,0,0,512,0,0,247,0,0,265,0,0,,0.11110668699257076,9b91f37a86d630d3e22e5981ae97885e:0:0,176e76f254dea6161e2ab56eca951cf9:0:0,793d20dd5b14ee7cf8c18710c9bcc2ff:0:0,113eb66ea21248fe14beb64e4637528f:0:274202626,3d2adaf74c8a7693142a9007a8119036:1:3444199936,1.0
212,2,212,1,legacy,0.0003,0.0,3.7492287911099718,20.47150580705397,0.021576248109340668,0.084765625,0.0013316765427589417,0.002815363917034119,0.00448544742539525,0.07491523027420044,247,68,197,0,0,0,0,0,0,512,0,0,512,0,0,265,0,0,247,0,0,,0.11193773988634348,d39423ec6fc373dd236a5379d594a45e:0:0,c21f51d831aee64098f1fb5b637b6a5f:0:0,2cf75ed3e71b7faf0270db2782a4433b:0:0,54f8cf46444c153b8b86c406ca115e8f:0:3932006139,c2c1626c7d8895918ef17ab4df165434:1:416850590,1.0
213,2,213,1,legacy,0.0003,0.0,3.7785443568402375,18.6173605932348,0.002460555639117956,0.065625,-0.0031808802392333745,0.004167902376502752,-0.006722575519233942,0.09124762564897537,258,51,203,0,0,0,0,0,0,512,0,0,512,0,0,254,0,0,258,0,0,,0.11062534991651773,08297535bb357b2ffc4db9820ed1c05e:0:0,594fcd14f08c933edb03c67cfead92d5:0:0,53793c5910421d65acf963396ab1b7d1:0:0,f554e11642b18225011c3278a12b6a8f:0:2722536311,36cfd2732c28b5be799bd760d1a6623d:1:3155851936,1.0
214,2,214,1,legacy,0.0003,0.0,3.749395118836718,18.848393073310564,0.00366843375377357,0.078125,-0.008538478543050588,0.003092058200854808,0.0018972723046317697,0.07880554348230362,245,52,215,0,0,0,0,0,0,512,1,0,512,0,0,267,0,0,245,1,0,,0.1100826261099428,62a53a1451518c4d4ef2a8365a4edc5e:0:0,449c12e3ba246745435b7f3944ddd085:0:0,79776ea18aa6dff626243c00d5e9e60d:0:0,a3b116c32d944f46fddc092fcb85768f:0:3974500665,86018f9979b550d3ef69384748c17730:1:414847985,1.0
215,2,215,1,legacy,0.0003,0.0,3.7415572254036684,17.062599088032403,0.0020960697438567877,0.0119140625,5.059698596596718e-05,0.0030260801548138263,0.003587868297472596,0.07779791206121445,274,44,194,0,0,0,0,0,0,512,1,0,512,0,0,238,0,0,274,1,0,,0.11138171597849578,4561c93d92c132c45c0d7c32b80bf85e:0:0,f3262b68ab197f7375c46779b9c42138:0:0,c289557ada01bc2798d5f199a8b2a02f:0:0,81a746fdf862294b231e8fb8491f828f:0:2977803204,49f542d930fa5364da4fda66beba794c:1:176825582,1.0
216,2,216,1,legacy,0.0003,0.0,3.7833597909750205,17.93475221738916,0.004586175549775362,0.063671875,3.679017536342144e-05,0.002661290334071964,-0.005673380568623543,0.07313928008079529,265,48,199,0,0,0,0,0,0,512,0,0,512,0,0,247,0,0,265,0,0,,0.13507751398719847,ccf22d57b597fcdedeecd2132809145e:0:0,61fdf7543de3df3b3017b271583d7d03:0:0,b99e62e179c8d0d04cd0a141fd847842:0:0,6c81716213308f5d37374d9e19f98e8f:0:1495284299,f453a5abc50f8c235e7fcfcc196bc3c9:1:1365463870,1.0
217,2,217,1,legacy,0.0003,0.0,3.677428736272166,19.70319880817044,0.006447337102144957,0.0265625,-0.0012844143901020288,0.0031233169487677515,0.004524637944996357,0.07920960336923599,253,64,195,0,0,0,0,0,0,512,0,0,512,0,0,259,0,0,253,0,0,,0.14157023502048105,cd8805b0bc7f5a8d29798673aa46305e:0:0,0f3337d4429df55081f998e0a1ba6304:0:0,e04a0eedea4f6c54d52fd92fa1cc536b:0:0,6c532a5bf79e5bd031750a6d3e139a8f:0:834153451,e901aba6522bb00c9c23f0df4c427d69:0:1217846855,1.0
218,2,218,1,legacy,0.0003,0.0,3.7935217833346044,19.325259875168666,0.0028857234865427017,0.0244140625,0.0015100179240107535,0.003245226270519197,-0.0029948174487799406,0.08148221671581268,250,49,213,0,0,0,0,0,0,512,0,0,512,0,0,262,0,0,250,0,0,,0.1368982100393623,e766919fb3c49e924036b5f03ec34c5e:0:0,595533bda0725228fcaaaa72ec6fc7b8:0:0,7f5173e03d95ff0b0b1eb6280376949d:0:0,e622858b1b96f0034621cdb1b56da68f:0:27532631,8a3d40cedae13084481968df1604b142:1:1933140081,1.0
219,2,219,1,legacy,0.0003,0.0,3.72332235125123,20.142233376295238,0.01111865509301424,0.0830078125,-0.004376974049955606,0.002651054982561618,0.00919680017977953,0.0737135037779808,246,51,215,0,0,0,0,0,0,512,0,0,512,0,0,266,0,0,246,0,0,,0.12066854001022875,8f7fc7271fe521eff641bd24e580685e:0:0,636144f7fe0c146d028031c411bc4759:0:0,795e1a0ad5fd43ed7491f6345645f4fc:0:0,db0f1d9d7c830386f282def78007b28f:0:923642866,9add092ddb9003cba54363c403888236:1:2808111623,1.0
220,2,220,1,legacy,0.0003,0.0,3.7437456241383784,17.687249696473017,0.002306146314367652,0.0439453125,0.002368748188018799,0.0035897426423616707,-0.006903293542563915,0.08492575585842133,266,39,207,0,0,0,0,0,0,512,0,0,512,0,0,246,0,0,266,0,0,,0.10737290908582509,73b75819c9348993095238ad9e7d845e:0:0,7073c4230a0df85b0cb6e1bc5d2c7184:0:0,ad41b6ce488c522a010293399e182bec:0:0,4499f3ee3573168208d8c5ca9de1be8f:0:1409721888,6fd9b8a1413e5ac7ec6663102d45d9f2:0:2406508208,1.0
221,2,221,1,legacy,0.0003,0.0,3.6645324102061108,16.495942670542973,0.007918152026832104,0.059765625,-0.004682749137282371,0.004062272701412439,-0.02239074371755123,0.09745753556489944,281,52,179,0,0,0,0,0,0,512,0,0,512,0,0,231,0,0,281,0,0,,0.13450628297869116,a701a7ad50392e3f3dba052669baa05e:0:0,4a3a06e5e9de6ff3814cce6221047a0f:0:0,f5b623f81a467a0dfd954a61d3cc9250:0:0,7355097bd2cf8756bc5f49b70efbca8f:0:3276070300,4508ab62fb2242d7098881796473888f:0:3844875840,1.0
222,2,222,1,legacy,0.0003,0.0,3.7365045646099264,19.40468922172167,0.0032406654208898544,0.0193359375,-0.0014582605566829444,0.002957817749120295,-0.002262525726109743,0.07706345617771149,255,61,196,0,0,0,0,0,0,512,0,0,512,0,0,257,0,0,255,0,0,,0.13784755195956677,b2e9ed10365aa6bb7a653f2b4737bc5e:0:0,e6502c674ec6bdb6ec0574919720e6f9:0:0,0ab89891784b7993629ed3c905b31574:0:0,2c95c616561a4b87ad4d7248d355d68f:0:2702195478,53ac24aecd871ece30f0d3684be07381:1:1993668149,1.0
223,2,223,1,legacy,0.0003,0.0,3.776226007480754,19.236256320281342,0.003570652101188898,0.0103515625,-0.000403461093083024,0.003146645531523973,0.007426148280501366,0.0796729177236557,245,48,219,0,0,0,0,0,0,512,0,0,512,0,0,267,0,0,245,0,0,,0.13662794698029757,3c3b1643467e743de4da435836f4d85e:0:0,5961af92530c7ce3aec0f654d24b3b25:0:0,0bfa85e0ecba73e5baa428f1913fae30:0:0,108981f01c4e4bdcf4d5870beaefe28f:0:1044758639,d47f9ba41a523ab7354b138cb667f4d5:0:2755741025,1.0
224,2,224,1,legacy,0.0003,0.0,3.70123443726914,20.604781768558666,0.004474014975130558,0.0783203125,-0.008124956116080283,0.0034077226649969817,-0.00043147732503712177,0.08265064656734467,234,60,218,0,0,0,0,0,0,512,0,0,512,0,0,278,0,0,234,0,0,,0.1368707079673186,89d27120892ed117fd39ae4938f1f45e:0:0,31237ebf115733c2bb8cdc4e07cdad81:0:0,7f0e4ced18374a2230348a18e46a36ab:0:0,877fd108196863c931250f8c55c9ee8f:0:642827939,6b498c5e4fa4bbe180c743f2c3bcf1d1:1:101878842,1.0
225,2,225,1,legacy,0.0003,0.0,3.874943865807193,19.604985098586347,0.010774878785014153,0.0390625,-0.0021584628149867056,0.0033741603954695167,-0.0032908206339925528,0.08224396407604218,259,58,195,0,0,0,0,0,0,512,0,0,512,0,0,253,0,0,259,0,0,,0.14358069992158562,2149af242fe7a1a2ba3e5c9a4d2f105e:0:0,b9b98a586777328884b99dac9b6839ee:0:0,183a7333bcd0c285079cd7efdd8a9caa:0:0,06a2872f1ba6040e9164d35613e3fa8f:0:3420662332,a3be26dba77c543e0070ddcfb6de77cb:1:336699939,1.0
226,2,226,1,legacy,0.0003,0.0,3.7749780985422396,18.34549584499854,0.014370188117027283,0.0587890625,-0.005746786575764417,0.002874069765675813,-0.0041482336819171906,0.0759742483496666,268,45,199,0,0,0,0,0,0,512,0,0,512,1,0,244,0,0,268,0,0,,0.139161495026201,076783362325876aa53d6ae773ac2c5e:0:0,e55364a8f971d864939a5b84277a0f98:0:0,5df3b7b3da696d3233575c0507430702:0:0,dce7ceb5090578a3e1b8d9f5253e068f:0:3190718552,7e59d8d734e7486ff3eb339a05063881:0:1673716189,1.0
227,2,227,1,legacy,0.0003,0.0,3.842579422372515,20.762033747101682,0.004393416456878185,0.0724609375,-0.007106285821646452,0.003693901258520782,0.0029567561578005552,0.08614195138216019,233,59,220,0,0,0,0,0,0,512,0,0,512,0,0,279,0,0,233,0,0,,0.13493827800266445,3462df5d1ed3169bf62635ccac69485e:0:0,0b2124ba4cb9fc5a39d85ac8b679e487:0:0,da8d96bd2eae36c86c88e7565160818a:0:0,dc0f1b164993d1d997406af589d8128f:0:2665727872,1b138ea1b24db97fe34d72164f78e914:1:2950790130,1.0
228,2,228,1,legacy,0.0003,0.0,3.6328967498229985,20.75478902817367,0.009619578719139099,0.10546875,-0.006984847690910101,0.0037638611509464683,0.0009003320592455566,0.08685124665498734,242,58,212,0,0,0,0,0,0,512,0,0,512,0,0,270,0,0,242,0,0,,0.11621797096449882,a83cbaee88b02daeaf8259e5f766645e:0:0,ea6df32d07be5328847649ecf47cf60b:0:0,7148cde4b041e42e88703555c26a02be:0:0,0a2e3c4cd11470bedc160de341b21e8f:0:1972243563,66668c4d463aa0c020b9710fca1e1320:1:307884067,1.0
229,2,229,1,legacy,0.0003,0.0,3.722697277012946,19.932215631080297,0.0036466270685195923,0.01875,0.0005723575595766306,0.0027503490331582726,0.0013297973200678825,0.07420668005943298,260,53,199,0,0,0,0,0,0,512,0,0,512,0,0,252,0,0,260,0,0,,0.10302950604818761,740748786c4f6f52ba75b3cf54a3805e:0:0,52faf1e4f36c0731e14fb4826c29050e:0:0,9e5f462dd8d437e8e37d3ea076d80c0c:0:0,09f85eb37a8e36c69b4f8a4a4ccc2a8f:0:1689122110,28b90d0c7cb3a162799309b1858234cc:0:1804880513,1.0
230,2,230,1,legacy,0.0003,0.0,3.6374572769799633,19.009577732911296,0.003031560219824314,0.0599609375,-0.0033632699865847825,0.0029201741446740924,0.005655611399561167,0.07662072777748108,258,50,204,0,0,0,0,0,0,512,0,0,512,1,0,254,0,0,258,0,0,,0.12549287104047835,341f9d4d4845de9c02be6024c4209c5e:0:0,375623203f2897db7e81f5c56a253072:0:0,40090b2debcfc1b875d7b126823b0267:0:0,05bd56b5a84a58ac8cfde7b6ab26368f:0:3298842753,4cbb6f20e881d513dff9575b6996adbb:0:4011135592,1.0
231,2,231,1,legacy,0.0003,0.0,3.7600907757661908,17.896549042568388,0.004101152997463942,0.0357421875,-0.0038329274393618107,0.0033081360859796407,0.0017599542625248432,0.08113730698823929,264,43,205,0,0,0,0,0,0,512,0,0,512,0,0,248,0,0,264,0,0,,0.1410250390181318,0f68034398289d6e92b4bb8245ddb85e:0:0,d10aa91731d70aa53494d606187c6462:0:0,9f4901cf207cd0226059e7f1cc8d6ae8:0:0,966436d05ad0d49a422d6db45cc0428f:0:540050608,296985383606e7cf78c8f3863b24ed1e:0:3025430621,1.0
232,2,232,1,legacy,0.0003,0.0,3.6936693132886265,21.006017343040995,0.003241056576371193,0.05234375,-0.005002848384901881,0.0034151019994169475,-0.014400484040379524,0.08318585157394409,248,60,204,0,0,0,0,0,0,512,0,0,512,0,0,264,0,0,248,0,0,,0.13726882298942655,8ab57fe546f4cd2aaf4b6283d9dad45e:0:0,7b5eb3f59ab5c108f659f30eca9a59a2:0:0,350255107fe92d7549b4fe04b05dc83c:0:0,4f98d9b5316e8b8c30e5a3cf619a4e8f:0:2560651247,69fb7a99319dcc2f6e097d7b0c337d21:1:1806451585,1.0
233,2,233,1,legacy,0.0003,0.0,3.677743153404549,19.681649819526648,0.005959102418273687,0.0408203125,-0.0029588677221909165,0.002997341880109161,-0.00397521024569869,0.07749524712562561,258,53,201,0,0,0,0,0,0,512,0,0,512,0,0,254,0,0,258,0,0,,0.13507339102216065,90228af5757d9198f40f31c58017f05e:0:0,4882347e3d9997aecf53769c43e8c255:0:0,280b68eb6d03db271607dbaa6779c7ba:0:0,4048c1ab06d0fdf6c0295193b9b45a8f:0:2809757793,7550d4b29435b04c041e0c3a9ad4e4bd:0:1997186955,1.0
234,2,234,1,legacy,0.0003,0.0,3.6112459933184335,20.639061796643077,0.012197953648865223,0.0482421875,-0.0044769423082470896,0.003919927624519914,0.0007678180700168014,0.08851223438978195,245,50,217,0,0,0,0,0,0,512,0,0,512,0,0,267,0,0,245,0,0,,0.13909890095237643,221378dd407c36166f2745e338950c5e:0:0,d95165655a932ef837cde7948f617141:0:0,e28cb92d146a932416de0804caaf8926:0:0,c5a071931c43abab53f67e8d650e668f:0:126827686,c8c1cf64d4390e9cc3832be817b540df:0:3106091235,1.0
235,2,235,1,legacy,0.0003,0.0,3.750258089292587,18.561911180071178,0.0023253855761140585,0.08125,0.00035477092023938894,0.003089291974902153,0.002988153137266636,0.07874459773302078,259,51,202,0,0,0,0,0,0,512,0,0,512,0,0,253,0,0,259,0,0,,0.1393989680800587,83aec43a71de7500bd54fb790352285e:0:0,81b1fdb19e406142c406dd2c40affa63:0:0,3e1ba262bdb123a77b425a327e476e81:0:0,7a3f3345061b16fd5946724863a8728f:0:2530054600,306f72f582b07e68616509543a8cd508:1:3053785255,1.0
236,2,236,1,legacy,0.0003,0.0,3.7768737094341893,17.69129928743056,0.0031981593929231167,0.0595703125,-0.008591273752972483,0.0036661628866568206,-0.0022516658063977957,0.08559742569923401,275,51,186,0,0,0,0,0,0,512,0,0,512,0,0,237,0,0,275,0,0,,0.1336031019454822,5e9c247548eee16225f3ef22e04f445e:0:0,8c5974056df903f04dd9653e548c5579:0:0,b59d2d19f8263ef4c4522c2b58ee273b:0:0,c68c1a3ecbd96b27520db450b5827e8f:0:3610722093,bd9bbf2db717e32bbb4bfe1a08781764:0:2188345055,1.0
237,2,237,1,legacy,0.0003,0.0,3.725692518002883,19.86601042073559,0.005896847695112228,0.07265625,-0.0010931994300335645,0.0038702394929714503,-0.0014291226398199797,0.08819126337766647,240,54,218,0,0,0,0,0,0,512,0,0,512,0,0,272,0,0,240,0,0,,0.1295858039520681,ca493decc4f372ddb6f9fd7ccf8c605e:0:0,69859a35bae98aa26d104e48116bce24:0:0,46728f37a4c13e2c576d9b4f59ccd2d9:0:0,953bf8f1ee98c5efe13c0c325a9c8a8f:0:497033851,ccb23c328404d7fbbd7d9e9aff08a93f:0:4099215201,1.0
238,2,238,1,legacy,0.0003,0.0,3.9138889379279798,19.55207756111257,0.008897216990590096,0.0654296875,-0.003205409157089889,0.0030033828690648077,0.0027279783971607685,0.0776359885931015,249,44,219,0,0,0,0,0,0,512,0,0,512,0,0,263,0,0,249,0,0,,0.10901870299130678,45f9b2f31dde33db60f74322d1097c5e:0:0,64192f94963e7dca546ddcac97199c6a:0:0,eb54d7db9d7266dc0f6b6ec4cad94078:0:0,e36cf2414847248ed6bc817952f6968f:0:3497211930,6cd760b363aecfcb6f62e2f28be52925:0:159178176,1.0
239,2,239,1,legacy,0.0003,0.0,3.737414293435706,18.91230722877133,0.004919387865811586,0.020703125,-0.0013432868989184498,0.0026979463058523835,-0.0023472802713513374,0.07408900558948517,268,62,182,0,0,0,0,0,0,512,1,0,512,0,0,244,0,0,268,1,0,,0.1108212131075561,e6ca737e56ac11f413161cb0e4c6985e:0:0,52a2ecc2b0fb7e6a3565d83c38c23105:0:0,9eff931c08d54821db9101e58d14705d:0:0,4181500ef63ff3d23b755bb19e90a28f:0:1365080820,02180f5c61ff693dd1a094110dcaba50:1:3552090957,1.0
240,2,240,1,legacy,0.0003,0.0,3.757179415710743,19.265243660189135,0.0021720195654779673,0.048046875,0.0011661111144348978,0.003140261396765709,0.001311926869675517,0.07934626191854477,239,55,218,0,0,0,0,0,0,512,0,0,512,0,0,273,0,0,239,0,0,,0.1400390559574589,5fcd5c1b150dd09dd71b26c30ac3b45e:0:0,e3a6050f7fe619c8913027ed0988739a:0:0,564538997d124277640de8d1f1537a15:0:0,d4585304c1cf43835d4822673d6aae8f:0:2206932965,5712d278274761b13c8ec608aa8d93a5:0:1469096796,1.0
241,2,241,1,legacy,0.0003,0.0,3.6900900046307816,20.404553240295797,0.0033370915334671736,0.0494140625,-0.002390727121382952,0.003493633645121008,-0.0047992682084441185,0.08470108360052109,239,52,221,0,0,0,0,0,0,512,0,0,512,0,0,273,0,0,239,0,0,,0.13529455696698278,56ba835a29f71e17ed653df54300d05e:0:0,61a861199cb6781c82e5b831cef7b39b:0:0,51511182d4d1dd3aa648cd7a5ae8b520:0:0,f0e8c70cb92a9d0bdb119d262f84ba8f:0:3214254761,8f2d2a9e471cdf0beae71cda3d95efb0:1:2404460055,1.0
242,2,242,1,legacy,0.0003,0.0,3.7403476432585574,20.50463153188069,0.0019982517696917057,0.0412109375,-0.0012459936551749706,0.003502062417101115,-0.0004591795732267201,0.08398943394422531,238,48,226,0,0,0,0,0,0,512,0,0,512,0,0,274,0,0,238,0,0,,0.13909006596077234,dda7ff9b76afca96e8ed7ee38d7dec5e:0:0,a0bc4c65f731d21e002033cbfb874929:0:0,5492f5c2794b8151f3deab051981ef87:0:0,f9d64b3aeb6b7d5ab0a9d37a74dec68f:0:637427970,f6791912f4e9d902903870adaef2526a:1:839601658,1.0
243,2,243,1,legacy,0.0003,0.0,3.7496286298239223,19.617470593562448,0.002983365673571825,0.1015625,-0.0010588903445750476,0.003440916584804654,-0.007672404404729605,0.08298847079277039,265,62,185,0,0,0,0,0,0,512,0,0,512,0,0,247,0,0,265,0,0,,0.14040421799290925,1c0775c31a0321b0cb474629ea3b085e:0:0,fda577c2d4626ae78b5fae65fc2871a8:0:0,8684976cbd7fdaa715d917b4fbcf53e4:0:0,aa9f6b347a17720942e40cf00d78d28f:0:4045265896,151e27e02e4ce83c4c621462121a5a3f:1:449569180,1.0
244,2,244,1,legacy,0.0003,0.0,3.690362669837942,19.7309539132309,0.003989425487816334,0.0515625,0.0021013667341321708,0.003070001560263336,0.0009637502953410149,0.07882744073867798,268,56,188,0,0,0,0,0,0,512,1,0,512,1,0,244,0,0,268,1,0,,0.14439888601191342,611264101129660920a030645938245e:0:0,570ea62826450c88470b72e82f4fe25e:0:0,8c039563a223f5d8946a9ed0c7fbbcd4:0:0,69b7e36b72c1d9c06b8ed112f952de8f:0:3837907904,19a7cb1ee5be49eb1d0118d394ed8983:1:2685573967,1.0
245,2,245,1,legacy,0.0003,0.0,3.651040465319376,18.67979607623966,0.005186147056519985,0.0705078125,-0.011091338377445937,0.0031083976151421665,0.007482166402041912,0.07874339073896408,250,52,210,0,0,0,0,0,0,512,0,0,512,0,0,262,0,0,250,0,0,,0.14376348990481347,3a12daf5b8076f3d1bc01a2eda75405e:0:0,d1abb5915848976b6b1aa2bb332be417:0:0,1f886c19a3e8a505bfe403de0d8cc3a3:0:0,8587b0d2235347dd8573e76f386cea8f:0:2376062633,4abf7a3f82ce072df1a722ca6f25746b:0:3704729286,1.0
246,2,246,1,legacy,0.0003,0.0,3.6883828452160867,19.501558756185933,0.00047291244845837355,0.0158203125,0.002026693453080952,0.0026089420542120935,-0.0064884028397500515,0.07281994074583054,224,45,243,0,0,0,0,0,0,512,0,0,512,0,0,288,0,0,224,0,0,,0.1415022120345384,e9d63083d4606a0fb20920256df25c5e:0:0,bcfbec8ca018ebe2dccf0975d67bef96:0:0,2db88e7bced28ff35450226440be8b15:0:0,5b1cdff3db828b5778585790cac6f68f:0:301424781,cafc0cf329b273badf99d6c6f860940c:1:1988981876,1.0
247,2,247,1,legacy,0.0003,0.0,3.606404679962252,16.448982125873357,0.01518432330340147,0.0568359375,-0.003210717672482133,0.002475427952595055,-0.0016349859070032835,0.07064545899629593,295,42,175,0,0,0,0,0,0,512,0,0,512,0,0,217,0,0,295,0,0,,0.105815623071976,f65231931795bad5b7779ee413af785e:0:0,6115fe6fa70c2e5fbca6ed7790883ec3:0:0,08977b48bb4d5c5d2d1af4bd37b62ba9:0:0,43a36eac4e0b58e3c4fc6903b061028f:0:1517061983,38801d3df3d60da64f4cb355714aff3a:1:3396460338,1.0
248,2,248,1,legacy,0.0003,0.0,3.7253447731215035,18.733342558344113,0.0032750791870057583,0.04765625,-0.003801361285150051,0.003121157723944634,-0.0004910996067337692,0.07900439947843552,263,57,192,0,0,0,0,0,0,512,0,0,512,0,0,249,0,0,263,0,0,,0.10501886799465865,a05b669642910221faa23306cbac945e:0:0,2abc797d93da02a6a1797d96714591f3:0:0,30971a8761b42ea9498ad3ca66b7d73c:0:0,baabff02042e985b911ba353e93b0e8f:0:1900524630,a606a3c40a6513f5554a705e14ff2cdc:0:3440332063,1.0
249,2,249,1,legacy,0.0003,0.0,3.765078781865501,20.177223413266887,0.009259968996047974,0.0697265625,-0.00441902601160109,0.0038300450425595043,0.00029929401353001595,0.08786843717098236,239,58,215,0,0,0,0,0,0,512,0,0,512,0,0,273,0,0,239,0,0,,0.16813988704234362,317c309a577443b160b9b92995e9b05e:0:0,69d78cae377abcd4d9af1bbcd167ff32:0:0,875b5cb1bbc6deea38399ca701285177:0:0,6e2f90f396085560b36cce0d75551a8f:0:1806302715,96fbbee5df04c7415216568512627760:1:107689345,1.0
250,2,250,1,legacy,0.0003,0.0,3.7760008122373607,18.97229584328457,0.0008199030999094248,0.0501953125,-0.0026415822096168993,0.0034245086135342717,-0.007430470082908869,0.08277443796396255,266,57,189,0,0,0,0,0,0,512,0,0,512,0,0,246,0,0,266,0,0,,0.17024025495629758,4fc8cdaa84ac2f9701894de87266cc5e:0:0,ebf10883f87892eb4df6b164636c5b56:0:0,313275d14f16e25e492236c2ea0de9e0:0:0,c553fc529a475342bfa1f0bc54af268f:0:108488564,25a176c8320781ab5a10cf8a3173f274:0:4022327516,1.0
251,2,251,1,legacy,0.0003,0.0,3.70943269164056,20.043428002361207,0.010375194251537323,0.0455078125,0.00022779665887355803,0.003123246808536351,0.0028367256745696068,0.07897479087114334,248,59,205,0,0,0,0,0,0,512,1,0,512,0,0,264,0,0,248,1,0,,0.1715585789643228,2933ba76b5008da843764ddf6123e85e:0:0,d00c72c93da7d7bd5695b674c74a0d27:0:0,5d607c5689506af4ca754d95320e042e:0:0,d77a73127fd24424126852ec8749328f:0:2433742788,6c173774d6f129889d2e0a43a72560f7:1:982069246,1.0
252,2,252,1,legacy,0.0003,0.0,3.742320969779792,18.03550646793093,0.01046699658036232,0.100390625,-0.00879047466441989,0.002685421390924603,0.003760274965316057,0.07411292940378189,258,54,200,0,0,0,0,0,0,512,1,0,512,0,0,254,0,0,258,1,0,,0.17485888907685876,79a869c5f03ecb28f78055aa6221045e:0:0,fc0cd4874e91f52c01a4fb4978bd7500:0:0,9e3f565ef01452081f926ff38db4cc03:0:0,bd56efbcc3e6a35edd687c2a0d233e8f:0:657300875,faabc00bb9eb0c91977a6408d3374208:1:3074854925,1.0
253,2,253,1,legacy,0.0003,0.0,3.79440942839252,17.18330927270273,0.003857250791043043,0.0828125,0.0034392462112009525,0.002216437441529706,-0.0058474354445934296,0.06703989952802658,270,47,195,0,0,0,0,0,0,512,0,0,512,0,0,242,0,0,270,0,0,,0.1774749760515988,634fe8e7f81aaab7754141e5755e205e:0:0,59008835aa1fc048e07c3c65bd5770eb:0:0,d88bfc771ad63716b7628760ecb4250d:0:0,8cf51b07373d332a33463400e63d4a8f:0:4196405044,436fab527eae8c19943001b71e8582ff:1:250009439,1.0
254,2,254,1,legacy,0.0003,0.0,3.6771418803341738,18.328115249843215,0.0036494326777756214,0.065234375,-0.006065128790214658,0.0030830836854875087,0.002740774769335985,0.07857304066419601,263,51,198,0,0,0,0,0,0,512,0,0,512,0,0,249,0,0,263,0,0,,0.16953471105080098,f91bc303cce11678b6ed2f2c9adb3c5e:0:0,3d22b37f2cbd046ed3d0f990d1c16134:0:0,661a2fee1b89a9f74fa38f5218d73311:0:0,22e4e6d444c01d7f13a081fd1297568f:0:4029760615,f44e38f5bc775672eb246d11c39c3aee:0:4216500003,1.0
255,2,255,1,legacy,0.0003,0.0,3.642963991973961,19.20823279481798,0.002889629453420639,0.0318359375,-0.0008321092696860433,0.0029920776025392113,0.0023045893758535385,0.07716838270425797,243,60,209,0,0,0,0,0,0,512,0,0,512,0,0,269,0,0,243,0,0,,0.10481005592737347,6b474bcb0599148475527a1bd298585e:0:0,3402b2b834b1c1ea1f0236417075334a:0:0,0afc840ddda68375bda70ef058524d90:0:0,098edc306c5eb83d7711adaa9231628f:0:2678578278,497dd3fa209931a3aacf6bc919535a9c:0:2597320940,1.0
256,2,256,1,legacy,0.0003,0.0,3.716294868754403,16.545282632988734,0.004101904109120369,0.0833984375,-0.0022735552862286567,0.0023787599173374476,0.0006902492605149746,0.06906601041555405,261,42,209,0,0,0,0,0,0,512,0,0,512,0,0,251,0,0,261,0,0,,0.1071870819432661,2e2e6cc4272edd9143d9bf4f1c95745e:0:0,36f3e7dfe853a68327bc4c7bd2f34146:0:0,3ed74627af2e21558e76603bda5a9d15:0:0,4f25e52b648aec915b2f3e95650b6e8f:0:809747073,c9535b8db5ca387b98f85973fd23ab93:0:3233780282,1.0
257,2,257,1,legacy,0.0003,0.0,3.6534805546185822,17.823963543027155,0.0009901768062263727,0.024609375,0.0011505777481943368,0.003291869885288179,-0.0027256347239017487,0.08135402947664261,253,53,206,0,0,0,0,0,0,512,0,0,512,0,0,259,0,0,253,0,0,,0.10600908403284848,67e31f08664515e0ac85db6278d2905e:0:0,67746ded2b3e13aa7b91dab0a9614fb3:0:0,baaf96916eeac2e1b97dbec3e914a0a1:0:0,de1232b694ec4197ce89fc498b257a8f:0:933101119,1d3e9304b0dc378166fe4448620094b5:0:1761051054,1.0
258,2,258,1,legacy,0.0003,0.0,3.821972367518123,18.137991942829636,0.006105554290115833,0.116015625,-0.004092013742774725,0.002347433299291879,0.005174086894840002,0.06897295266389847,258,48,206,0,0,0,0,0,0,512,0,0,512,0,0,254,0,0,258,0,0,,0.10369609389454126,a28fe5fb7f48286b4bf3eaf1e74fac5e:0:0,c9c04583620085fce5968bccff3aa277:0:0,d6d39eeefc6a0ed0ae775b476199d2b3:0:0,e646c1fddcd48a43fcadee53047f868f:0:1972885356,62b683a5057cc8e81175588b7015fbe6:0:1764953715,1.0
259,2,259,1,legacy,0.0003,0.0,3.7135308338400326,18.907168985282397,0.004158178344368935,0.0638671875,-0.0021359700709581374,0.0038449831539765,0.00017444754485040903,0.08828797191381454,261,66,185,0,0,0,0,0,0,512,0,0,512,0,0,251,0,0,261,0,0,,0.10336922307033092,6335e62e905fc44ced5b4a99680cc85e:0:0,8b36ccbe729c2cccd3c0d0853577053d:0:0,d203c2ad574f7ee4af7012654e486fd3:0:0,0af8f3fad80236843a225c3dd119928f:0:3426135025,749d9c014595436dc346ac3f6bfaf70f:1:1937613589,1.0
260,2,260,1,legacy,0.0003,0.0,3.656346662381949,19.102142132797795,0.0028391899541020393,0.0310546875,-0.00233584544621408,0.00304466662928462,-0.003699379740282893,0.07817083597183228,251,61,200,0,0,0,0,0,0,512,0,0,512,0,0,261,0,0,251,0,0,,0.10379149799700826,07f0964920da7c70a68d96f4fb09e45e:0:0,239ff0dbe1ea5f2c0a64d9342c6f596f:0:0,18957ae3e2ee3d0f5f4b8b6b94b29539:0:0,4ae7a54e143c47a71069cd95f0f39e8f:0:4132050595,7d8ef2bbe76d7dec7e855395a88c4beb:0:2680318990,1.0
261,2,261,1,legacy,0.0003,0.0,3.806845165501098,17.503275445473232,0.0002406090497970581,0.0330078125,-6.515625864267349e-05,0.002783990593161434,0.013762449845671654,0.0774134024977684,258,53,201,0,0,0,0,0,0,512,0,0,512,0,0,254,0,0,258,0,0,,0.13894178299233317,68df867dc1af897cf3f6aca0a047005e:0:0,92f46a74ff2bb2097d16a141f60be583:0:0,fac5f809edab9d5de57865d38c39e547:0:0,ed053bb4ea53e8004a0209e7640daa8f:0:3773188721,6d1fb6b4059fb2e2f1089c15196c4cc6:1:2659173523,1.0
262,2,262,1,legacy,0.0003,0.0,3.6235707600246263,17.98951337961867,0.008644499816000462,0.042578125,-0.003177315928041935,0.0021022666769567877,0.000685506034642458,0.06433902680873871,265,55,192,0,0,0,0,0,0,512,0,0,512,0,0,247,0,0,265,0,0,,0.14551610394846648,556855b9f2b2adffd49ca83857c41c5e:0:0,7b99bbdc4ab033c462969c35e813ff00:0:0,abb4d8dbfc68f247136d041f4f5bf9a1:0:0,132e31bded17a5cdfe6418be2a67b68f:0:785687184,8a978cb6add30cfbc35fc2af08c55fa2:1:1766167766,1.0
263,2,263,1,legacy,0.0003,0.0,3.7425840227718865,18.428030506273885,0.003722927998751402,0.0763671875,-0.005473969457671046,0.0025995075004175304,-0.0032951650209724903,0.07192467153072357,260,49,203,0,0,0,0,0,0,512,0,0,512,0,0,252,0,0,260,0,0,,0.14414706197567284,5eefa26b38163cdae61fe6582181385e:0:0,f33d96866033d1d9b03d2d81ac68c3c5:0:0,f0010956965686ab625aa5d7a91bc8c9:0:0,e3dbc8a920c4515d9e0441a64401c28f:0:3750301540,80a99ad052bee147611ed075241898c9:0:1990621582,1.0
264,2,264,1,legacy,0.0003,0.0,3.774282820169368,18.24073262211021,0.003237395081669092,0.0734375,0.0015253143617883324,0.0024658184440340845,0.0054630134254693985,0.07020919770002365,238,59,215,0,0,0,0,0,0,512,0,0,512,0,0,274,0,0,238,0,0,,0.16681657801382244,a4af975d8bd741ef80bb039bfd7e545e:0:0,534372244bdb260abacb215a6d8e8d75:0:0,08f3eb151ea985f842568d48ecdb3978:0:0,75b8b3ac6d7f7e70fe520c2bb0dbce8f:0:3978659836,06f8353802371aff873e7be191753274:1:3236112236,1.0
265,2,265,1,legacy,0.0003,0.0,3.823926830179248,18.78138009293613,0.006106785498559475,0.0486328125,0.0015658907126635314,0.0030667775543406607,0.0007625638972967863,0.07825548946857452,256,63,193,0,0,0,0,0,0,512,0,0,512,0,0,256,0,0,256,0,0,,0.16341664409264922,b435a3e196afcd0ad342dc9febbb705e:0:0,2965fa884f4b40012c4631088e2bd753:0:0,bf571c551cc98061dd8bd213fdf51e2a:0:0,bfe3c71fff67a8e365b83fda70f5da8f:0:4052426532,7ffe0f7313b25f3ec1fca49e535327e0:1:2177036733,1.0
266,2,266,1,legacy,0.0003,0.0,3.67297314527465,17.540239165467142,0.007842938415706158,0.0431640625,-0.0035571121145039795,0.0025824752636253836,0.006737936288118362,0.07245524227619171,250,45,217,0,0,0,0,0,0,512,0,0,512,0,0,262,0,0,250,0,0,,0.147017527022399,418ef9135c2b5f11ff268dffec388c5e:0:0,81df6005da6daa35114516368136c9ee:0:0,f4b5fd66bfe5a11547112cd25867355e:0:0,bac2f96186c5fc8e979ce43e844fe68f:0:1971063336,363784c047ee67f4a72129a6555af18d:0:3016526005,1.0
267,2,267,1,legacy,0.0003,0.0,3.7939354192594488,17.88002429486426,0.0018890035571530461,0.015625,-0.000585220567882061,0.002697851834818721,-0.008246202021837234,0.07382962107658386,264,62,186,0,0,0,0,0,0,512,1,0,512,0,0,248,0,0,264,1,0,,0.1279934310587123,ab848cc44579796e346f7457fef5a85e:0:0,f746d154f7fb0808fbde2a969bc1e56c:0:0,40c2bff48596572ce8fcd08dc125953b:0:0,8acf52888aedc06fe06140e3eae9f28f:0:3623947448,445498292d435dd04e8614759d8b1454:1:616695145,1.0
268,2,268,1,legacy,0.0003,0.0,3.761996796497384,16.81543378074748,0.0012563909403979778,0.0130859375,0.0009369455277919769,0.0025892697565723212,0.002146362792700529,0.07203569263219833,265,49,198,0,0,0,0,0,0,512,0,0,512,0,0,247,0,0,265,0,0,,0.1218531240010634,25bba535b69a4fb8cdc12c4423f2c45e:0:0,7773c16ef810aabe2fc9f19335ec94c5:0:0,8668860cb95502dbc2e8b819253830d9:0:0,f3f8c3514255650d2161dd56a4c3fe8f:0:697426046,8e897da14cfdb015ae3d2bf37d634285:0:1177804370,1.0
269,2,269,1,legacy,0.0003,0.0,3.658900084397834,17.486141933078514,0.01113666221499443,0.0650390625,-0.0014371274970471858,0.0022209692164324225,0.007138834334909916,0.06732909381389618,237,49,226,0,0,0,0,0,0,512,0,0,512,1,0,275,0,0,237,0,0,,0.10696696396917105,2e5f4f7b99819ba76c5992605b2fe05e:0:0,c2874366d740a2434ef64cf21949311b:0:0,faf5a5642c8adee0fefc26cd9de8389f:0:0,646742eea2753619dcf68122b1de0a8f:0:3583920988,69e5250b0132bf71e7ba535a805afe19:0:1511021091,1.0
270,2,270,1,legacy,0.0003,0.0,3.726206150977404,15.402279140435947,0.002113624941557646,0.028125,0.0006691794376820325,0.0022929259168449788,-0.004363054875284433,0.06756206601858139,289,44,179,0,0,0,0,0,0,512,1,0,512,0,0,223,0,0,289,1,0,,0.10853280103765428,d9619d088acb93381410c348a4acfc5e:0:0,c5529457af5dfe0561cfbbc7427170b5:0:0,bba03b851a7ec1ffbe891708f11dee5d:0:0,93b506bf99f7af5c427233d41238168f:0:3099392925,10d6c294f997bfc0aada772c8fe4d253:0:1000393563,1.0
271,2,271,1,legacy,0.0003,0.0,3.777844469691707,17.80566466634994,0.006264629773795605,0.0720703125,-0.002713895170018077,0.0026944050565361976,0.0012499846052378416,0.07346485555171967,241,55,216,0,0,0,0,0,0,512,0,0,512,0,0,271,0,0,241,0,0,,0.11459696001838893,aaa91b8f93a0011d47591b99006a185e:0:0,9af476d12ca44b7f72b4a76af9ad3e8b:0:0,1b267f5d7dbb936ab641ea24082cffc6:0:0,f384262ea7c774d23a233cf6c5d2228f:0:2591141254,2c7df33b733ac16ae83bbf0ebcc16143:0:87591113,1.0
272,2,272,1,legacy,0.0003,0.0,3.9328002622325506,16.075365839721734,0.00036501127760857344,0.0931640625,-0.00602183286100626,0.0018182850151788443,-0.007730312645435333,0.060912154614925385,265,50,197,0,0,0,0,0,0,512,0,0,512,0,0,247,0,0,265,0,0,,0.10438492696266621,64dfad119c5f7f6a233f37ed6e67345e:0:0,0f58f84722efc66c0d91ba09f50495df:0:0,4879bc62b99ab3d9e056e6b9762d52e3:0:0,f2c8884e4186ee1671532416ccac2e8f:0:968541576,ef626e7b74d95252ad0dee4ae040f9d9:0:1307575858,1.0
273,2,273,1,legacy,0.0003,0.0,3.799847559554091,16.15157909631344,0.005029254127293825,0.0287109375,-0.003776675695553422,0.002645831648260355,0.0001681980211287737,0.07279368489980698,268,48,196,0,0,0,0,0,0,512,1,0,512,0,0,244,0,0,268,1,0,,0.11099772003944963,8e53b49703b6d47e7b69f4e1eea4505e:0:0,e0062d68d7de3b810b3f138606ad05ad:0:0,f76e6cf01ec1da4962335889c2b85f5b:0:0,5185900fbbfd85056646b0c026c63a8f:0:3153634172,eafc1e8bb9c62e0db9a22b3212325482:0:3616370282,1.0
274,2,274,1,legacy,0.0003,0.0,3.8226993650996883,18.393323071145318,0.0033751167356967926,0.0763671875,-0.0009859249927103519,0.0031004495336674153,0.010118233971297741,0.08020809292793274,241,53,218,0,0,0,0,0,0,512,0,0,512,0,0,271,0,0,241,0,0,,0.10450218594633043,aab376c005b47232f61a6f1281216c5e:0:0,2d8f1d2d6c332686a270aab44a0c534b:0:0,201992102d678f94bfa001f580946cea:0:0,6a559f3da80687a2743dea7ed420468f:0:162548551,04a312d46fa8ce1fa8c244d3fce5b15e:1:3593513731,1.0
275,2,275,1,legacy,0.0003,0.0,3.726637455502594,18.24792685577783,0.004035731311887503,0.0498046875,0.0004530235659331083,0.002878750720992684,-0.006601026747375727,0.07568179070949554,231,56,225,0,0,0,0,0,0,512,1,0,512,0,0,281,0,0,231,1,0,,0.148927190923132,799c9400de7c1745282c031b25de885e:0:0,55610624290b9503d5a50d6d0f35e99e:0:0,b0f344da0655e1b225bad78aa0d03c83:0:0,5d1837add68dad3cdf7418ded4ba528f:0:1879009028,29a21feee873d3257fedcc19a3835769:1:320181236,1.0
276,2,276,1,legacy,0.0003,0.0,3.773694581354843,16.47639883101082,0.0037129814736545086,0.0662109375,-0.004055231576785445,0.0020734215213451535,-0.004025000147521496,0.06509841978549957,269,52,191,0,0,0,0,0,0,512,0,0,512,0,0,243,0,0,269,0,0,,0.14222529297694564,2146a508d4349303b1144d97dcdba45e:0:0,c227b3a82d777f66e48de37191d2be3c:0:0,622e74d707c74758e6f612eb1c804c64:0:0,5dda3d6a76253ed4e11fc36c28945e8f:0:1656797049,66b4a73252f4bb89c960f75022190724:1:1994282711,1.0
277,2,277,1,legacy,0.0003,0.0,3.6447979444040257,15.905698109307597,0.0006868799682706594,0.05234375,-0.001522510638460517,0.0029474428039975463,0.0038598948158323765,0.07727303355932236,257,48,207,0,0,0,0,0,0,512,1,0,512,0,0,255,0,0,257,1,0,,0.15290173992980272,3c38407d93cbab3a56e32b24a618c05e:0:0,f9d608d468b60cc5682894ba37dc70b1:0:0,c536e4392f9426fc4cb10cf70e1379ac:0:0,07b2a3dcfcc1e2c0b372b1b2cfae6a8f:0:3663726903,2de8ac606c284f232acba707b4678bfb:0:2600526945,1.0
278,2,278,1,legacy,0.0003,0.0,3.746594539558139,16.976152013351985,0.0078422324731946,0.05625,0.0004061662824824452,0.0026147934840992093,-0.0044883550144732,0.07219526171684265,261,60,191,0,0,0,0,0,0,512,0,0,512,0,0,251,0,0,261,0,0,,0.16233615903183818,7b390bde8c2c245e2242b85d8195dc5e:0:0,e8686353f754cdfc010d903652a4ed6f:0:0,c8e89f9b97610c3b0adcc2f6efbdbfe8:0:0,6824a350d0280b919d99eb3eca08768f:0:2283751357,05c15e7609b771b317f544bf1704a317:0:152702308,1.0
279,2,279,1,legacy,0.0003,0.0,3.792711926059395,16.66673146247808,0.005117218941450119,0.0736328125,-0.003800409007817507,0.0025704193860292433,0.009032308124005795,0.0716872289776802,244,47,221,0,0,0,0,0,0,512,0,0,512,0,0,268,0,0,244,0,0,,0.15885502996388823,23d1f00e3381ebf97a7751de6f52f85e:0:0,8a53faf99b6e95464fab7c615d9957c2:0:0,38c15a522a179ba0e0b7642be7846b7f:0:0,77df736edf970a38ffbdb79c17a2828f:0:1101809084,ccf8ed2b2f5f52e4caa11ae58ce644de:1:1056560247,1.0
280,2,280,1,legacy,0.0003,0.0,3.679721560216162,16.968757946744304,0.0011665455531328917,0.033984375,-4.144785925745964e-05,0.0028739148401655257,-0.006383276544511318,0.07574920356273651,259,58,195,0,0,0,0,0,0,512,1,0,512,0,0,253,0,0,259,1,0,,0.1323629750404507,59e61ca962286558415f94436f50145e:0:0,fa2398368418c201dbe91d280b51b18e:0:0,5bb811a404688117363aa42e7c584ff0:0:0,d4aa729ea13dc36d5f019e56b87c8e8f:0:1600536778,c805b1cb4bf734d826439be721221a1a:0:2324372149,1.0
281,2,281,1,legacy,0.0003,0.0,3.881006180581798,15.80384683074556,0.0037152282893657684,0.030078125,-0.0020921391900628806,0.0031736635603010653,0.020340029150247574,0.0812012106180191,271,54,187,0,0,0,0,0,0,512,1,0,512,1,0,241,0,0,271,1,0,,0.11244281695690006,0a8433ff2eded873ef745c28818d305e:0:0,90c8357dd6711149013f4adcb6ae70f3:0:0,ea62ca956e0a7f202af7d7f76ef7f964:0:0,c13399842605084f718466faac969a8f:0:4286483091,a91e085df5a862883507bde7a9ddea61:0:1855397218,1.0
282,2,282,1,legacy,0.0003,0.0,3.898350132439966,16.1839008406637,0.0025340912397950888,0.03046875,-0.0013580946251749992,0.003189622040372342,0.0008354880847036839,0.08003440499305725,252,51,209,0,0,0,0,0,0,512,1,0,512,0,0,260,0,0,252,1,0,,0.12747999094426632,a93ec425f7df031fafc8c629a60a4c5e:0:0,1e37d8b0fbfe907950e25dc937f89fc7:0:0,249d72753c944b02a0032f525dd28136:0:0,a58d1d1e363b924f2a601913f3f0a68f:0:115533210,68e9c60558f9933a3820d4a3300e60ce:1:1039990036,1.0
283,2,283,1,legacy,0.0003,0.0,3.8256045191377823,16.15871428539233,0.007770393509417772,0.0384765625,-0.0021546668373048305,0.002372174244374037,-0.003388306824490428,0.06938141584396362,264,54,194,0,0,0,0,0,0,512,0,0,512,0,0,248,0,0,264,0,0,,0.16975346102844924,f26618548471cc747c0a2ee2dcc7685e:0:0,802ba25d6146739174384d15676eff72:0:0,2cd279124a613457cce39ac1d8a50f88:0:0,79ae3152a9afa250c5a9fc2e8e8ab28f:0:2626962302,3fbbd016abc28ed0ad19de5fe5b3a762:1:1399137604,1.0
284,2,284,1,legacy,0.0003,0.0,3.8378196750623776,16.74526352050354,0.006590181030333042,0.023828125,-0.0014119665138423443,0.0026884740917012097,0.0019608139991760254,0.07365785539150238,252,47,213,0,0,0,0,0,0,512,1,0,512,2,0,260,0,0,252,1,0,,0.1709782649995759,bda370506a9e1a7d388032f025c4845e:0:0,9c7a23d6df8916e7fd6ddfe0010b0796:0:0,efe334b7e0cbed337a0a11bb35408ac5:0:0,9d81f9026dc24311d47297d67c64be8f:0:2820886011,26b8053c687ad383fc0d3865f0f5da49:1:3849149086,1.0
285,2,285,1,legacy,0.0003,0.0,3.756443726474289,16.34371433308468,0.005158029496669769,0.0404296875,-0.0028547565918415783,0.0026354816975072025,-0.005416515748947859,0.07255155593156815,265,38,209,0,0,0,0,0,0,512,0,0,512,0,0,247,0,0,265,0,0,,0.16318781091831625,cff6ca6d248dca22d00caeed8101a05e:0:0,3339e780373dff2e80799aa0c04ce07a:0:0,3bed1c8216c34d39764ff3761a36a727:0:0,9b36d809ec002ece48c5b397bd7eca8f:0:2034629521,f4baa9cdb7663977950c66b5fe8895bd:1:230063042,1.0
286,2,286,1,legacy,0.0003,0.0,3.695308089200719,16.647357424156198,0.009289476089179516,0.04921875,-0.002936791116371751,0.002329533651936799,-0.0007122036768123507,0.06828869879245758,264,48,200,0,0,0,0,0,0,512,3,0,512,1,0,248,0,0,264,3,0,,0.14597086794674397,bc34a7418144c958502bbf76ee7ebc5e:0:0,33caddb9facc58c935a72e8c0754f90a:0:0,6adfd8ef9bf7715f3c4643e24adbbb04:0:0,1bd78eddc3cc582581aa56fe51d8d68f:0:2859071328,f8977ee90da88b46fbe1cbe644114622:0:232444989,1.0
287,2,287,1,legacy,0.0003,0.0,3.8235999231430613,17.373857276019322,0.0013271606294438243,0.0509765625,-0.004514177190139889,0.003225869277957827,-0.00139613077044487,0.08023399859666824,244,63,205,0,0,0,0,0,0,512,0,0,512,1,0,268,0,0,244,0,0,,0.14723224402405322,701884e35c46538704f3c1286e3bd85e:0:0,67e5c74060aab04ca003d290a9f776a4:0:0,0620024f02c0c95ca950bf47e5e4de9c:0:0,e6fec6bf09a8163f5722c9963972e28f:0:3993474200,10f64220c234b632f0f923da9c4ee7c3:1:503379487,1.0
288,2,288,1,legacy,0.0003,0.0,3.872781970806868,17.6066041631151,0.007475649937987328,0.0599609375,-0.006623391155153513,0.0023806742392480373,-0.0025829393416643143,0.06916794180870056,257,66,189,0,0,0,0,0,0,512,2,0,512,0,0,255,0,0,257,2,0,,0.17044954502489418,3c134223c7c4503a9515509e0038f45e:0:0,63e98889e93cc4db434705c841734d28:0:0,d4968ce781f30dff9f8376415913d395:0:0,0fed00cd7ea4f431262c92eb744cee8f:0:3308794436,7ffc4259fc48dee46372417787156b03:0:4139477966,1.0
289,2,289,1,legacy,0.0003,0.0,3.8757683043696236,18.659683081607056,0.0016027421224862337,0.051953125,-0.0006896661594510079,0.0031008105142973363,0.0018083674367517233,0.07925854623317719,241,56,215,0,0,0,0,0,0,512,2,0,512,1,0,271,0,0,241,2,0,,0.16883419698569924,276a28f014f4d40d1ddb4a73a476105e:0:0,863f226a958782550933b37c8ece6e51:0:0,1c35476de91aaf8c3961fa8e6c361f21:0:0,67b03189728c23a2dcc07a8a0266fa8f:0:1970050781,dd46dc276896294489665c1c7bcb3cdf:0:1090549286,1.0
290,2,290,1,legacy,0.0003,0.0,3.8589469117516173,16.900894688613022,0.001608592108823359,0.0654296875,-0.0055941656231880185,0.0025962504849303516,-0.0005577622214332223,0.07231655716896057,273,56,183,0,0,0,0,0,0,512,0,0,512,0,0,239,0,0,273,0,0,,0.1523316070670262,6b4409a66629c3d34f2acb455af32c5e:0:0,ada0b4c88fd1b6c16e3d72100fdb9f01:0:0,b241da82a4a3ddbbff0a0ddd3e1c665e:0:0,e0a3b5a2434792b405d287fde3c1068f:0:1899126688,f51a84c77f3440cc9022ce2d1f86b4e6:1:700602195,1.0
291,2,291,1,legacy,0.0003,0.0,3.777070655096553,17.624734727763645,0.006766568869352341,0.06953125,-0.0003951753955334425,0.002504365186905488,0.004277227912098169,0.07071926444768906,252,51,209,0,0,0,0,0,0,512,2,0,512,1,0,260,0,0,252,2,0,,0.10539784096181393,302597d6b6469a0887832faf23b0485e:0:0,da58441ff5ae6257a941737dc5e40a23:0:0,2ac5c7c9ab5e47817d0f6b4e1978f454:0:0,b696bc39ac18a520d55202d3185b128f:0:4149584413,ec036e700d44600e58db6fc397d030ea:0:2600482419,1.0
292,2,292,1,legacy,0.0003,0.0,3.84975928173117,17.228185335845403,0.001880986732430756,0.03203125,-0.001904930593445897,0.0027935216086916624,-0.0013946308754384518,0.07491666078567505,259,54,199,0,0,0,0,0,0,512,0,0,512,0,0,253,0,0,259,0,0,,0.10942471702583134,545d1b9381304e7aeffe144cfead645e:0:0,fc5706d5fc78e570094a4f84ba37edb5:0:0,6e70d67ffaeec649bf7ad9fa239bbf4a:0:0,db9ebe0f572890a734297295a0351e8f:0:3744623580,559b4501e157f2ab01bce0d666591389:0:1997083297,1.0
293,2,293,1,legacy,0.0003,0.0,3.8245547522417493,17.93999609510104,0.004175567999482155,0.0912109375,-0.005256014782935381,0.0032016038428992035,-0.005205635912716389,0.08048567920923233,244,52,216,0,0,0,0,0,0,512,0,0,512,0,0,268,0,0,244,0,0,,0.10458417807240039,4937891f78d36037984f55baebea805e:0:0,b19da54eec647d9564845e4ca1ee1fee:0:0,44c6986fef94e1f161b801e4b215f021:0:0,4f43205363fe5cabcc3e9ed17b4f2a8f:0:784633967,25f106859859dd503e1c30791c95e375:1:311293595,1.0
294,2,294,1,legacy,0.0003,0.0,3.8141617122435467,18.077585072307457,0.0123645830899477,0.075390625,-0.004423030046746134,0.0028085031546652315,-0.004999494180083275,0.07530982792377472,247,52,213,0,0,0,0,0,0,512,0,0,512,1,0,265,0,0,247,0,0,,0.10484210401773453,2ace2b6ff25c01b692c51094eb679c5e:0:0,41c2c0c5a6b144747383fae0a4efd0ef:0:0,28d22bd786c2e2803dc82d959343b758:0:0,9786b529d566851f14728f12a9a9368f:0:3689315740,f27d072efa5c63f1f97d95e898061717:1:2953391206,1.0
295,2,295,1,legacy,0.0003,0.0,3.9111777082902766,16.275632338867084,0.004658307880163193,0.0154296875,-0.0013100301846861839,0.002638870826922357,0.004239084664732218,0.07295604795217514,271,40,201,0,0,0,0,0,0,512,1,0,512,0,0,241,0,0,271,1,0,,0.10471919795963913,4d0c44a5f73c67471047a176fd24b85e:0:0,e3fcb405c8e4e299ef5dafe7fe2b7894:0:0,c3daf4443b3fd2d9cc482685f1e32170:0:0,849b6b34195840a25ca18ae52b43428f:0:2567799062,4c191b054a38ee19cb31c4e08b7f0b85:0:4239626469,1.0
296,2,296,1,legacy,0.0003,0.0,3.874781715166472,19.14218411140798,0.0044282106682658195,0.0240234375,-0.002725212834775448,0.0036714222747832536,0.008941702544689178,0.08601711690425873,229,52,231,0,0,0,0,0,0,512,0,0,512,0,0,283,0,0,229,0,0,,0.10875713604036719,c2775a4a259d37bb7c59a4fd2121d45e:0:0,682de994e4de97e17af709ec3e6c78b6:0:0,d0b5f66b8fc3f08f7100a8676b8896ec:0:0,ac0428c11d6469ecd9a319d5001d4e8f:0:579055396,4ca6cf5ea4fc930cb9348d1b33e5cacc:1:725098162,1.0
297,2,297,1,legacy,0.0003,0.0,3.92240655172213,17.670252326145274,0.007347911596298218,0.0658203125,-0.004328713426366449,0.002750611980445683,-0.0040044719353318214,0.07469821721315384,275,56,181,0,0,0,0,0,0,512,1,0,512,1,0,237,0,0,275,1,0,,0.10353409207891673,108b51c1cbd41f559917f7c3575ef05e:0:0,5a21926fb9bd522515fe35d437683c39:0:0,5033fedc129cd0902608c51205608411:0:0,91d0868fa23a0c70b14a036e28375a8f:0:413193583,bc2b9e317d4fa0d01b24910361b6517d:0:509884915,1.0
298,2,298,1,legacy,0.0003,0.0,3.654674698721832,18.899752789450154,0.0023742378689348698,0.02265625,7.91260041296482e-05,0.0036069832043722273,-0.0014453091425821185,0.08496340364217758,255,62,195,0,0,0,0,0,0,512,0,0,512,0,0,257,0,0,255,0,0,,0.10482676897663623,8c5d0c1dea7c84f29b39b6659fdc0c5e:0:0,47bc3e1f64364805e42ca0e5f38e0293:0:0,056c1856f6159736e440e692befd50c4:0:0,39b5e159c0cc944006644f3ca391668f:0:3409772358,4a0517646159838c98af518e6813d7ed:0:2501407914,1.0
299,2,299,1,legacy,0.0003,0.0,3.9023701554174464,18.179622107331326,0.00508743803948164,0.0724609375,-0.008629566291347146,0.0028319643228314818,0.0015406992752104998,0.07552807033061981,251,58,203,0,0,0,0,0,0,512,0,0,512,0,0,261,0,0,251,0,0,,0.11791216093115509,eaf2d70f08ce617746103d7ffa99285e:0:0,772864bd539b6721ae57cf3ebe9073df:0:0,a4eb4631e9425bf988ccceb358a20ef8:0:0,c95108abd3a7a13204bb44cc722b728f:0:2467948643,37dbb85188a4fad50a0d76f772cdf52d:0:2143415990,1.0
300,2,300,1,legacy,0.0003,0.0,3.737347637669343,17.456529196433234,0.0059813521802425385,0.0681640625,-0.005418882798403501,0.0028046691790223123,-0.008502799086272717,0.0750732421875,275,48,189,0,0,0,0,0,0,512,1,0,512,1,0,237,0,0,275,1,0,,0.14549240900669247,9d99cb7306cf397c078729ae6796445e:0:0,4a02ed41557318e99d076eaee7a52640:0:0,1d12d8482af222435d6ec3e06d914d10:0:0,f413acd436fc7d47ed136ba994057e8f:0:3355851757,a8ab8fb10300c86e64cc7fa09d74ca88:1:73899264,1.0
301,2,301,1,legacy,0.0003,0.0,3.8309941449053735,17.174060394134827,0.004875695798546076,0.0509765625,-0.005418085411656648,0.0031937455758452417,-0.023564696311950684,0.08821550756692886,267,45,200,0,0,0,0,0,0,512,2,0,512,0,0,245,0,0,267,2,0,,0.14281975396443158,cdb2109c58f939391424578ce6d3605e:0:0,11e0f8ce08ebc38d8897633860e94ccd:0:0,535b047f62a9e175fb1aa280a6046250:0:0,0b88950491f53652212c8b60091f8a8f:0:1252591513,235a94e7d99448424b1a746944dab88b:1:3379052768,1.0
302,2,302,1,legacy,0.0003,0.0,3.8558861459714384,18.00159309922993,0.0062680612318217754,0.065625,-0.000739109655842185,0.002984232851304114,0.005056914873421192,0.07860425114631653,253,47,212,0,0,0,0,0,0,512,0,0,512,1,0,259,0,0,253,0,0,,0.1579449069686234,6739f61c58f472b28307e3b778507c5e:0:0,814aa9ed8377e190e2880f566ea17e74:0:0,03d01ad726f74732ca14668f9e61d74d:0:0,b6f19a089bd95ad52fc1ab7bd179968f:0:2342147334,01ddbe0dd46400fc52203f0a1488de1f:1:1409122567,1.0
303,2,303,1,legacy,0.0003,0.0,3.8773740169299105,16.306653155018047,0.006580978166311979,0.058984375,-0.0027280455455183984,0.0025586015137378125,-0.0013643926940858364,0.07186869531869888,279,41,192,0,0,0,0,0,0,512,0,0,512,0,0,233,0,0,279,0,0,,0.16165192204061896,d008ec8496fe3e2469ec2aca1c0d985e:0:0,0374f3143eba7fd617646d1b4d7104a3:0:0,5224679de6bcd9786845fed9d35faafb:0:0,770a61418f905a2ee0891388ed13a28f:0:337626380,1a5126c0cdb0807f2e7980270124603e:1:80781979,1.0
304,2,304,1,legacy,0.0003,0.0,3.844135826138951,18.259596877197847,0.006035369820892811,0.050390625,-0.0042291669175028804,0.0023257901426404714,0.007945545949041843,0.07002321630716324,249,56,207,0,0,0,0,0,0,512,1,0,512,1,0,263,0,0,249,1,0,,0.159966763923876,dd6f983d579abcaef925c960d20ab45e:0:0,00a32b6667cb9eb7be2a543b969508e3:0:0,ec0320801eefaa8ebcea97b5d0fe8273:0:0,2932dee0c00d87fb40344b135bedae8f:0:1562001829,db4b10f9be7fb49907880961c6a7054a:1:208036323,1.0
305,2,305,1,legacy,0.0003,0.0,3.7618377883504124,18.24870630387565,0.0027708353009074926,0.0470703125,5.488754250109196e-05,0.002828778454568237,-0.0026752687990665436,0.07575550675392151,252,55,205,0,0,0,0,0,0,512,0,0,512,0,0,260,0,0,252,0,0,,0.1131577380001545,85118839a92c7d4297a39c179a47d05e:0:0,b7a2875fc85e260c9b1ca2659f5a09ba:0:0,4d36ef911dd575698e31b115364275e8:0:0,abacbda70031c2b9ac7019a71e07ba8f:0:495006,5d7edce22ff2d31177fb9a8933afdf4f:1:3122183253,1.0
306,2,306,1,legacy,0.0003,0.0,3.6230545301228654,20.044004009622185,0.007429724093526602,0.1025390625,-0.00539032876258716,0.0035732849268242718,-0.0016482062637805939,0.08484477549791336,246,56,210,0,0,0,0,0,0,512,0,0,512,0,0,266,0,0,246,0,0,,0.10684591101016849,da8784fbbd0e43cbfeeebf8a74c4ec5e:0:0,5cf6f030fab77a56ef7e8559cb070cb0:0:0,3d4d4dc0096200677c88d5313b186200:0:0,862eedb9d0aebdb1dfe486d03361c68f:0:4058496415,9369c09f8bbedc0a66cd3551d7cdbebe:0:3855037995,1.0
307,2,307,1,legacy,0.0003,0.0,3.7277143949980918,17.233661044912374,0.0017420483054593205,0.060546875,-0.0007879916112869978,0.002684951270930469,0.006611173506826162,0.07335823774337769,257,45,210,0,0,0,0,0,0,512,0,0,512,0,0,255,0,0,257,0,0,,0.1074046220164746,5beef3066fcaf2a0572a90556182085e:0:0,3dc9da1a678e61f54179e5aa92ce0872:0:0,6965ca6f371a1bec00bf95b8dd3eedc8:0:0,021acb6a8677ee18fe34da1a9bfbd28f:0:4230877552,ecfbfc245853a1b35851188f79f269d4:0:2505872740,1.0
308,2,308,1,legacy,0.0003,0.0,3.817483093060142,17.113275777393255,0.002330721588805318,0.0521484375,-0.0024949469603598117,0.0024359725415706635,-1.673150109127164e-05,0.07032209634780884,273,47,192,0,0,0,0,0,0,512,0,0,512,0,0,239,0,0,273,0,0,,0.10490559902973473,8e3b66832c0f96295314ab14607f245e:0:0,a13b131725eff483bce344aa44b1f8cc:0:0,e058f9896c61793d10ae9b309b0cdbb8:0:0,5f568a16dc4d1b769fff9b1257d5de8f:0:831255425,eeb132a39feffd0c6e9f6a8a57c56abc:1:97191225,1.0
309,2,309,1,legacy,0.0003,0.0,3.8634126249915024,18.203338638194676,0.0029210997745394707,0.0515625,0.00045158015564084053,0.0028791121672838925,-0.0014437147183343768,0.07612854242324829,267,57,188,0,0,0,0,0,0,512,0,0,512,0,0,245,0,0,267,0,0,,0.10835373995359987,a92b448d93f392d14c04ec6371bc405e:0:0,adc46cc95dfa342652853ddacb657f29:0:0,98791db36ebfd13c3825d0a148827469:0:0,c178d695a1ea9349dede914366efea8f:0:1205257989,d4f83343c37f92458ac0b1f14e8afc86:0:3289748591,1.0
310,2,310,1,legacy,0.0003,0.0,3.761530250528092,18.768342903278178,0.009979549795389175,0.0619140625,-0.0009751556906849145,0.00302826234837994,-0.0031750882044434547,0.07785847038030624,235,40,237,0,0,0,0,0,0,512,1,0,512,0,0,277,0,0,235,1,0,,0.10417355003301054,c46729409c32f52f5ded70de95395c5e:0:0,a2eb95a835e8977720341d3377a2670b:0:0,89ec5444677985b7e37f9f5a3c7e56bd:0:0,ffc9f7ed7b6affee6166c439c949f68f:0:1029597097,ebc1094f7b06746580b5016152677d9d:0:3707898762,1.0
311,2,311,1,legacy,0.0003,0.0,3.8493131450012994,18.905988028113896,0.0021365683060139418,0.0419921875,-0.0029113576747477055,0.0028542271815240384,0.006685159169137478,0.07649992406368256,250,58,204,0,0,0,0,0,0,512,0,0,512,0,0,262,0,0,250,0,0,,0.10404203098732978,cdd5c04b04f6e473835a9521caf6785e:0:0,00350fa36f89d5c0d7da78def16404aa:0:0,928ae20aa0b2725654819442059572a6:0:0,a4e7145ee366e2c167287b817ee4028f:0:4023304560,9d3b8f25a93948ac905e0742ec5cf350:1:3465202551,1.0
312,2,312,1,legacy,0.0003,0.0,3.770201466653159,18.492989423925653,0.007020123302936554,0.0517578125,-6.364749278873206e-05,0.002720633673015982,-0.00471282284706831,0.07375838607549667,264,56,192,0,0,0,0,0,0,512,1,0,512,0,0,248,0,0,264,1,0,,0.10650280304253101,becad07b5bc83712b172f5c912f3945e:0:0,7b7e2e88d032d57ed6cacdba1281127d:0:0,176efbf0a8313787955a14a7578cbb32:0:0,13ccac15e25db186d4af3ea687be0e8f:0:2624993579,5f71b03daa9206859b52a9d068fa536c:0:3500921736,1.0
313,2,313,1,legacy,0.0003,0.0,3.695451523962962,17.581071353842592,0.005067458376288414,0.03984375,-0.0014126358553767204,0.002650216215988621,0.0013823702465742826,0.07286868989467621,255,47,210,0,0,0,0,0,0,512,0,0,512,0,0,257,0,0,255,0,0,,0.1032802490517497,3cb0695df24829b2f3f76f706d30b05e:0:0,a0ca942f7a1df1a36a0cb9910f0d3e37:0:0,fa814d5e3d1451593f522abd01fd1e84:0:0,eaf5d2232df4970e3f81d534e3d81a8f:0:1560397299,7d2f15f18e5e6b268563055a5cb515df:1:2782330355,1.0
314,2,314,1,legacy,0.0003,0.0,3.7178909861371636,19.927955901592952,0.007471607998013496,0.084765625,-0.00263944948092103,0.003388215706218034,0.0030097919516265392,0.08244329690933228,259,66,187,0,0,0,0,0,0,512,1,0,512,0,0,253,0,0,259,1,0,,0.1436090440256521,445c6cb1754b385789431eb3d9adcc5e:0:0,fc44aab2a369a472f17dd3353c3174ef:0:0,ea3174a31039ea864f50a91aa9d0082a:0:0,4e562fa7a296d717fa2246b89332268f:0:2654148238,5628e2a20d659204e2b0b0a8d32323c3:1:898514340,1.0
315,2,315,1,legacy,0.0003,0.0,3.835778316265756,18.382958463870835,0.007298864424228668,0.0796875,-0.00680720442906022,0.003046768472995609,9.255294571630657e-05,0.07791139930486679,275,50,187,0,0,0,0,0,0,512,0,0,512,0,0,237,0,0,275,0,0,,0.14003052294719964,dfb314210ff219ccfe4b602f586ae85e:0:0,dfc38928d72fcf42db8e6a6ab88f2aa7:0:0,4d156828b49e6905dfb18e43c78e9cfb:0:0,b17d6c684a03d57a200ddabd95cc328f:0:1834876158,9f3425a31f97ed104eb4562e63f9ac5b:1:452516994,1.0
316,2,316,1,legacy,0.0003,0.0,3.850144682351984,18.188019784992004,0.008119150996208191,0.09453125,-0.00649328890722245,0.0027143188752233984,0.002700734417885542,0.073731929063797,253,51,208,0,0,0,0,0,0,512,0,0,512,0,0,259,0,0,253,0,0,,0.1461005329620093,65c0965d465cdd554a9fd07ee968045e:0:0,1e2eb18f8e5ad6afe46cbcc5c4d73fd1:0:0,f7c38aa3610e88b6f9cb00424241b473:0:0,ff6b334c6156c085a1bd18cfeba63e8f:0:3182188295,1f2f1dea7ae8a6ff2f1784067d11a429:0:2892001587,1.0
317,2,317,1,legacy,0.0003,0.0,3.7227465867629457,18.846395351528898,0.004913097247481346,0.0171875,-0.00013452288694679738,0.0032203596318140628,-0.0024389943573623896,0.08093149214982986,253,64,195,0,0,0,0,0,0,512,0,0,512,0,0,259,0,0,253,0,0,,0.16329346096608788,9858ad56f3942a93ec6a4c3e8ca5205e:0:0,d5896a7ef79b7ee33ef49e3f5d312d8f:0:0,9053b7a8e402cfd42a4d3a2996f17193:0:0,88c3b0921113deab50a3c87b94c04a8f:0:1635050761,541cdb08a33657f9415f50a40ab7e2e2:1:229169322,1.0
318,2,318,1,legacy,0.0003,0.0,4.002780202630502,17.270264773205746,0.004722634796053171,0.0396484375,-0.0006739467382431031,0.002809253556188196,0.003643191419541836,0.07574839144945145,261,54,197,0,0,0,0,0,0,512,0,0,512,0,0,251,0,0,261,0,0,,0.15880968607962132,49ca7a0a1644a3ba046ef00a42223c5e:0:0,7d2497d7d88cdafe6a9d98bfe0dd07e4:0:0,59da101c90be0b5159a264640aebab7f:0:0,e66d1ad1c9c77f60eb30f14c911a568f:0:2935344812,5ca43475a68a707cecfddecef732272d:1:1890493280,1.0
319,2,319,1,legacy,0.0003,0.0,3.8867159627921164,17.73296360285519,0.00427591847255826,0.0466796875,-0.0009775556158274413,0.0029755549505352972,-0.005721447058022022,0.07694687694311142,262,54,196,0,0,0,0,0,0,512,0,0,512,0,0,250,0,0,262,0,0,,0.13518152199685574,439218f057e869f2720c187e09df585e:0:0,2ab823052f074921d8c5e151a8b63dbb:0:0,f131397dbc2aabe68f03c5c8c71b7384:0:0,f167973377c28f4628cedacee0b4628f:0:2593447897,f3466c4a901b5ee0ea5af9fd339d2eec:0:2445892474,1.0
320,2,320,1,legacy,0.0003,0.0,3.518770744087554,18.94255513530283,0.002128804801031947,0.0130859375,0.000327322306111455,0.0030823009088635444,-0.0058720894157886505,0.07803472876548767,252,57,203,0,0,0,0,0,0,512,1,0,512,0,0,260,0,0,252,1,0,,0.10561776300892234,1e672cdd79fac40def3a6235e3dc745e:0:0,cb487b49b70f75a8271bdc81db119ffd:0:0,e8265fdd8f06654e12a7ddb1c4aa364b:0:0,042994840080cf89c5e30c8e838e6e8f:0:1625639941,7bd49a281ea8eefa7ddc377e09a41bbd:1:1546900764,1.0
321,2,321,1,legacy,0.0003,0.0,3.671570864541577,17.9123648518533,0.007207263261079788,0.08046875,-0.005943068745546043,0.0023061074665747584,0.007012356072664261,0.06870896369218826,255,47,210,0,0,0,0,0,0,512,1,0,512,1,0,257,0,0,255,1,0,,0.10831926809623837,ced8b4b214d1e76f2c8ca9cdd019905e:0:0,7d0cb54c6ef1250e14f41782804b8516:0:0,2ee42e5bd6874b964ea4d6da58ecf1c6:0:0,e1339024bc44b08e8fce4e1779a87a8f:0:4259197893,3d91891e20654b0e74d5c78022895eb6:1:728797832,1.0
322,2,322,1,legacy,0.0003,0.0,3.8674617517347825,18.19674394477737,0.01895434595644474,0.06015625,-0.0009764984250068664,0.0026284438441507517,-0.001855166396126151,0.07318495213985443,263,48,201,0,0,0,0,0,0,512,1,0,512,1,0,249,0,0,263,1,0,,0.1036834439728409,0a12aafb53bae336ed300be1ce96ac5e:0:0,49a60d9643d82fe5e8b2a598a66e7a61:0:0,20d0076edc1ac5315ad78204fb5923f7:0:0,c9271b19de74cfd070eca6f5c302868f:0:4017817437,4678af8fe90586a90058b71dbd19ac41:0:359932688,1.0
323,2,323,1,legacy,0.0003,0.0,3.7642834869089996,19.02989408000144,0.0033523396123200655,0.0388671875,-0.004565288033336401,0.0027017255604732783,-0.0017067822627723217,0.07364832609891891,242,64,206,0,0,0,0,0,0,512,0,0,512,0,0,270,0,0,242,0,0,,0.1063489040825516,86b1354099f3adb022ebe50ddf53c85e:0:0,3bb936a21361ff7109b8cfca54b293ea:0:0,4d84d7454140e43cd9ab5c3359cede7a:0:0,73b5e4c7ff4719097c955eb55f9c928f:0:230209632,ea230d965e8efb957ef1eb1e61f5d650:0:884580879,1.0
324,2,324,1,legacy,0.0003,0.0,3.809083949696653,18.341985957726024,0.017221394926309586,0.083984375,-0.00045140055008232596,0.0030014167947228997,0.0011239292798563838,0.07818567752838135,242,60,210,0,0,0,0,0,0,512,2,0,512,1,0,270,0,0,242,2,0,,0.10970896598882973,afe78b6a3c1f53fc0a21d1ee0250e45e:0:0,68a9861a9de19bfb93b7205f9392be8e:0:0,2e05e8b10f1a330f8b19acdafbe96e02:0:0,b5768c3c39458a96fb1afce24f769e8f:0:2264117656,1f7d00b9ade967d849eff1e87c527ab2:0:3568117218,1.0
325,2,325,1,legacy,0.0003,0.0,3.8960765078293402,16.75767111401776,0.006368501111865044,0.07890625,-0.0030423741322010756,0.0024295106646604835,-0.010936633683741093,0.07002635300159454,284,51,177,0,0,0,0,0,0,512,3,0,512,0,0,228,0,0,284,3,0,,0.11090968793723732,d7fe3e56b9d04bfe45cdaf1e378e005e:0:0,1a40d1305767f4846f17cd1fd8148035:0:0,f3da1e61523f2cb3f5c13b67d91d8872:0:0,945600258d389d1e75cb49089290aa8f:0:1761427900,36e17eac898c05c60d044253b6e2c934:0:1737613097,1.0
326,2,326,1,legacy,0.0003,0.0,3.601883055793773,20.40096257371975,0.001831838395446539,0.0982421875,-0.008140384126454592,0.0037819659919478,0.023121625185012817,0.08803381770849228,245,62,205,0,0,0,0,0,0,512,1,0,512,0,0,267,0,0,245,1,0,,0.11071390204597265,84851f5e22c4e888fb85993a7f0b1c5e:0:0,29ff41023cbb512c52f452df62358b64:0:0,78ce030ef41a3b867da300ae965f1549:0:0,583548f17f034e72c2ef4ab428eab68f:0:2816734827,2b1b2101d912d55ed8408eeb8fbf37d6:1:2721896171,1.0
327,2,327,1,legacy,0.0003,0.0,3.66962685829312,18.36721480278156,0.008593231439590454,0.0560546875,-0.00491249430924654,0.0028480081586167217,-0.0028742612339556217,0.07560481131076813,261,60,191,0,0,0,0,0,0,512,2,0,512,2,0,251,0,0,261,2,0,,0.11539427598472685,44c8c12d9371efc8ef79ecded8c8385e:0:0,9b5fdffddcb3d65d8530633343f8c453:0:0,2ddfc0a0afc254a1bfd7f8f241f1801b:0:0,b88cb7c91dfccfb911cb49711284c28f:0:4208999904,001aa21ce9581633a31b1f48d84667e7:0:2734800212,1.0
328,2,328,1,legacy,0.0003,0.0,3.7581785334533135,18.098287679687886,0.00917927548289299,0.0484375,-0.002108250604942441,0.002679230715148151,0.0011511016637086868,0.07330401986837387,249,53,210,0,0,0,0,0,0,512,0,0,512,1,0,263,0,0,249,0,0,,0.12948447896633297,d46a5d0ef47753f1a07546a744c5545e:0:0,085b2416898075c59d1a9210a7332514:0:0,c46056c5000d81fa17dbb99d82308345:0:0,95e6a076eb53d6cdf69ecccb4f5ece8f:0:3978324162,3c824efeeccc8b31e759989de4a21245:0:854177719,1.0
329,2,329,1,legacy,0.0003,0.0,3.7894606668380377,17.494649326184827,0.001256158808246255,0.0216796875,0.0006650062277913094,0.002742875658441335,-0.003527388209477067,0.07413827627897263,261,46,205,0,0,0,0,0,0,512,1,0,512,0,0,251,0,0,261,1,0,,0.11572996503673494,4aa2d65b689b0e2963dc832fc302705e:0:0,f7979bc82b09e6555d19b70ef6398b8e:0:0,7139237de102faefbc37994e4a1137d8:0:0,a9ecfb89510792ea76a49c4edf78da8f:0:4058226642,d32913333e338c5a72bf8611a959d471:1:1766992246,1.0
330,2,330,1,legacy,0.0003,0.0,3.685504062357809,19.243703254045165,0.005994255654513836,0.062890625,-0.003307027043774724,0.003022701106965542,-0.005790368653833866,0.07764177024364471,242,53,217,0,0,0,0,0,0,512,0,0,512,2,0,270,0,0,242,0,0,,0.11000065703410655,f4fea08114e61bb581aebf14537f8c5e:0:0,23f21fcc0f0fe2f668f5d81e975181fd:0:0,2f2c0e0eb398f61168711eed1c5146cc:0:0,35de91509c0244891412bf87c2d2e68f:0:271650401,5ef28cdb24f72b8baa6c8ba8b3b0d9da:1:2414126057,1.0
331,2,331,1,legacy,0.0003,0.0,3.7145322648011403,17.898983595528506,0.006732669193297625,0.0806640625,-0.001879475452005863,0.0026945893303491177,0.003393129911273718,0.07389943301677704,254,42,216,0,0,0,0,0,0,512,0,0,512,0,0,258,0,0,254,0,0,,0.10963886301033199,6c8072af2e7f9d66508556f0f63ca85e:0:0,f3d79d0fa3481587c79461a68654d223:0:0,2f5b8c9d7da43807426f0e9159d59258:0:0,e8c99da2abe1788ada1a7e01f96cf28f:0:3036211412,20bcd134c5f444c6d007edeaa6261ab2:0:1961933628,1.0
332,2,332,1,legacy,0.0003,0.0,3.7558517251991206,19.16657038040963,0.00896807573735714,0.0783203125,-0.0022224167361855505,0.0027441764483228325,0.0010917062172666192,0.07467465847730637,252,54,206,0,0,0,0,0,0,512,0,0,512,1,0,260,0,0,252,0,0,,0.1107339640147984,a853f6e579e219435193e761ab39c45e:0:0,ea96feca4fc345fc29370aca645f6cfe:0:0,0502ad78ef2c3273043840ab09440abd:0:0,f0233799caf7e69c68e85f498346fe8f:0:2360773892,df40033db91d4419b6cd24cf226d6740:1:441443638,1.0
333,2,333,1,legacy,0.0003,0.0,3.7982958723403595,18.50617101623142,0.003915749024599791,0.0693359375,-0.00944170963484794,0.002465508028399199,0.0012461820151656866,0.07018227130174637,258,56,198,0,0,0,0,0,0,512,1,0,512,1,0,254,0,0,258,1,0,,0.10751278197858483,7bd000cea706de774ca84d027276e05e:0:0,2b4974bfde5acd42aa3d4cdb75215dab:0:0,722db2982e74cf5c7281dc7514113deb:0:0,597c2fcf6114f2db01a42aea60610a8f:0:3621867875,f67470f7c00cecf6eea9b7849c7852c8:1:3337501594,1.0
334,2,334,1,legacy,0.0003,0.0,3.6839148984018575,17.89158107902804,0.007063827011734247,0.0865234375,-0.0029615453677251935,0.002952977397944778,-0.00021365763677749783,0.0770212933421135,250,52,210,0,0,0,0,0,0,512,0,0,512,0,0,262,0,0,250,0,0,,0.10976505500730127,40b9537736238b7c6c2aa46f4bf3fc5e:0:0,00e0b133eedd608312619ec95b3318ef:0:0,f9bec65c087f335eab435b6cf5107f0b:0:0,8e6d8ade739dd2b99270e87090bb168f:0:3697596550,959359c25cb62a18d537df2fc7137616:1:1826433760,1.0
335,2,335,1,legacy,0.0003,0.0,3.872384858277176,17.60515999526873,0.0019838521257042885,0.05,-0.002508219750598073,0.00258910822449252,0.0070075225085020065,0.07209266722202301,258,51,203,0,0,0,0,0,0,512,2,0,512,0,0,254,0,0,258,2,0,,0.10989683598745614,9cc3939cd095b688591d4a4437b1185e:0:0,1102aae545a1bf2bf48ba6cf4bbfb2d9:0:0,7603a87db89cc7c453f2addb7b4cc33d:0:0,b7a03d4525845525c26cdf681455228f:0:292130443,c09cca700b3c1dd1bd69dddb798d4705:0:397111985,1.0
336,2,336,1,legacy,0.0003,0.0,3.715555601120667,18.695087006239497,0.002162783406674862,0.0369140625,0.0002900372724980116,0.002629717078525573,-0.002303272020071745,0.07272440195083618,236,52,224,0,0,0,0,0,0,512,0,0,512,0,0,276,0,0,236,0,0,,0.11635291401762515,8c75b6fc4198b838571cdb1d35ae345e:0:0,b17ea49f8eb9ea3197625b693dd223cd:0:0,4839ba5998b73bb11e81b9fcfcd63da3:0:0,2c4d5907a9a74decfdb1975ceb2f2e8f:0:1819951001,6ac72780578926be58771490e76c20d1:0:960601036,1.0
337,2,337,1,legacy,0.0003,0.0,3.692356302963713,17.526816129544986,0.002836882136762142,0.0314453125,-0.0005232587922364473,0.0026807182002812624,-0.0017615433316677809,0.07318732142448425,267,51,194,0,0,0,0,0,0,512,0,0,512,0,0,245,0,0,267,0,0,,0.14196640206500888,581a0fae7a61987d6060339645eb505e:0:0,e0b828cb9f99d1e3fee7325f498b6473:0:0,01b73353a0f68468beabff36f4dcafe3:0:0,b3fd74c25a28a4618153d7db15493a8f:0:831845913,903f5657fb94f06f9366bbf5fdec2452:0:543657283,1.0
338,2,338,1,legacy,0.0003,0.0,3.597096735971933,18.043281922403143,0.010693229734897614,0.0580078125,-0.0036715745693072675,0.002640819241059944,0.002750371117144823,0.07254194468259811,258,55,199,0,0,0,0,0,0,512,0,0,512,0,0,254,0,0,258,0,0,,0.1682555569568649,037ffd4f4d3d1dc841b8704b68686c5e:0:0,319426fbc9e66db8cf4afd8364915bb2:0:0,1d0fdaa0210b515ce5fd6e321f5322aa:0:0,3be7b723e745053f6763a86e92a3468f:0:247558672,748477fa07e0259d6ca7f7f9ac8dcec1:1:1534024416,1.0
339,2,339,1,legacy,0.0003,0.0,3.7460352244286064,17.009227113568983,0.003744887886568904,0.0294921875,-0.0005377837456762791,0.002562292478978634,-0.00010930770076811314,0.07151996344327927,266,43,203,0,0,0,0,0,0,512,0,0,512,0,0,246,0,0,266,0,0,,0.17020043602678925,594e5452cb4bfe75b690edd89d25885e:0:0,eb364d7f669a3605d74293d8082981ef:0:0,e29cfa8d9725404ce72084e4a9872734:0:0,ab5aa113d03937d1b2ec50a3633d528f:0:1814872345,0dec99c352e1af07d515c448ae06b831:0:3676253105,1.0
340,2,340,1,legacy,0.0003,0.0,3.83120903474812,16.46704433815984,0.006247733719646931,0.0771484375,-0.005297719314694404,0.0023670956550631674,-0.002731808228418231,0.06882485002279282,265,54,193,0,0,0,0,0,0,512,1,0,512,1,0,247,0,0,265,1,0,,0.1457285729702562,18b9ae987079347a84ef48d9e422a45e:0:0,56ab0d7f769ff79cc2a35ae94c00e603:0:0,477d093f8273330c6f68f67f51492c3d:0:0,ae526c1498c116575bf4580587175e8f:0:2183396041,88e044d65a6ea88892ea4643b2c32955:0:2049663095,1.0
341,2,341,1,legacy,0.0003,0.0,3.83673834493767,15.683442122508495,0.0017977487295866013,0.0216796875,-0.0004953461699187756,0.002206747024320066,0.010248973034322262,0.06681142747402191,266,43,203,0,0,0,0,0,0,512,0,0,512,0,0,246,0,0,266,0,0,,0.13808486610651016,3ae116f58946734f99735deb3d5fc05e:0:0,3422350d1187d174bbf1fd9e7f010db6:0:0,c7852e1136c83e7f7d01a7284724af33:0:0,8e0a99bc6dbc29a85b7d8620fe316a8f:0:2456922212,8173a08ffc7361317be0e895f4133a28:0:140532505,1.0
342,2,342,1,legacy,0.0003,0.0,3.6444450114967673,18.876837689032186,0.008747654967010021,0.040625,0.000393175333738327,0.003233601455576718,0.002497068140655756,0.0803503543138504,246,57,209,0,0,0,0,0,0,512,3,0,512,1,0,266,0,0,246,3,0,,0.11634561896789819,ee1ddc1a7e0ac01e235749a8a8dcdc5e:0:0,1a98b94e95c8bb7ee6e89b917f1a2407:0:0,a584de91acb1dc32bfc531f07466e5ce:0:0,7832246a2b83e81ab784e281c88b768f:0:2351069783,81e56606f1a252426a209d9fe940353f:0:417490813,1.0
343,2,343,1,legacy,0.0003,0.0,3.7344964529260114,16.670919837449127,0.008122309111058712,0.0349609375,-0.004116386035457253,0.001959364564390853,0.0064253597520291805,0.0635170191526413,270,33,209,0,0,0,0,0,0,512,1,0,512,0,0,242,0,0,270,1,0,,0.10339700197800994,fb78cde0ef3f2c2bb06f68ae2699f85e:0:0,0d2b19d0c9d123cf90b54c9002ad02bd:0:0,da19554c5be66162e7174dd1d59d38e8:0:0,d9b3a0a7f87f97a78f02b4b3e625828f:0:3293597817,2f8567e460e103e3b3ec05e987edb455:0:4141059372,1.0
344,2,344,1,legacy,0.0003,0.0,3.8443362019566245,18.19277710983946,0.002841011853888631,0.052734375,-0.001841791346669197,0.002486144378781319,-0.004040389321744442,0.07087773829698563,244,48,220,0,0,0,0,0,0,512,1,0,512,1,0,268,0,0,244,1,0,,0.10403819300699979,ff77babace75b186492a5797b697145e:0:0,33862dac6d69a127f8d35470cf0f0cfd:0:0,cc412e6b6fca5f27fb67be3f235d4202:0:0,a4fc89f7e681d35025ea844356ff8e8f:0:3663216430,3c871d68d1ca47bc5a3ccf49317be406:1:1198837111,1.0
345,2,345,1,legacy,0.0003,0.0,3.750946935681778,19.295320725062037,0.006219181232154369,0.0560546875,-0.002968060551211238,0.002739654912147671,-0.0015299685765057802,0.0743834525346756,239,53,220,0,0,0,0,0,0,512,0,0,512,2,0,273,0,0,239,0,0,,0.10348109190817922,65d1b1a4df9631f08c90f30158d4305e:0:0,2b738c6d716c45af84d14141a8ef224c:0:0,733e8d1f68bf05e0f733ea92a76cc574:0:0,7098ed124d7bb3c2f12b18bc1b199a8f:0:1713542360,99e93d86a4ae0134eeeab3c514dc7d30:0:247581168,1.0
346,2,346,1,legacy,0.0003,0.0,3.889214106618134,16.672718143080246,0.004868476651608944,0.0701171875,-0.004719362885225564,0.0024318902811501174,0.008231868967413902,0.07002034038305283,265,49,198,0,0,0,0,0,0,512,1,0,512,0,0,247,0,0,265,1,0,,0.10397147503681481,a18f57a94dfd980dcc4657870d514c5e:0:0,8a7f32919ed67db7d37beade501c4d8c:0:0,3680547e187cbc19409a547b614f8f80:0:0,4512a4e8d2119b40a2ae79aa3273a68f:0:518517726,a70890aa030128ea1913bfc2bad19f9c:1:3025987675,1.0
347,2,347,1,legacy,0.0003,0.0,3.890487382398951,15.997500784976726,0.004703957587480545,0.0671875,-0.002508504263823852,0.0021502753254026173,-0.0014750551199540496,0.06588780879974365,261,52,199,0,0,0,0,0,0,512,2,0,512,0,0,251,0,0,261,2,0,,0.10364939807914197,daee86a9411b1ace2887e1c4d40e685e:0:0,a2383f6a10e65deb7a1b57a71ec0012d:0:0,adf4ef5f52957c590cd7be60b0129fa9:0:0,a38d6f0c4a9da4c13559ee999d0db28f:0:2513932310,4f134bbe4ee14eb190f0e012a5b5ca4f:0:2426395644,1.0
348,2,348,1,legacy,0.0003,0.0,3.670900691037766,18.575754739685802,0.004243178758770227,0.066015625,-0.00047939480282366276,0.002385341306217015,0.00025301682762801647,0.06906905770301819,249,65,198,0,0,0,0,0,0,512,1,0,512,1,0,263,0,0,249,1,0,,0.10529075900558382,744d6dce9c27a31aac2d2e56ad0b845e:0:0,696c8f88535b4645a396fc8f226708d3:0:0,2fbd72e617b0e5d003f821369a9293de:0:0,bcd3375ef52bb658f90dff165ae7be8f:0:2425446296,6c304ef3943c33bf0ba0393aaff8a7cc:1:2022870636,1.0
349,2,349,1,legacy,0.0003,0.0,3.978971898676811,17.350084925536777,0.005387166049331427,0.059375,0.000257791206240654,0.0021618817292619495,0.003960628528147936,0.0664547011256218,263,51,198,0,0,0,0,0,0,512,1,0,512,0,0,249,0,0,263,1,0,,0.10728468897286803,89a98ab1549353c168a819d89848a05e:0:0,1924407e2e25a19cd58461739235dd13:0:0,387ad1acfd552e4bcb11b571cd880624:0:0,edae2247b0fb36dd9ea672ac6c01ca8f:0:1628052859,773cf097b9fa6a79c62e31fcea4048dd:1:2647725349,1.0
350,2,350,1,legacy,0.0003,0.0,3.8816436078670673,18.505921179948672,0.0029815505258738995,0.0896484375,-0.008565768646076322,0.002794621279463172,-0.0032584802247583866,0.0748041570186615,262,55,195,0,0,0,0,0,0,512,0,0,512,0,0,250,0,0,262,0,0,,0.10772547801025212,1d220ce60ac533a19204c0e695c5bc5e:0:0,be83d3db75f3b1cb2aa36f4338c885f7:0:0,f90cc818a3d8e01262801241b51a9f61:0:0,54c80fe62e1266cb43fa50e7d05bd68f:0:1300373689,38ee05c71b6bd40ef9cd6c9344d2c3b9:0:1591673997,1.0
351,2,351,1,legacy,0.0003,0.0,3.7873387142830843,16.74406290682029,0.0043388730846345425,0.06875,-0.005305492831394076,0.00232776454067789,0.002472750609740615,0.068271204829216,253,41,218,0,0,0,0,0,0,512,0,0,512,1,0,259,0,0,253,0,0,,0.1444209460169077,30ab8c55d0c8fa179ae9801ca582d85e:0:0,88e1cf73e086c92cf9a41275b800f4af:0:0,2f47fd6eb59b5c09b0260278a513eb73:0:0,ab119213456f5c697fdbe15487f5e28f:0:3522209455,d474e7f5130c984b1af1be305a2af3a4:1:718154313,1.0
352,2,352,1,legacy,0.0003,0.0,3.756203215828746,20.17329525868319,0.008578101173043251,0.0583984375,-0.0026714816689491273,0.002603021916002035,-0.012725679203867912,0.0730092003941536,232,57,223,0,0,0,0,0,0,512,0,0,512,1,0,280,0,0,232,0,0,,0.10201120108831674,cbfc6d694a86fda95096f416c77ff45e:0:0,b37609edc1ef77456b057854b08057d0:0:0,1670d83236c8734c8c9892e9f3424d23:0:0,652c9a43ec62a3306e18ab7e92cfee8f:0:1453776773,22e13e90697782953a959222444b1ea8:0:1025012908,1.0
353,2,353,1,legacy,0.0003,0.0,3.727096996727796,16.682553638804755,0.007654590532183647,0.0662109375,-0.002595659298822284,0.0022642856871243565,0.01281776838004589,0.06781578809022903,273,61,178,0,0,0,0,0,0,512,0,0,512,0,0,239,0,0,273,0,0,,0.1080957839731127,0feddcbb932244f1f6e7f970fbbd105e:0:0,0c69fd9241877420556e55aac524dbba:0:0,97b5ab84695a35825049936b206474a5:0:0,7dc17bb0759f7e6dbb7976f1f0e9fa8f:0:183306693,0304b8fc2ad83ccb729d841f120f336b:0:1905868003,1.0
354,2,354,1,legacy,0.0003,0.0,3.7401692257066843,17.68148768078348,0.0023612589575350285,0.0654296875,-0.0012696345802396536,0.0029758977820165456,-0.002752058207988739,0.07731299102306366,249,54,209,0,0,0,0,0,0,512,1,0,512,0,0,263,0,0,249,1,0,,0.10342708393000066,305cf6b39318b9ce6451acc7423a2c5e:0:0,45cc988a6c94c2ddfee6857c330af8ed:0:0,5936c3f8ecd07b29fef050280e6eed13:0:0,113f416d128dcf29b1c24b3aa244068f:0:1779421349,9591e33dd0c970a19987de242dc1f2c2:0:3488105491,1.0
355,2,355,1,legacy,0.0003,0.0,3.7440682598132193,19.1051971688011,0.0006978549063205719,0.047265625,0.00033177072182297704,0.0029887894517742096,0.004863526672124863,0.07697518169879913,242,61,209,0,0,0,0,0,0,512,1,0,512,0,0,270,0,0,242,1,0,,0.10358238499611616,ad42760cb2c17ec91de36ab59af7485e:0:0,4ce396de1f95da4805831a519319c246:0:0,5ad5f5930206c84ce79b562042f80a82:0:0,1e92c76bc7699d4c43b26fe4a6de128f:0:2260353361,1f7d1f40284dc903f3fe2b47c5a75b2d:1:1574504040,1.0
356,2,356,1,legacy,0.0003,0.0,3.756448481154962,17.13171744335522,0.001881775096990168,0.033984375,-0.0015960593707859516,0.0024377104185987265,-0.01031175535172224,0.07008600234985352,249,55,208,0,0,0,0,0,0,512,0,0,512,2,0,263,0,0,249,0,0,,0.10606469609774649,9d7d270214c566c67346cfd805f4645e:0:0,e62fdc39b71ec927021df174865c9b57:0:0,671c0eb62fa6553d5781c035dbe54dc2:0:0,411a80ab44bc440219046c7bfeb81e8f:0:1519212574,466a52ad911777cbb7cfac1f68a5d0ac:0:1404303570,1.0
357,2,357,1,legacy,0.0003,0.0,3.7038755035511466,18.167260152756715,0.004469537176191807,0.0533203125,-0.0017666673986241222,0.002461598825175315,-0.004939241334795952,0.07034473121166229,256,61,195,0,0,0,0,0,0,512,2,0,512,1,0,256,0,0,256,2,0,,0.10156418103724718,83ec5b79c42d8ef09abfb8ca8331805e:0:0,1dd91f30c50753dbefc4b7fae7544ffd:0:0,c2ec1f4fedce334b969e3e29a0d39985:0:0,01c75c2158bb41619a6e088ca9d22a8f:0:2611565741,c0a22b5ad3ca62c0632a0faef7c61681:0:619979788,1.0
358,2,358,1,legacy,0.0003,0.0,3.8074466191180303,17.285978763622833,0.00031295616645365953,0.041015625,-0.0011397822294384242,0.0022047259262762964,0.002272388432174921,0.06657754629850388,262,45,205,0,0,0,0,0,0,512,1,0,512,0,0,250,0,0,262,1,0,,0.10993535199668258,2c33b73781a41ae3cd2c422912ae9c5e:0:0,b40e2d726b4e9befd2cbf3a14b8fcb6e:0:0,32358277af77244cdd73a0542a0ba2b6:0:0,6335cd3aeb18a94ffda04ba2a82c368f:0:882884766,f832804ed11dbe03709bf24f3df3a729:0:581289991,1.0
359,2,359,1,legacy,0.0003,0.0,3.7510875586796106,17.6539797162506,0.0040112449787557125,0.027734375,0.000562523864209652,0.0024349764455109833,-0.006026415154337883,0.06974563747644424,253,49,210,0,0,0,0,0,0,512,1,0,512,0,0,259,0,0,253,1,0,,0.1431532100541517,a218e1c91b83131a6204c88fb46bb85e:0:0,a9f19b20ba3b17ca121055b4baa6f725:0:0,93d5624137bd816ad07b1a2c72761449:0:0,81d49c16b5d13ba651477d49f9c6428f:0:1276606761,0754eb14b141a01fe4cc97268f70033f:1:1909210649,1.0
360,2,360,1,legacy,0.0003,0.0,3.7965964840408732,17.808352673735193,0.009485621005296707,0.08359375,-0.004772838344797492,0.0023888370313216003,0.00910252146422863,0.06919685751199722,250,42,220,0,0,0,0,0,0,512,2,0,512,0,0,262,0,0,250,2,0,,0.101949154981412,af1dfe887c4d6598eb5be89a6868d45e:0:0,fe752fed3d6c61b4d9de8cdd0bd09173:0:0,c16bd75d4af1d8d625a4958112c131c6:0:0,7929cceb2d841d96890b250e9ea04e8f:0:3432074343,d259ea888672abf957714e3229b22f0d:1:2320214780,1.0
361,2,361,1,legacy,0.0003,0.0,3.6467527854184545,19.66967181414674,0.010083272121846676,0.0869140625,-0.009313064720481634,0.003495002689305693,-0.011498422361910343,0.08389715105295181,241,67,204,0,0,0,0,0,0,512,0,0,512,0,0,271,0,0,241,0,0,,0.10162285901606083,980939b9db2e08da51de7ee52ea5f05e:0:0,a5bde89abc497401f22282004c8a23ab:0:0,2a2325eb3c46a742d334eebc639e6d20:0:0,2d30a5534be03650898e0a7c96ba5a8f:0:2616498133,c0070921faf56bfe8a4ebd203ed03fe0:0:3020014629,1.0
362,2,362,1,legacy,0.0003,0.0,3.7988998993725707,18.41564934568025,0.010850620456039906,0.0640625,-0.0003098847344517708,0.0026015777373686435,-0.0003628659760579467,0.07261281460523605,262,60,190,0,0,0,0,0,0,512,1,0,512,2,0,250,0,0,262,1,0,,0.10235982306767255,49b24476ba1940fbf0d3a80c07230c5e:0:0,b7d406f225600940fa8e5e634c243b0c:0:0,4d0a0627736b13a4d5bfe2bd4bc7ae75:0:0,0de699892eb32ee7346e351fe214668f:0:120657298,e1a874b5ccc7865db81ad37a876055dc:1:2997342027,1.0
363,2,363,1,legacy,0.0003,0.0,3.755642649700201,17.89932506468237,0.005187263246625662,0.0314453125,8.501284755766392e-05,0.00246836266014725,1.5421712305396795e-05,0.0702938660979271,258,52,202,0,0,0,0,0,0,512,1,0,512,1,0,254,0,0,258,1,0,,0.11023863300215453,f3f23fc09d2c0729b21cc0aaf1e0285e:0:0,3023dea08f0e47f9bcef7b0252ff186e:0:0,9a0d12e0f1a19ca78d8000063ee3752f:0:0,5ea7bae0be2615757444ec8480ae728f:0:282063957,24014931e9fad80c776dd06ae2c168e3:0:2007610956,1.0
364,2,364,1,legacy,0.0003,0.0,3.750949393519795,17.4522836645123,0.004650546237826347,0.0361328125,-0.001934833754785359,0.002095726155675948,-0.0016886061057448387,0.06484689563512802,254,44,214,0,0,0,0,0,0,512,1,0,512,1,0,258,0,0,254,1,0,,0.11354896693956107,6d3159c0a6e5934a2a35655deedd445e:0:0,0373cc27584fa25a954b0ddb2c8dd5d2:0:0,5e08649fbc234e36f093fa6b638c7b97:0:0,ee361c1fccb3a38348a6b83672887e8f:0:3524560183,0591f96120529d35796171d4e6726bf6:0:3195552858,1.0
365,2,365,1,legacy,0.0003,0.0,3.7896789803778743,20.189756556532302,0.005851288326084614,0.0509765625,-0.0038853395730257035,0.002552629099227488,0.004733827896416187,0.0716097429394722,245,54,213,0,0,0,0,0,0,512,1,0,512,2,0,267,0,0,245,1,0,,0.11037454102188349,d3073ee384d707eab43372c0fe1a605e:0:0,7b090828743a51f281a4d2914d91989e:0:0,4d19c1a881759d7f1e363f43e46dbb8d:0:0,7272879c636427aad2235fc1b7a28a8f:0:1282069082,dc103f53ffa75e29bd3f36641cf02fc5:1:1578266566,1.0
366,2,366,1,legacy,0.0003,0.0,3.830834007393894,18.77961515450899,0.0052405172027647495,0.0462890625,-0.00019124485552310944,0.002451439533615485,-0.004442705772817135,0.06972754746675491,262,56,194,0,0,0,0,0,0,512,0,0,512,2,0,250,0,0,262,0,0,,0.10228632495272905,e6f87b2b5865406b8dc705701f977c5e:0:0,c9f3147edcd9bf13116faab7bbb7dfbb:0:0,c0672b053d32992f49ea3ba7fbc4973f:0:0,d727d6552cdb127d5e45eab24ffc968f:0:300366617,18313a0a35dc022ba671848094c93d91:1:3942187770,1.0
367,2,367,1,legacy,0.0003,0.0,3.738089639008851,19.014326383300983,0.011455120518803596,0.0767578125,-0.0018264044541865588,0.002897803403902799,0.0022627892903983593,0.07595793902873993,255,55,202,0,0,0,0,0,0,512,1,0,512,1,0,257,0,0,255,1,0,,0.10406767996028066,d3cafebb8738c16bf33a7a075354985e:0:0,bbd1f6bed880e94cb751eaf541fa8e49:0:0,eb4ba84edb3361b238c36a64d0bb0ceb:0:0,b515368331c226a87394a0943b96a28f:0:2964869796,433b1550f0a3a5934c6b7b8945bc6a69:1:3489271632,1.0
368,2,368,1,legacy,0.0003,0.0,3.7580656128018184,17.63434699194091,0.012908083386719227,0.09375,-0.010671749548055231,0.0025631730852182953,-0.01625654846429825,0.07351697236299515,249,48,215,0,0,0,0,0,0,512,1,0,512,1,0,263,0,0,249,1,0,,0.10339115699753165,8a772b4c9ef7cb763b726d229951b45e:0:0,c32dc3862f75c49c1a7091fe6d208432:0:0,2d8e0172e009fb08b326d8f760eb74a0:0:0,c8debb6f591e4c5add9108f37a70ae8f:0:3974564059,a77158fd40a98e09deb90d22a137ad6b:0:4025536273,1.0
369,2,369,1,legacy,0.0003,0.0,3.773089988927774,17.910724665231424,0.003506770357489586,0.03984375,-0.0016168449772521853,0.0022555056668352334,0.01719903014600277,0.06852752715349197,260,53,199,0,0,0,0,0,0,512,2,0,512,2,0,252,0,0,260,2,0,,0.1031806810060516,efa11ee0b7e68febf3edbb5df18ed05e:0:0,e30de8de0adb4ef0b61d7e092ea82320:0:0,a1bb88a8e05bf6127d94d63eb16e77f5:0:0,93f6a7a15f1a07e9b8b7eb5c0c8aba8f:0:3577285590,82de5fc9835474cce8019a24b47e180b:0:925527239,1.0
370,2,370,1,legacy,0.0003,0.0,3.8649294165124894,17.89267490297146,0.0058105094358325005,0.062890625,-0.005523277563042939,0.0020685379800852387,-0.010938022285699844,0.06526549160480499,248,44,220,0,0,0,0,0,0,512,1,0,512,1,0,264,0,0,248,1,0,,0.10937846801243722,d6075abb02098831fcc581555c0bec5e:0:0,30c5e96ef1d0cf33e87ea97d8860ad3a:0:0,70726922de52ff699832ef43dd849004:0:0,472d05c934d193b57e814f59f1e4c68f:0:2862423254,b1f9ae77e0e3cdfa75505e3db7571686:1:77953869,1.0
371,2,371,1,legacy,0.0003,0.0,3.7562968020562812,17.12371452650674,0.004319014027714729,0.0630859375,-0.004568161722272634,0.0026169598277192563,0.009184387512505054,0.07259902358055115,254,54,204,0,0,0,0,0,0,512,3,0,512,0,0,258,0,0,254,3,0,,0.10958818893413991,71b06c476865ef1ca4ad1ba4d8c9085e:0:0,19d23129c7e58b63d2893175b977dd52:0:0,0c2ac9b38422470e6b3f6b3c6b36b0b1:0:0,a29e540efbac9d4f11607c792a7ed28f:0:2010239567,6046ac5fb3bd95d9e6da2ea8bece948e:1:1929467782,1.0
372,2,372,1,legacy,0.0003,0.0,3.700289849726696,18.36016276858048,0.002506778109818697,0.011328125,8.811135776340962e-05,0.0027150736772455276,-0.0016618261579424143,0.07374483346939087,253,58,201,0,0,0,0,0,0,512,3,0,512,2,0,259,0,0,253,3,0,,0.10203392698895186,bd18e04975fc5c9bc4f226e867c6245e:0:0,3ee24f4be1391efdf240e0aaf91d62d9:0:0,cc88edcb312e5e5781397a9109bc128c:0:0,8c7540c10ed1a5dcc8c3fa45b658de8f:0:2534485866,aaf7306affe44e60995cb130cdbf2983:1:1452054233,1.0
373,2,373,1,legacy,0.0003,0.0,3.7556589274699608,17.061656043040973,0.007481411099433899,0.048046875,-0.004160503717139363,0.002539862086996436,0.0005767624825239182,0.07124242186546326,258,44,210,0,0,0,0,0,0,512,1,0,512,0,0,254,0,0,258,1,0,,0.10324331501033157,67758753e81983a6dd7c7fbc0903405e:0:0,070163a0a340c007321051553ba7bee7:0:0,67ba47d1804b280a6d94914151b7b219:0:0,b29ebea2cd3f05bf7d15904b9572ea8f:0:4002776286,432ca12e4860b062d5a67ada51d1a2b1:1:315856522,1.0
374,2,374,1,legacy,0.0003,0.0,3.6747342916691705,18.423122597406238,0.009020773693919182,0.1015625,-0.001722919149324298,0.002423392958007753,0.008973859250545502,0.07113803923130035,250,45,217,0,0,0,0,0,0,512,1,0,512,0,0,262,0,0,250,1,0,,0.10296617494896054,838bed349999126930ce42bbbc805c5e:0:0,dd13dcd8e9417ecdbc53893708e11696:0:0,8584cca91e41af0baf447197f7689526:0:0,8e6b0a6a1715937793ba4616c7ccf68f:0:2585472191,6444e24a9e786d53fd68331fb42c5b2a:1:706428108,1.0
375,2,375,1,legacy,0.0003,0.0,3.662098576467834,20.361188330689583,0.0011607016203925014,0.088671875,-0.005357408942654729,0.0024435632745735346,-0.007989702746272087,0.06960798054933548,234,60,218,0,0,0,0,0,0,512,1,0,512,0,0,278,0,0,234,1,0,,0.13269428093917668,83ebdbaab2b6b4ade003cc83823d785e:0:0,16391e49fe968b4156fc4322a8df2a0c:0:0,2d3533880071410b96f399de1bf8db9d:0:0,87619a44b0a0edca0b1263334d67028f:0:4276352930,4b7943f285f7d5a705d142c1ce3117a6:1:2961200042,1.0
376,2,376,1,legacy,0.0003,0.0,3.643304918052552,18.56827955274687,0.0036958481650799513,0.1396484375,-0.006934066023677588,0.002688303776085377,0.009572883136570454,0.073145791888237,259,55,198,0,0,0,0,0,0,512,1,0,512,1,0,253,0,0,259,1,0,,0.14046112506184727,4db8d3674909388c06d3b9af5a3a945e:0:0,8da8f35df25a3a12445edbe3db2f23c7:0:0,8ebe3ba411b0ad221db3dfd7db48b3d6:0:0,af895b89fda9692586796f2d26410e8f:0:2493218060,248574b1788aad78c6d30d290e00816d:1:183577404,1.0
377,2,377,1,legacy,0.0003,0.0,3.902363791488197,15.514005394729557,0.012212942354381084,0.0470703125,-0.0037767771864309907,0.0016853482404258103,-0.008528169244527817,0.05834079161286354,283,48,181,0,0,0,0,0,0,512,1,0,512,2,0,229,0,0,283,1,0,,0.14642551995348185,80f19502db43d552d78ee6db4477b05e:0:0,dbe24b48bbc40ec9bb0e86e80848ffea:0:0,4436c471541656f8bf1c9052edcd4eb0:0:0,9a521a08c79ba0475a463190525b1a8f:0:1649869547,0719187a920b8e2a0bc59bdae7492ec5:1:2255372752,1.0
378,2,378,1,legacy,0.0003,0.0,3.7143344685017397,16.68464614791263,0.005203777924180031,0.0494140625,-0.005869977362453938,0.0020476087171118706,-0.006554697174578905,0.06461121886968613,261,44,207,0,0,0,0,0,0,512,3,0,512,2,0,251,0,0,261,3,0,,0.16274197900202125,b67e1e3c545994b5b72070a340f4cc5e:0:0,0a74bda51768b1e54e21e7bbbe829400:0:0,f24d242f7d56ffe8d0ea3b36d7b551d2:0:0,13676fac0111a82097cab1e8d1b5268f:0:4165656036,efb82aa52698b28794378d5710613427:1:1911881286,1.0
379,2,379,1,legacy,0.0003,0.0,3.823384627670752,18.200092249998143,0.0020298233721405268,0.028125,3.9851944893598554e-05,0.003053942881524563,0.011489327996969223,0.07921741157770157,256,61,195,0,0,0,0,0,0,512,1,0,512,0,0,256,0,0,256,1,0,,0.16234282299410552,9381e680819ede38590db3a34fb1e85e:0:0,5f802cc3d2a254e8caf5c755cb89defb:0:0,f58b1549c08ea9e2c0ce81b40d5a95d5:0:0,ef412a7cb949e6fb195437c2a44f328f:0:3265509315,d399bf21043e7dc5d44bb49f86167acd:0:549185570,1.0
380,2,380,1,legacy,0.0003,0.0,3.8956254960873746,16.87711290572245,0.006018123589456081,0.07421875,-0.003310982557013631,0.0025100340601056812,-0.0035710667725652456,0.07069860398769379,261,45,206,0,0,0,0,0,0,512,0,0,512,0,0,251,0,0,261,0,0,,0.15213106898590922,60c0a863278524dadb764c7770af045e:0:0,37bd601b139b3b1eeaa83ce299b407aa:0:0,f15c3150a824a18e88b2a99da7608c58:0:0,c780b252b2178ede8e2b4aa9ca293e8f:0:4236098591,fc790685eb55818a6d8e6c43e2f65c25:1:602854796,1.0
381,2,381,1,legacy,0.0003,0.0,3.713369756281027,18.075473852410706,0.007279505487531424,0.078125,-0.005856518168002367,0.002445357956457883,-0.008095948956906796,0.07294759154319763,243,46,223,0,0,0,0,0,0,512,2,0,512,2,0,269,0,0,243,2,0,,0.1255297219613567,868fa45d208cb705e31417bba3ec205e:0:0,cfd813fea4305701bace3e49fb73f19a:0:0,bd77d023d45e58b3a51fb7fa9d9ecdf2:0:0,24569ed04ad8bb358693b22a43434a8f:0:3713098390,168bcfe874fc4f2578a19fae49946d26:1:460411522,1.0
382,2,382,1,legacy,0.0003,0.0,3.7720315077554982,18.020339490684044,0.0014334595762193203,0.0423828125,0.0012564663775265217,0.00286235777894035,0.00895953830331564,0.07590728998184204,254,54,204,0,0,0,0,0,0,512,1,0,512,0,0,258,0,0,254,1,0,,0.1305179629707709,141403cd3208b0b6b73b320be9693c5e:0:0,030ff2d0871551b32a3b5caa690ed6b4:0:0,d552235ccc5c09fd3ea9d6a2ad82470d:0:0,4d876191b2fe31b27fcc75d00f9d568f:0:1827120713,fe36207add053864c34c67ff6b0e05e2:1:2062847755,1.0
383,2,383,1,legacy,0.0003,0.0,3.7539757860853835,17.952897452458807,0.0012525401543825865,0.0912109375,-0.0001678891945630312,0.002496334817260504,0.006773513741791248,0.07070839405059814,268,44,200,0,0,0,0,0,0,512,4,0,512,0,0,244,0,0,268,4,0,,0.10767031705472618,85b0d9e382510feb5dd9f8044126585e:0:0,8f4f1dc94686c1b5a66cff66c466c587:0:0,cd52a3235b1f11f629f4a7db6340462a:0:0,b471a7c296b0c674f00fdd272f37628f:0:3610102845,5b439ba9aee5777c5a8494e070fb5633:0:2021997575,1.0
384,2,384,1,legacy,0.0003,0.0,3.771367048438413,18.179999445941174,0.002402886748313904,0.074609375,0.0010445604799315332,0.002393650246085599,-0.005665070377290249,0.06908997893333435,262,63,187,0,0,0,0,0,0,512,2,0,512,0,0,250,0,0,262,2,0,,0.10879877803381532,84c432c9dbfeeb4eb7790640ab23745e:0:0,49b2eb5f9f49f8a1c4dd2d3b56bde20e:0:0,7d5778e60239dd5a4e0e9b0abc3844d0:0:0,8ff4e198b820636e52936fbba2116e8f:0:1665540540,9cc6b1b891e6fff644c6d7688ef3523c:0:2688428891,1.0
385,2,385,1,legacy,0.0003,0.0,3.690766264323474,19.264717765589843,0.0006256148917600513,0.0623046875,-0.00042109033092856406,0.0029016447486355902,-0.0022890656255185604,0.07643207162618637,246,57,209,0,0,0,0,0,0,512,2,0,512,1,0,266,0,0,246,2,0,,0.10855176206678152,8c6ab00529cecb249b3b395d2760905e:0:0,5275e5052a2afb0f9e37fa44fc8ce074:0:0,0370777011fe48f1d137673ef7516c3e:0:0,ce82357d2808b3073387f519682b7a8f:0:3087828996,45ebd887e7f026a8d3b7cdb906598dcf:1:3585329966,1.0
386,2,386,1,legacy,0.0003,0.0,3.6303649163461076,20.25918468238743,0.0028121494688093662,0.070703125,-0.004589101206511259,0.0032288184855133297,0.004954919219017029,0.08094432204961777,242,61,209,0,0,0,0,0,0,512,1,0,512,2,0,270,0,0,242,1,0,,0.10799091996159405,6e345bb6d6c52475f2ddadf5b5ddac5e:0:0,303152345a0e3cb94b3c0fdb88bca579:0:0,abe3be3418d6d4f7ff2914090bf1dbdc:0:0,e53e07f90ff76e043c1974cc8185868f:0:2478414535,46790703f3ddde7bdeb82dc628563bdc:1:4073966688,1.0
387,2,387,1,legacy,0.0003,0.0,3.6215643535186586,17.666832702799827,0.007255083881318569,0.0591796875,-0.0037141154520213605,0.0023351479670964182,-0.0011393050663173199,0.06888913363218307,260,38,214,0,0,0,0,0,0,512,2,0,512,1,0,252,0,0,260,2,0,,0.10614601196721196,d0c3a30efe30f67cd6b7c0a6569ac85e:0:0,0ec3cf410b15454a67d0cfb9007d85a0:0:0,25845ee9ae113d61f8ec78d97517eb83:0:0,302430c640e04cab3e6f3660ee1f928f:0:3795903664,07539a518c3b623148253dee5969ee3f:1:666588127,1.0
388,2,388,1,legacy,0.0003,0.0,3.668034958967053,17.531556911763555,0.014463181607425213,0.0611328125,-0.0002619901206344366,0.0021801682363729925,0.0004383517662063241,0.06610830128192902,259,51,202,0,0,0,0,0,0,512,2,0,512,2,0,253,0,0,259,2,0,,0.12955429404973984,2378caea97288a50a9bb0e0b0997e45e:0:0,a1ca41726c78345bf6fe020e640a82a7:0:0,9e0d01961b6a8a451cc1a6f55e059d6b:0:0,81dcf0aef88a9b2841abc162adf99e8f:0:1433601447,dff4f96113718c3dc898b26de28971d3:0:3633715683,1.0
389,2,389,1,legacy,0.0003,0.0,3.7023970304234113,17.509058259449617,0.0017278885934501886,0.036328125,0.00028018895536661146,0.0033583812532015146,-0.00468241423368454,0.08192573487758636,257,44,211,0,0,0,0,0,0,512,0,0,512,2,0,255,0,0,257,0,0,,0.1530323369661346,57d0b043071c54d2357372bfced5005e:0:0,5f54d67206726f60c7cb8e11158a27d4:0:0,de04a7ba2e77f06e99d5f875f08b5435:0:0,1d9cc333906471328decdd5dc113aa8f:0:2065752124,3dd923df8509ae4b5a9b5ebca61d0036:0:1559940740,1.0
390,2,390,1,legacy,0.0003,0.0,3.852648804950407,15.779658382417882,0.00205342099070549,0.045703125,-0.000924959871917963,0.002382710512029007,0.008927257731556892,0.06871283799409866,275,44,193,0,0,0,0,0,0,512,1,0,512,0,0,237,0,0,275,1,0,,0.14745019294787198,2d3d40bec71bfad7c6070b60a6521c5e:0:0,4f08a56c5b2d91a11b62bef553043b28:0:0,e8484d610b4b148bc2648396745a3994:0:0,95453a3808478cf1b84b91de276db68f:0:830034387,e92a9ec95eeabfcc32699b8411a40f4f:1:3502330707,1.0
391,2,391,1,legacy,0.0003,0.0,3.6700412984478255,17.208405888360122,0.014156247489154339,0.0673828125,0.00025929808616638185,0.0021414011309389023,-0.004866071045398712,0.06536532193422318,259,39,214,0,0,0,0,0,0,512,1,0,512,0,0,253,0,0,259,1,0,,0.15346754097845405,3138ce5d0769779946363489900f385e:0:0,17940459b7028589fa564311eba27b3c:0:0,7d7c1d6172f67f7b1ae4e3b4be918f3d:0:0,dd4931469fbbd122aedc266fe107c28f:0:707678973,3a835decc5da92bb404363854fcd25df:0:3717327616,1.0
392,2,392,1,legacy,0.0003,0.0,3.781771285557837,18.721764851974342,0.003778534010052681,0.0552734375,0.0010888140648603439,0.0021494369255378844,-0.0034764150623232126,0.06549875438213348,256,55,201,0,0,0,0,0,0,512,0,0,512,3,0,256,0,0,256,0,0,,0.17190915800165385,f56b33e07cf6655c5b5b8ad68c0c545e:0:0,bebf530fdad712fb85dbd3bda77ff9fb:0:0,aa0c24bfeaf77113d850bf5b700be9a3:0:0,49d2d13ff043667cc4ae229eede1ce8f:0:2856117087,452addd0008621b38a7fd1ece1559078:0:3638945706,1.0
393,2,393,1,legacy,0.0003,0.0,3.914492838101082,17.995939178780173,0.00601639598608017,0.0359375,0.0005862158490344882,0.00206247353926301,-0.00037390331272035837,0.0642995685338974,268,45,199,0,0,0,0,0,0,512,1,0,512,1,0,244,0,0,268,1,0,,0.16554235492367297,9b28ae47c4676860816beae39a49705e:0:0,39550f6ebe361710d7c04a8ddb426a89:0:0,4dd2c944bb4b0433b1bc1edbda08e753:0:0,0896149c3b3c8056bdcc4df74dfbda8f:0:1834391130,f5564e0e03d1858db6a1ef16c57c46b2:0:532482246,1.0
394,2,394,1,legacy,0.0003,0.0,3.7036096449921505,19.780421999594466,0.005471283569931984,0.1130859375,-0.007880162354558707,0.0028035868657752872,-0.0063773877918720245,0.07502737641334534,240,56,216,0,0,0,0,0,0,512,2,0,512,1,0,272,0,0,240,2,0,,0.13516565191093832,e09e5a4c0639bc0b26f6714cbac68c5e:0:0,3dd119b7e987e5f2dc5a2d6d8df4b2f0:0:0,9d05066c0a941577715eeee903722bc9:0:0,fbd6bfacdde4c48bdb3cb0050155e68f:0:2208841383,b7270ef8b1bf3488b7e19289bbe9918d:0:3817362101,1.0
395,2,395,1,legacy,0.0003,0.0,3.772365257836929,19.511567995405834,0.005952157080173492,0.084375,-0.0030252660624682905,0.0024943295982666315,0.011771755293011665,0.07099121809005737,243,67,202,0,0,0,0,0,0,512,0,0,512,2,0,269,0,0,243,0,0,,0.11132237710990012,8ae76b88c7a6e253c9247aaded83a85e:0:0,85bc51b21c47a529bf1ae15a4c3607c1:0:0,fed4e9ea00710e4901a72ec27fae7719:0:0,90b50f981e0a56a0e700905407eff28f:0:3248380482,2a8fdbc4a47bb06ca184e708a56c0d09:1:1499644623,1.0
396,2,396,1,legacy,0.0003,0.0,3.642825752350076,19.390198023829797,0.003193637588992715,0.0232421875,0.0003794051241129637,0.0029576725675724445,-0.009916355833411217,0.07700721174478531,244,61,207,0,0,0,0,0,0,512,2,0,512,0,0,268,0,0,244,2,0,,0.10524203104432672,8b48759a13e275700fb9a3a33280c45e:0:0,46da232c00f7dd52c66987fea8bfafce:0:0,7c9552030c0d3f8c5c461da3a25dea6f:0:0,3810be14c1f686294014767061c9fe8f:0:3801735187,2a294d835fb468bbda78a230c3bb96bb:1:2151421051,1.0
397,2,397,1,legacy,0.0003,0.0,3.7257351837934536,19.161027677255937,0.0032849847339093685,0.02109375,-0.0023478685296140613,0.002743348141666502,0.0006237659836187959,0.07515306025743484,240,52,220,0,0,0,0,0,0,512,0,0,512,0,0,272,0,0,240,0,0,,0.10473594698123634,c72b7e28694e1bbfe913c8c889bde05e:0:0,caecbcfa3a431d4857e58212a0ca4a18:0:0,c6b69f33699a902d5ce2af383a67a0bd:0:0,817e5f36261e206be67029e60ee40a8f:0:687483620,94834557096cf62a923167b695038305:1:216234921,1.0
398,2,398,1,legacy,0.0003,0.0,3.8698458294191154,17.957989805514284,0.0025814848486334085,0.0234375,-0.0019310432486236095,0.002236415888182819,-0.002152535831555724,0.0678875520825386,264,52,196,0,0,0,0,0,0,512,1,0,512,1,0,248,0,0,264,1,0,,0.10544325306545943,2c700984163f9df9a62b06b9f33afc5e:0:0,059bbca102c30a0e15768d079425e1c9:0:0,9b8bcbfd9918ea6fa59ad4d8c674fc16:0:0,6e2791e4c32365488706b2410f3e168f:0:2209249533,6b837f06b380f653227c288d96cb9f88:1:1390048978,1.0
399,2,399,1,legacy,0.0003,0.0,4.002034258158011,16.356491337193745,0.004364031832665205,0.0642578125,-0.004103712528012693,0.002815868187462911,0.001629934529773891,0.07572341710329056,257,47,208,0,0,0,0,0,0,512,1,0,512,1,0,255,0,0,257,1,0,,0.11147659993730485,e875ea1bf0f51f961691ba136ef8185e:0:0,9a7ee04f283f582fdbfb7eb20cb761de:0:0,ce0b214b4e49d46103aa9323275b39df:0:0,593afaea56b59f5c87c6570d62d8228f:0:3069661051,098a9d97d83be94b4f80d4ddbacd0fa0:0:3514995282,1.0
400,2,400,1,legacy,0.0003,0.0,3.713945853527348,19.01894364590786,0.0016178841469809413,0.0640625,-0.004652082873508334,0.0031353877740912138,-0.0030574435368180275,0.07996874302625656,251,45,216,0,0,0,0,0,0,512,1,0,512,2,0,261,0,0,251,1,0,,0.10895683092530817,62384dc59653797ca4747f70fcf5345e:0:0,4ddc551c7cce02cfbbc5a33d6c8ee701:0:0,5853f65c232a1a2424ff7ea8b34633ad:0:0,c00d8dc421da5f6813989fd709b22e8f:0:303245416,f18b88ae93a0f28f3ad66ef49032cf21:0:3051251104,1.0
401,2,401,1,legacy,0.0003,0.0,3.7364748538300523,18.068647386812152,0.008161588571965694,0.076953125,-0.0014549635350704193,0.002370076475199312,-0.008109841495752335,0.0704016387462616,243,45,224,0,0,0,0,0,0,512,1,0,512,0,0,269,0,0,243,1,0,,0.10456093307584524,311852779b0ab6ef709a336e9d32505e:0:0,a16b68777deb9d3680440a4a25861f16:0:0,958d0ac561a7ceb292c24ea2e1a9537b:0:0,387b3db8ef2c5af32662542a03cc3a8f:0:2180020325,a41b1f93b755488d3131fde9f863e048:0:1026005844,1.0
402,2,402,1,legacy,0.0003,0.0,3.90035288688715,16.497233299366076,0.00670533487573266,0.06875,-0.0033793508540838958,0.0020131074474193157,0.004114552401006222,0.06499970704317093,254,52,206,0,0,0,0,0,0,512,0,0,512,0,0,258,0,0,254,0,0,,0.11219933710526675,e4db56c05abcb4b76e63f2a84faf6c5e:0:0,b9100ddd9ca1e4a2747d32fda494368c:0:0,f0b67648284f53074334b0711a87d119:0:0,f3b1d4fbd39bee3299037b925126468f:0:2871719576,5d431a41e799239bcbb91ce31fba5860:1:1190655789,1.0
403,2,403,1,legacy,0.0003,0.0,3.9012996362105583,18.92076811591814,0.007062534336000681,0.03828125,-0.00218294239602983,0.0024333614273928106,0.0018306279089301825,0.06999252736568451,252,55,205,0,0,0,0,0,0,512,1,0,512,1,0,260,0,0,252,1,0,,0.14382065797690302,422140ee50c1e2907fcd19ba146c885e:0:0,2f3237203275978c5f85e801dedc5179:0:0,c1d4ac9d9e0b90e57dc84afdd0a0dd33:0:0,399d5eefdc3d412d2d575d9bf1c0528f:0:1317557032,570e60b702ef79291b55023deb5d0285:0:2480759394,1.0
404,2,404,1,legacy,0.0003,0.0,3.7941324321393894,18.08787305762227,0.0057561080902814865,0.0357421875,-0.0031364968977868556,0.0022210125287529083,-5.9260346461087465e-05,0.06666304171085358,260,55,197,0,0,0,0,0,0,512,1,0,512,1,0,252,0,0,260,1,0,,0.1432390590198338,cb721a89262826d5916b453feb69a45e:0:0,a4726a8acaf728c78e92ab445a81f12e:0:0,92ab79178e94bda712d0d52f22a50d3a:0:0,48ea4dec1bb010209a3481d2e59a5e8f:0:2477520055,589b1f93565f80b444d665e524d6bf2a:1:620656753,1.0
405,2,405,1,legacy,0.0003,0.0,3.6636946244384827,19.579581491321928,0.007205512374639511,0.0505859375,-0.0017012233845889568,0.0027406838606111707,-9.967185906134546e-05,0.07421629875898361,241,56,215,0,0,0,0,0,0,512,1,0,512,0,0,271,0,0,241,1,0,,0.14771298598498106,3c389c64e087e46cb66e51d5d4a6c05e:0:0,736f8c7850dd92eaa5a0679712f7f2d9:0:0,697f2391bd7baf7b78e009c1e3057d3e:0:0,ec3e4c2ac9ad1726976cafc32cb46a8f:0:1784446268,a0f7349281c2d5405a6c0395b1c61232:1:120587463,1.0
406,2,406,1,legacy,0.0003,0.0,3.7722102891079086,17.3398060174518,0.00971585139632225,0.062890625,-0.005641463119536639,0.0024158324173185973,-0.005468534305691719,0.06941547989845276,251,49,212,0,0,0,0,0,0,512,0,0,512,1,0,261,0,0,251,0,0,,0.16642455698456615,32d0a242dd4b22f344a05c17d023dc5e:0:0,442e19201f117b403cee2bea83f90195:0:0,53fe407b29adee86a6dbca5d46768a84:0:0,d2257ad967452119e9cceef8c70e768f:0:2571246084,b5ad22cc1f52339e273b677194c5e6f7:1:770464958,1.0
407,2,407,1,legacy,0.0003,0.0,3.921311089906099,16.912919126822956,0.0031372136436402798,0.0451171875,-0.00021274632308632135,0.0017919892445206643,0.0006941070314496756,0.059834886342287064,266,43,203,0,0,0,0,0,0,512,0,0,512,0,0,246,0,0,266,0,0,,0.16312589403241873,db7cf39e8502d929f065c0a1dde0f85e:0:0,e38aeaba716519335127b713a792035b:0:0,be971833fb5dfbc062d4be5acaf48127:0:0,3d7ec18b1a5db9bb6f1d86ffb4a8828f:0:1986569414,51719b895d7bbbf62818f98336b2ce27:1:2539460502,1.0
408,2,408,1,legacy,0.0003,0.0,3.6603616875314327,17.061309366395673,0.012698574922978878,0.087890625,-0.006888763536699117,0.0020638760935980825,0.0002686911029741168,0.06458143144845963,266,51,195,0,0,0,0,0,0,512,1,0,512,0,0,246,0,0,266,1,0,,0.1423785559600219,31df61ede26659a0e8bd1c0ffdde145e:0:0,e8652844d8d2d2462889c64305938e96:0:0,6497b5d5c6f25a3a82f53438ad18af67:0:0,eb2ebb99b2f783172a21ff63f5828e8f:0:1137786513,1e0d0101f80fa41561e3c09d479912ae:0:1996479875,1.0
409,2,409,1,legacy,0.0003,0.0,3.614894155378484,19.147289320727378,0.007487297989428043,0.060546875,-0.0042943958658725025,0.0026925049372948707,0.003382236696779728,0.07335798442363739,235,58,219,0,0,0,0,0,0,512,1,0,512,1,0,277,0,0,235,1,0,,0.13734689995180815,93b0eb488898e1a3f33f4afe301b305e:0:0,975c777789c82bd4daa276750b5a3254:0:0,e887e0b699e90b6f5acaee70b7271a3e:0:0,02cdc84d0cca2e294e991fb1899c9a8f:0:1280628732,45f1a39a6d0ea15e8d9fdfbf47da283f:1:1152443447,1.0
410,2,410,1,legacy,0.0003,0.0,3.646448260132015,15.931709579561335,0.004600571934133768,0.0162109375,-0.0001234638039022684,0.0021370079717598855,0.005957760848104954,0.06542428582906723,262,47,203,0,0,0,0,0,0,512,2,0,512,3,0,250,0,0,262,2,0,,0.10626839403994381,18355b1174514a66881f6a0874984c5e:0:0,8e4797f316e914859ba53ca5a7364db1:0:0,1e6c23bddf03c259b68a65063ba465ea:0:0,8622c5ebbfc216c34d3cef7470f6a68f:0:3885652006,2c07a28fa7dbe71cc7b8ee7ea689c77f:1:209549289,1.0
411,2,411,1,legacy,0.0003,0.0,3.9424417531382594,16.287666315834027,0.003372088074684143,0.0400390625,-0.001557391881942749,0.0021045992209110407,-0.002774155233055353,0.0648646280169487,263,41,208,0,0,0,0,0,0,512,1,0,512,1,0,249,0,0,263,1,0,,0.1027819289593026,9e7ec8ead37fdc6fee2ad5cacb55685e:0:0,f97e5ba1606dcc18c738012f11d4d47f:0:0,e1cdae6dccac40908f461460e5bb41b8:0:0,e9c90f2351eb82b0dfc2b638ab90b28f:0:2196653822,e71efa5bda2585f562e921c596e1a3b3:1:4226666278,1.0
412,2,412,1,legacy,0.0003,0.0,3.675285588434313,16.972903644563964,0.007630223874002695,0.02578125,0.0004455749876797199,0.001954769296571612,-0.00581611692905426,0.0628439337015152,255,51,206,0,0,0,0,0,0,512,0,0,512,1,0,257,0,0,255,0,0,,0.10284255596343428,fb4958e4df0e454756c92ae13452845e:0:0,e348d081cb54d63f3714f2082ea3e8e4:0:0,90ff825ff02a6ede2d34b3280c3c3b1f:0:0,439d6d815d57841d14dafb8a396abe8f:0:982669127,1c43683480c3af213dbfb7cd1e1a5aa5:1:138672575,1.0
413,2,413,1,legacy,0.0003,0.0,3.624907009749598,17.900532630429478,0.010817775502800941,0.0873046875,-0.005114822974428534,0.0024912441440392286,0.0025669883470982313,0.07070034742355347,257,53,202,0,0,0,0,0,0,512,1,0,512,3,0,255,0,0,257,1,0,,0.10311173100490123,5046be833255af5ff9fc45e7af8fa05e:0:0,79d742b929c7589cbfe88e87e93687a5:0:0,596e46776cbf9f1337d856016534c0d6:0:0,bcbadb025c867f375c3186f51a84ca8f:0:3152972805,bcd96fa117e97b423f783999592c33c6:1:2893061514,1.0
414,2,414,1,legacy,0.0003,0.0,3.6430789195760704,17.508872187621094,0.003864133032038808,0.041796875,-0.0009657497517764569,0.0028855857672169805,-0.0011395021574571729,0.07650253921747208,254,48,210,0,0,0,0,0,0,512,0,0,512,1,0,258,0,0,254,0,0,,0.11118598200846463,945b3ede4be6fc453260437a3d0cbc5e:0:0,390282e5e04738a4ccc7ec6f85c3251f:0:0,448a500fd3145a9098bf642380684978:0:0,a82d20060fe45318926d60054eded68f:0:13651617,b6bcbabf20a6c757a2e796f9d52e2455:0:1647815751,1.0
415,2,415,1,legacy,0.0003,0.0,3.7663961762581577,18.188927401132183,0.0033783232793211937,0.0875,-0.0040478901471942665,0.0024886943807359784,0.0032971815671771765,0.07075048983097076,251,62,199,0,0,0,0,0,0,512,1,0,512,0,0,261,0,0,251,1,0,,0.10170873999595642,e0d344d123412106992b8034dcc9d85e:0:0,03041a678928f1b2690d70af6305c34f:0:0,f1d75286be85e282362a8c43f871fa12:0:0,b84c9a44aee225e80d30ce46d678e28f:0:1342825067,8976028ac3ca105591f9c301a5dbe90c:1:3649338966,1.0
416,2,416,1,legacy,0.0003,0.0,3.963194258709267,16.96524646579671,0.0018749145092442632,0.0326171875,0.000886998581700027,0.002158043591771275,0.001517876866273582,0.0656546950340271,259,42,211,0,0,0,0,0,0,512,1,0,512,1,0,253,0,0,259,1,0,,0.10153708304278553,65390cccff11a4e4222e98b38ec6f45e:0:0,a12d06360bbeeeccda7c1851428b9c5c:0:0,255e122f72858940ecf3238859a51704:0:0,3e33c4ab5739d440a7195945b152ee8f:0:1973367381,e4de18a929011a688a2daefb3eb86475:1:2044406027,1.0
417,2,417,1,legacy,0.0003,0.0,3.809408486573431,16.46503263373087,0.0105128213763237,0.0751953125,-0.004907763004302979,0.0018487620167434216,-0.006252709776163101,0.06071214750409126,277,45,190,0,0,0,0,0,0,512,2,0,512,2,0,235,0,0,277,2,0,,0.13867210689932108,246d7c97f79b423a37d469925304105e:0:0,f3c68a311690365ac6ba6c7320d58b85:0:0,908e7a556268a0a14e02ac5e19b5bc17:0:0,1c2c6f516ce703d5cbbfc88ddf6cfa8f:0:3048154959,85b54ea9402b25510a3053320956b112:1:2763967009,1.0
418,2,418,1,legacy,0.0003,0.0,3.7282154873872715,17.15879381047758,0.011872651055455208,0.0892578125,-0.0053106123115867375,0.0025919764069840313,0.007844144478440285,0.07242055982351303,255,54,203,0,0,0,0,0,0,512,2,0,512,0,0,257,0,0,255,2,0,,0.14740199700463563,043de5e4d0dea9add7220f6d29812c5e:0:0,2e0ae250957b57bfe79119c9ddfe240c:0:0,4fd33f16a26191b344708c201c0fbff1:0:0,108ffa03dd61d95883b823ab60c7068f:0:2033417626,9b12044ac0a0374fd9e1f1eaf70dd4e6:0:2162079630,1.0
419,2,419,1,legacy,0.0003,0.0,3.778295512353064,16.98755409595507,0.010167389176785946,0.09609375,-0.0013714059721678495,0.002391721698222682,-0.001681349240243435,0.06919242441654205,268,54,190,0,0,0,0,0,0,512,1,0,512,2,0,244,0,0,268,1,0,,0.15162888704799116,7722395d18216798abb6e6e0123e485e:0:0,c544a01262a3925e2fd1cbcb35323fa8:0:0,59eaba3ffb41e07c38e688ac81e359bb:0:0,2da3532e78a7519c8091b22a3561128f:0:1651877468,e1a4c9f5f710bbea41cd394af68c1537:0:1777385217,1.0
420,2,420,1,legacy,0.0003,0.0,3.587455914372159,18.14514783161969,0.002005627378821373,0.05859375,0.00099691953510046,0.0023558576998766513,-0.0032900837250053883,0.0688924640417099,258,55,199,0,0,0,0,0,0,512,2,0,512,1,0,254,0,0,258,2,0,,0.1715011849300936,505c1260b06eebb52bcc8c870d3b645e:0:0,c9ed34ba638f8b1dc2df4eaec9b0f15d:0:0,353d4a682777f67d507a3cf4b41eac0c:0:0,a7b4f836d29b3dfd28d6fb965d3b1e8f:0:3494367249,f9dae300e9612d6fc92406df2fcc808c:0:3288045439,1.0
421,2,421,1,legacy,0.0003,0.0,3.8868880432983,17.679916115266224,0.005239592865109444,0.067578125,-0.0012958956882357596,0.002786792838014662,0.02926541492342949,0.08146201074123383,255,52,205,0,0,0,0,0,0,512,0,0,512,2,0,257,0,0,255,0,0,,0.165997933014296,5797026839afb30ab436dcfe1a78805e:0:0,82468f88dd7bab38a72c3b90f359df8b:0:0,a3b4d5c7f793a22046d565f6ed9f21f7:0:0,9070bba75f4fe402a40dc77bd8552a8f:0:3362893032,48144fbbe72605e621282a88b6601f3f:1:2260097615,1.0
422,2,422,1,legacy,0.0003,0.0,3.7668221977123895,16.771050375349716,0.007036380469799042,0.10234375,-0.0016224345192313195,0.0020679222885519265,-0.010646244511008263,0.06419206410646439,260,43,209,0,0,0,0,0,0,512,0,0,512,0,0,252,0,0,260,0,0,,0.16048694890923798,24ad9da1fdf29419a463f4e139f59c5e:0:0,abd97334ce15f82d305d2c03f33de6df:0:0,8c80c8f215f3312fd5eed99a0d92fb4a:0:0,903aa8d4bcbf4046e6b71d66a6af368f:0:564201324,7723964df5dc98cdaf200f176427d9dd:0:2413430918,1.0
423,2,423,1,legacy,0.0003,0.0,3.768358168420702,18.515405234621163,0.00631270045414567,0.1404296875,-0.004734220646787435,0.0026116944150999188,-0.0010468476684764028,0.07233876734972,225,57,230,0,0,0,0,0,0,512,2,0,512,0,0,287,0,0,225,2,0,,0.14662944700103253,e095010b50842d477a5c30cc6bb2b85e:0:0,4e54e152c5edcfe8a373b3dd23becff3:0:0,4795788ef89b25887cd3cfb6ccddf68a:0:0,27affbf25c81ec9abe4f44e2c849428f:0:181203039,c055fe45c015d5ebc4517a60aebb8408:1:2217045678,1.0
424,2,424,1,legacy,0.0003,0.0,3.7025012355703524,16.37456741200356,0.015428558923304081,0.1232421875,-0.005142966844141483,0.00193300704122521,-0.0011035550851374865,0.06217195838689804,263,41,208,0,0,0,0,0,0,512,3,0,512,3,0,249,0,0,263,3,0,,0.15582945896312594,efe9dcf28a70758aeec22d5bafafd45e:0:0,f761eee345531d9a1bea0eda5f4ca048:0:0,341a5c34350b8958131e05c4dafa2d27:0:0,6f6ad0d7000fa96add4dc57c3d234e8f:0:2778528950,e2df08f200d53c1cf62d58d10016ac2a:1:4065338112,1.0
425,2,425,1,legacy,0.0003,0.0,3.7335907714231626,16.682202884171993,0.002778134308755398,0.041796875,-0.005711661721579731,0.0025782662676647307,0.0015964279882609844,0.07218367606401443,263,46,203,0,0,0,0,0,0,512,4,0,512,2,0,249,0,0,263,4,0,,0.17284704698249698,786e7d78100a6f5810d2c72b05ecf05e:0:0,2f290fd48ae8a3a767e381d0b4647ab5:0:0,962718b285fe7f3eb81c48761a583ed0:0:0,9e12e1fcba158a64e72566bf053d5a8f:0:2273202593,5e910c1fd31a16a5b4f1518c4b6ed4bd:1:3917754836,1.0
426,2,426,1,legacy,0.0003,0.0,3.8817840597451014,15.9013038963955,0.003683453891426325,0.0296875,0.00033199889585375784,0.00258356595877558,0.0049818335101008415,0.07215911895036697,269,50,193,0,0,0,0,0,0,512,2,0,512,0,0,243,0,0,269,2,0,,0.1558092979248613,5738d54f0b15fdcc62651ad66e6a0c5e:0:0,9eacc0e43453ee29d7ce943d82c63acc:0:0,c0c6568ce9c46ce2bd722242ad51a5b1:0:0,c7e37493676dc65c7c4430372097668f:0:2723292157,3e14cd31767565cfde37fac7e7842688:1:2257567814,1.0
427,2,427,1,legacy,0.0003,0.0,3.7373930772785298,15.560047478688022,0.0035583798307925463,0.0703125,-0.002111946139484644,0.0018251528381370008,-0.003505068365484476,0.060647152364254,270,49,193,0,0,0,0,0,0,512,3,0,512,1,0,242,0,0,270,3,0,,0.1390251200646162,ab9a35a8c52fdc1af3ea84f9e927285e:0:0,1a617e8c936f18f4b89556d4d723f3d6:0:0,cbfbc8aef2adf3abbf7d986667cb4b46:0:0,425c5dc7d2452a70461369708f31728f:0:1493107791,2bf57cb65409081420f45e566521b742:1:3582115912,1.0
428,2,428,1,legacy,0.0003,0.0,3.6707203842529346,15.544543792827437,0.0033545447513461113,0.0314453125,-0.004637944605201482,0.0022213380259927364,-0.0016723144799470901,0.067292220890522,254,44,214,0,0,0,0,0,0,512,0,0,512,1,0,258,0,0,254,0,0,,0.13005886902101338,c53020dfce0fb738806ea2317624445e:0:0,685f3289f9d23b4002b5807655dadb41:0:0,c6e3aa07faf373a0ae738cb5ee73caee:0:0,ce11e8acf1fa306f02f799f7510b7e8f:0:3458954270,cfef52ce1f6de418fc9b911001e39c19:0:2558247889,1.0
429,2,429,1,legacy,0.0003,0.0,3.7854394562830906,16.667771453180322,0.007728688418865204,0.0736328125,-0.007453727396205067,0.0020385377923958004,0.0043381862342357635,0.06408229470252991,259,40,213,0,0,0,0,0,0,512,3,0,512,1,0,253,0,0,259,3,0,,0.10725675988942385,3c4e8422594069c789974f191561605e:0:0,021f2fcff0c3e2a4d0a92768f86888c9:0:0,1279191fdcd3cc4d68b80d5d1b5a622e:0:0,12bd4b7ffa41b87c9250895766258a8f:0:940497954,700e22c32d5b611f03f9c8cca5b367a2:1:2390780887,1.0
430,2,430,1,legacy,0.0003,0.0,3.6460872724694777,20.526308492562606,0.006168272811919451,0.053125,-0.004481573309749365,0.002916064253076911,-0.006930062081664801,0.07692451775074005,244,73,195,0,0,0,0,0,0,512,0,0,512,0,0,268,0,0,244,0,0,,0.10409962304402143,754f9f057eea5a4473a4a84cc6de7c5e:0:0,21e7c3ce8578f83ec2ae88b387c6ff79:0:0,fa0f093a50713fff54316ffbc4b9dbf7:0:0,0a0d4e4b2c1d65f700793f1cce7f968f:0:43850837,6f257032d08750590de63692029db775:0:1130161548,1.0
431,2,431,1,legacy,0.0003,0.0,3.7497860396832197,16.19545758047405,0.007466576062142849,0.05625,-0.0037438454339280723,0.0024550642003305255,0.0069355410523712635,0.07019715756177902,264,42,206,0,0,0,0,0,0,512,0,0,512,0,0,248,0,0,264,0,0,,0.10879125900100917,fb8cf6954b4bfb71a1710a688a9b985e:0:0,8ce80b1c9186ff447136c3de4f5df077:0:0,f738e6ef541fe39a195bc0734a9fe4d1:0:0,9f84c4369b2f9f9b92c802d38a19a28f:0:3391253626,5674b6625ef6ece3144528df1da57467:0:2630099473,1.0
432,2,432,1,legacy,0.0003,0.0,3.7899921468158575,17.1475751728404,0.0027979593724012375,0.045703125,-0.0017658343072980641,0.0022758731269277633,0.002794537926092744,0.06751126796007156,274,51,187,0,0,0,0,0,0,512,0,0,512,0,0,238,0,0,274,0,0,,0.10470509598962963,3216e41fc87c6f03907112086098b45e:0:0,f2325c1b56340131582f3a6443281813:0:0,56e7e7a1a54c6ce805a89937d4f0f884:0:0,0232842159f932ebd38e5c0798f3ae8f:0:3518814246,4a6f484aed0b8c0242f2e9569793b5c3:0:242237991,1.0
433,2,433,1,legacy,0.0003,0.0,3.8745216064475647,18.76756077072823,0.0017100130207836628,0.019921875,-0.0011128290090709925,0.0024629782943520694,0.0004900312051177025,0.0703553855419159,233,44,235,0,0,0,0,0,0,512,0,0,512,0,0,279,0,0,233,0,0,,0.10455207002814859,00ed9ea36e144a8cf4b39bc848d5d05e:0:0,8ff3d0c64066153ae229e0768e2d52ed:0:0,478bb714eaa03b0198f29f5b1462695d:0:0,db7ca468bf8c9ad29e191244fb0dba8f:0:2530783506,acbceee3da4b948aa83914d2f9795128:1:1176790616,1.0
434,2,434,1,legacy,0.0003,0.0,3.8017752955208417,18.171423587552262,0.004893979988992214,0.0224609375,-0.0004869557684287429,0.0027927142509724945,0.0008768507977947593,0.07509569823741913,252,45,215,0,0,0,0,0,0,512,0,0,512,1,0,260,0,0,252,0,0,,0.10844188602641225,97c70873a2587eaad4e1c4444352ec5e:0:0,4274f9aef299479af310f86233808137:0:0,4b3a238e7b36e281651ad5dd59a2155c:0:0,c7d6e10eb942e9892ab02d17b067c68f:0:1712096402,2259da61f733660596805eb3d547599b:1:2662652292,1.0
435,2,435,1,legacy,0.0003,0.0,3.6815811459149232,17.96708935338751,0.0022052982822060585,0.0576171875,-0.005315078888088465,0.002136921521741897,-0.00013297423720359802,0.06535785645246506,256,56,200,0,0,0,0,0,0,512,0,0,512,0,0,256,0,0,256,0,0,,0.10204090096522123,4d90115038836070a63ee8185010085e:0:0,c252064c00d1723c41997d5c58c3cd24:0:0,f070cdaf42a6478c7085c3c225ccc1d6:0:0,fe4a42bb5afe55bc1a96f40bb901d28f:0:3384372577,0ce562fdd56ceb5653dc4374a2231f69:1:3957793841,1.0
436,2,436,1,legacy,0.0003,0.0,3.7402609681411367,18.168737647872767,0.014385988935828209,0.0642578125,0.001280020852573216,0.002128305530641228,0.0036585971247404814,0.06580684334039688,251,49,212,0,0,0,0,0,0,512,0,0,512,1,0,261,0,0,251,0,0,,0.11696599889546633,40171fd717c7d51468a8a3e06f0d245e:0:0,e80fe6e018e26db59b72f177e27eb621:0:0,540ec900d40adbda3379e216d5b57d34:0:0,fd72586120866af0840beead14dbde8f:0:4076039576,567bb3dec66e11f6cbf16339087eedf6:0:2279605484,1.0
437,2,437,1,legacy,0.0003,0.0,3.700093705550006,17.670230414472197,0.0034614927135407925,0.109765625,-0.0025893264217302205,0.0024809797236230225,-0.0061615826562047005,0.07125744968652725,254,48,210,0,0,0,0,0,0,512,2,0,512,1,0,258,0,0,254,2,0,,0.14579661202151328,d3e6b3e176aa9fdac296d438a04a405e:0:0,5bd93eac4f8dfb803b7de5fd1fe56de7:0:0,1becc199ed8f72364e16bd77211e76cc:0:0,4b429c969289dd28fe48e487c3f5ea8f:0:233434434,315dd0f71b64f9d01184f4e6153d8e3e:1:2128743826,1.0
438,2,438,1,legacy,0.0003,0.0,3.7882151947332137,15.160290833540246,0.0022184608969837427,0.0232421875,-9.047426283359528e-06,0.002080736175412312,0.0018034297972917557,0.06529875099658966,266,45,201,0,0,0,0,0,0,512,2,0,512,2,0,246,0,0,266,2,0,,0.14789786306209862,c38c4e08564dd2431d1b95bce3c75c5e:0:0,4a0b8b0c43b64a96a969f8bb629e8812:0:0,7d43965db845b158bcc4956fbd423a6a:0:0,cbc4f30341d1ffcaad82dd27c64ff68f:0:2341020135,5a65f051b5019748d18992a22a3bf899:0:3921626671,1.0
439,2,439,1,legacy,0.0003,0.0,3.6909343071353877,16.61145276340159,0.006615815218538046,0.0716796875,0.00048699076287448404,0.002167398837627843,-0.006135860458016396,0.06672435998916626,270,52,190,0,0,0,0,0,0,512,0,0,512,1,0,242,0,0,270,0,0,,0.1683722489979118,41979f36294a5e73bfe345093984785e:0:0,89ace8f380a01d8a58084ea0901fcd52:0:0,6c597c243edb068a2f672e2c997286e8:0:0,dd5089894b33dfc24eea20191bea028f:0:1968382113,38f8ee37550d1a8ef257f4eaefaa46b5:0:1894722236,1.0
440,2,440,1,legacy,0.0003,0.0,3.6675018230761856,17.861254309133567,0.000697801006026566,0.0859375,0.003021689457818866,0.0022421905887313187,0.0034770891070365906,0.06693991273641586,252,47,213,0,0,0,0,0,0,512,1,0,512,2,0,260,0,0,252,1,0,,0.16103374201338738,fbc915d5d1b3cbe5ed347eb9a181945e:0:0,7e9358fa75993f5b356dcab8f9e8cf21:0:0,c727198a1b6910c3e098d1d33ba71be1:0:0,39b6d41fd6cb00e944aa34e7c4c40e8f:0:966390899,af07a849c4bb11c6930e88ae6f38b7ed:1:485847156,1.0
441,2,441,1,legacy,0.0003,0.0,3.650573444698964,17.512149587979266,0.0024259116034954786,0.01875,0.00024870284833014014,0.002141228847904131,0.01855532079935074,0.06900695711374283,248,56,208,0,0,0,0,0,0,512,3,0,512,1,0,264,0,0,248,3,0,,0.1352180540561676,c26d0cd961e20e51fdf01f6a1bbeb05e:0:0,01f1ea610657c5f20657dadfb64835aa:0:0,f3ff5f1d49275224d3d2b022c69e4d4d:0:0,86d2d19e4509beaaa1e9e31fc0de1a8f:0:3270234642,f3a7db367abd92a19bd60c8b71dc1ed2:0:2266856400,1.0
442,2,442,1,legacy,0.0003,0.0,3.8433792252064527,16.29548790375337,0.007439829874783754,0.1234375,-0.005500187817960978,0.0020532155758701265,-0.004464457277208567,0.06549936532974243,253,54,205,0,0,0,0,0,0,512,1,0,512,1,0,259,0,0,253,1,0,,0.1358283560257405,67022b7d4b9d7edb7d9143b6a83bcc5e:0:0,3bdbdde8177d93aaee6c57d0602b4d7b:0:0,625cd3efa525423617ecc882362b30f5:0:0,79054b02fc2b4fe836cb324d1038268f:0:2957878685,f54d5786824ebd571caa4f337a39d3d1:1:1329120687,1.0
443,2,443,1,legacy,0.0003,0.0,3.7093028783633644,16.42751651749792,0.010379052720963955,0.0505859375,-0.003748852130956948,0.002413825335679576,0.0016794640105217695,0.0695643350481987,265,50,197,0,0,0,0,0,0,512,0,0,512,1,0,247,0,0,265,0,0,,0.10547692200634629,4345eb56e948f77d462d483b46f8e85e:0:0,44c18c3f65804920a1852ee0d3fdaf67:0:0,67aa6b96c76dd368bc678307fa4e5a99:0:0,62b74e0c08936e1f9c6b69fbb2d2328f:0:1096585470,6694c6f05a66534e79a21fa3fe15b4ee:0:972279823,1.0
444,2,444,1,legacy,0.0003,0.0,3.760021678619802,17.879020434201152,0.0048855082131922245,0.0330078125,-0.002912750653922558,0.002201382565544918,0.0007025393424555659,0.06635906547307968,248,58,206,0,0,0,0,0,0,512,2,0,512,1,0,264,0,0,248,2,0,,0.10623329400550574,f7d9bce78ca610b59c73c993f7f6045e:0:0,ab2aaf7e23de9ed235ec644d64707855:0:0,ade9f506319859de6a35290bf57d56eb:0:0,f83abf4302a79fcf40e311b7a8ac3e8f:0:3815160786,ecf1c4c7c40d0ce74d2ba46f96e80147:0:994841866,1.0
445,2,445,1,legacy,0.0003,0.0,3.7507615333967896,18.478656362475476,0.000878615421243012,0.057421875,-0.002502711955457926,0.0024384082935284823,-0.003865365404635668,0.07020267099142075,234,58,220,0,0,0,0,0,0,512,0,0,512,2,0,278,0,0,234,0,0,,0.10332312795799226,8225e1977ecf81724baea45cbb33205e:0:0,a9ca31e26b698b2527bb8bbf65922004:0:0,3b238d80406a8c9c4925af702d61012b:0:0,e28f86e8ecae261b7345f10cf1c64a8f:0:3396854813,f58fd19d3b85558f115c4b77b39cefc2:1:647812948,1.0
446,2,446,1,legacy,0.0003,0.0,3.662556807385397,16.78689272267617,0.0007976412307471037,0.037109375,-0.0017075014300644397,0.001989599410444498,0.0007079988135956228,0.06304063647985458,250,55,207,0,0,0,0,0,0,512,3,0,512,2,0,262,0,0,250,3,0,,0.104626219952479,fe2ccca69d05a13cc1c1f53190b03c5e:0:0,e9f39570bfcd3b0ea3efbd8c18a7149a:0:0,f996c3dde58f50e05f6f28e2ec532290:0:0,68f28f79fb3e8db36fa30f878e20568f:0:1203162881,69448fe08283a9eeaaace2fed4aa47a6:0:2323354160,1.0
447,2,447,1,legacy,0.0003,0.0,3.7572940307905895,15.945429852104587,0.0037110443226993084,0.0900390625,-0.008013191283680499,0.0021468646882567555,0.002112307585775852,0.06582581996917725,269,47,196,0,0,0,0,0,0,512,2,0,512,1,0,243,0,0,269,2,0,,0.10321926802862436,74eab34a7de90ca62b2c18ae786d585e:0:0,5e6412cabcb7d1228079c10de4c4583e:0:0,10db120d75784b1889b6011dcb346a25:0:0,f3ea8bcc7acfe2f66b04b4b37dba628f:0:2397304816,180170a763e6ed73d71e7d06eaffc024:1:1597799478,1.0
448,2,448,1,legacy,0.0003,0.0,3.7005831073808757,19.09117333003387,0.0023810043931007385,0.07109375,-0.0024612483102828264,0.002826670161448419,0.002671100664883852,0.07565660029649734,220,56,236,0,0,0,0,0,0,512,1,0,512,1,0,292,0,0,220,1,0,,0.104181700036861,2ce0e6dc4abf6bf38f05ab6f726a745e:0:0,aa8cd2a7bb3acef3b55a3fb6887c9c24:0:0,7c41b41f0724f13e98613c8b55d7f275:0:0,6805461944f089589f70681cc0946e8f:0:423228925,15cdc2ad39047b1ea2b1d4ff7a0b7303:1:3988512946,1.0
449,2,449,1,legacy,0.0003,0.0,3.7615346799019145,17.387383280836332,0.005376021843403578,0.084375,0.0011113580781966447,0.0019707576429937035,0.001492291339673102,0.06272176653146744,268,53,191,0,0,0,0,0,0,512,5,0,512,2,0,244,0,0,268,5,0,,0.10472015105187893,42cba2a2b85e5c09eb018a107ea7905e:0:0,7439bfacc754b4f23b7067552d46e50a:0:0,a873679e7d39fa444d2efc436b83c563:0:0,45e7108777b3b60857e6f14f56ae7a8f:0:3863185664,e6c733366783a16a02c3dceca5d378a4:0:41413985,1.0
450,2,450,1,legacy,0.0003,0.0,3.848979970598914,18.167357951231743,0.010831287130713463,0.076171875,-0.004300754144787788,0.0028278483310714363,-0.00045564351603388786,0.07530372589826584,237,43,232,0,0,0,0,0,0,512,5,0,512,2,0,275,0,0,237,5,0,,0.10506592702586204,0e7b216ecb58799a4f6cd12d9d24ac5e:0:0,99f0d904f43af3167275aa851b3a42bc:0:0,f9f5dbea71d19990b207ef622a9716b8:0:0,13ecd32061e08dd2fc6457d74008868f:0:3740829775,bf8c3683ace896755f4ccbdc89a39edf:0:4206774934,1.0
451,2,451,1,legacy,0.0003,0.0,3.8444003528163604,18.108878319600905,0.0013764762552455068,0.0734375,-0.0032543785171583297,0.0025276833213865755,-0.0012513543479144573,0.07196768373250961,244,62,206,0,0,0,0,0,0,512,0,0,512,0,0,268,0,0,244,0,0,,0.14570547291077673,359e15ec53088e8dfb2edd62cde1c85e:0:0,ab3bf80ed9e30002d57a822a7292ce65:0:0,b5e64f33f13198727f970b686f6c9dbd:0:0,c6b0225bd66ee64a1ddfe3407ca2928f:0:3767391590,550f7153d3b3e853df002dbf2624610a:1:3159018576,1.0
452,2,452,1,legacy,0.0003,0.0,3.732388955283157,16.943190612739343,0.0017589288763701916,0.0599609375,-0.0017073301132768393,0.002528247778536752,-0.00232662889175117,0.07141321152448654,261,49,202,0,0,0,0,0,0,512,1,0,512,2,0,251,0,0,261,1,0,,0.13788991002365947,7e3c03314716e1b277c94b4c10dee45e:0:0,cead85145e328b3d0b9a85dc429db0a5:0:0,79b37f7817de164b1219c7d79c7a98d9:0:0,9c7bc4c059ddaa28824c1b170c7c9e8f:0:2930459241,9a78bdab75ad90fd3f2caabb11be73f1:0:1099976588,1.0
453,2,453,1,legacy,0.0003,0.0,3.934599481028381,19.026314490122907,0.0013774550752714276,0.10546875,-0.0005596611415967345,0.0024570119043346495,0.006002340000122786,0.07010780274868011,248,63,201,0,0,0,0,0,0,512,2,0,512,2,0,264,0,0,248,2,0,,0.16140404401812702,a6e971c17314a8a5b557f785661c005e:0:0,548b114aa43bff71daaebc19fc334ffb:0:0,1c50b09a85fa48082be300abf35e1609:0:0,1f6e155ddbeee0f73096c6e6ef96aa8f:0:4032819623,c9815890a7da875b70ccba5115c72bfc:1:2024828039,1.0
454,2,454,1,legacy,0.0003,0.0,3.6842875569026243,16.923084329285707,0.0049408250488340855,0.076171875,-0.00572465960867703,0.0021980232908390463,-0.006762736476957798,0.06623435765504837,254,48,210,0,0,0,0,0,0,512,2,0,512,1,0,258,0,0,254,2,0,,0.16576852893922478,f5a697e61bc99c022690feaacd991c5e:0:0,db1c835f8e2e7307786feb247a11c44f:0:0,5d8957c6cc69013948d63af1050c888e:0:0,b5e5c434f05559f27ca8ee3c25f0b68f:0:1346809135,299def0b618ace8a66dfcb3d15400867:0:3142832265,1.0
455,2,455,1,legacy,0.0003,0.0,3.775213023630053,18.206535111317002,0.010063056834042072,0.0904296875,-0.003939576260745525,0.0023349757597316057,0.0108327092602849,0.06871365755796432,245,50,217,0,0,0,0,0,0,512,3,0,512,3,0,267,0,0,245,3,0,,0.1428359670098871,021ac2e389cfadcadcc4bd584756385e:0:0,46e677e31318a494f0a5b725954728a6:0:0,71fcb7d384ec68ba831fde7f0ea0c51b:0:0,442494e7b8dffa2f1366d8a2af8ac28f:0:2622499745,df5af90f210931ed2fa16a24d8718fa7:1:4146485234,1.0
456,2,456,1,legacy,0.0003,0.0,3.8942244656399536,17.891491288425463,0.005825601052492857,0.1169921875,-0.007796873990446329,0.0021801310766022654,-0.010522589087486267,0.06623424589633942,251,60,201,0,0,0,0,0,0,512,2,0,512,2,0,261,0,0,251,2,0,,0.13554842595476657,aebba140a518e217a3ddd029d353545e:0:0,a69ac7be9133f7cd15dd568376b76e60:0:0,f10b4c114782b4574e5c1a8dcc4631aa:0:0,d812e75cf3aeadff06b00da68c64ce8f:0:2343299583,646ab9c9bb39b28980a2789b3b7b75af:0:560173938,1.0
457,2,457,1,legacy,0.0003,0.0,3.8204650445277513,16.957455798557696,0.002382495906203985,0.08359375,-0.005784612358547747,0.0018708254443481564,0.00509245041757822,0.061098143458366394,269,67,176,0,0,0,0,0,0,512,1,0,512,2,0,243,0,0,269,1,0,,0.11777755594812334,80a77cff0cfb4a011e6113bb7190705e:0:0,283b471058c22dbc597296989f4216db:0:0,942d4d4a839bc70a323eb8f88042130b:0:0,1bfe0d48dffcfd96d95f54d3bc7eda8f:0:1728742758,5187047c800e09e07a0c2e922d7533be:1:3013993144,1.0
458,2,458,1,legacy,0.0003,0.0,3.8760567192785977,16.248029872246583,0.007091274950653315,0.0443359375,-0.0035857307258993385,0.0020937039516866207,0.003166062291711569,0.0654870942234993,261,35,216,0,0,0,0,0,0,512,2,0,512,0,0,251,0,0,261,2,0,,0.10582270403392613,c1cc7f4c585f20cce16da4a9220d8c5e:0:0,12e2de4206d1da0f4fc11000223c5478:0:0,176f777efd345251837d6fb2fc162f74:0:0,524ab2daec0e44f28b4ab5b63fd8e68f:0:1780997520,abdf7519f09c207b5610ae0ba3b18879:0:3298085738,1.0
459,2,459,1,legacy,0.0003,0.0,3.7899169950875073,16.282667140880225,0.011987262405455112,0.0646484375,-0.0019269652664661407,0.0019406224833801388,-0.0069105783477425575,0.06270486861467361,274,44,194,0,0,0,0,0,0,512,4,0,512,1,0,238,0,0,274,4,0,,0.10699698305688798,46a53ddf69ab0b5990bcdf8ee4caa85e:0:0,e9f3c1b9d7edad03493dd80ca75c878c:0:0,d62dadc33a457897bb51c289fad9049a:0:0,d5a3f01a5ec78efaa54377da1672f28f:0:71172677,e15e3f41ce49583c183ca5c0c0afadfb:1:1654292750,1.0
460,2,460,1,legacy,0.0003,0.0,3.836258831308567,15.994220510973145,0.013208714313805103,0.0990234375,-0.0035585306119173764,0.001906530890846625,-0.002214093692600727,0.06250855326652527,259,46,207,0,0,0,0,0,0,512,0,0,512,2,0,253,0,0,259,0,0,,0.10655477305408567,829c14df020a79cafaa26108b9c7c45e:0:0,79e56974342b36670578d4ccef61b5af:0:0,5239635615ad5f832e3d579bcb051eaa:0:0,7a6ef3c76f8313e9451622cb404cfe8f:0:3208623512,f86679e68943018def9742e76d7a1115:0:1606740999,1.0
461,2,461,1,legacy,0.0003,0.0,3.620302403798406,16.72048607382226,0.002862530294805765,0.028125,-0.003284539934247732,0.002143172634532675,0.0003158186445944011,0.06609286367893219,253,54,205,0,0,0,0,0,0,512,1,0,512,5,0,259,0,0,253,1,0,,0.10764538589864969,fe4b2ed8ffaa2b76340c05b2a104e05e:0:0,b40a0afc17689ab40156f2b1e337e46c:0:0,409c5b57edb0ac9df06fe9627f364334:0:0,aa7a9fe17ea95aef298a7e15bd670a8f:0:2100360084,40a9a456778f3ce53186d31ca6324dee:0:1896575279,1.0
462,2,462,1,legacy,0.0003,0.0,3.8270551246121305,17.006901729228296,0.004353292286396027,0.0658203125,-0.004452792089432478,0.0022571671346668155,0.005879583768546581,0.06721509993076324,261,53,198,0,0,0,0,0,0,512,0,0,512,1,0,251,0,0,261,0,0,,0.10748123796656728,738e96fbf286d50db481ea289a81fc5e:0:0,5526ff2239d4a1c557c285be8dac8a40:0:0,ade06ae6b4791427ef1d05afe983f71c:0:0,9e41e33e619bff18be6391458dc1168f:0:4158174675,78f12a2e8b0f64e50909c0358a0c4e13:0:67939289,1.0
463,2,463,1,legacy,0.0003,0.0,3.728639362548111,17.47995529834798,0.010979155078530312,0.040234375,-0.002332642674446106,0.0020733627839945256,-0.0031702984124422073,0.06479297578334808,246,46,220,0,0,0,0,0,0,512,1,0,512,4,0,266,0,0,246,1,0,,0.10674619500059634,fef8486ef369e90d72266b06a63f185e:0:0,fdcebf9e80f657c65bf9b718897dea32:0:0,fa41370da4fc9fd5efa53332e4dd43fe:0:0,a2e71ae9f47e1773285fa3e6b15b228f:0:256189749,26238bd8097c7aef6a2baf843d15791d:0:4180018194,1.0
464,2,464,1,legacy,0.0003,0.0,3.8128097788480364,16.18942858018888,0.005863793194293976,0.0521484375,-0.0019353911746293306,0.0020902224932797253,-0.0030535210389643908,0.06571060419082642,268,48,196,0,0,0,0,0,0,512,3,0,512,5,0,244,0,0,268,3,0,,0.11094663699623197,2eebe04de8b08266fdb624e8c43c345e:0:0,aee1c9d99995d84ee2f8e95cada6887f:0:0,6c93c723636a390a67599833b60138fd:0:0,dc8e51506466427151383d8528352e8f:0:1826204312,dba1746345988df5328592f8be71465d:1:2476371951,1.0
465,2,465,1,legacy,0.0003,0.0,3.833584014045246,15.379640681565942,0.0021308595314621925,0.0158203125,0.0004716030787676573,0.0019447956641670317,0.00023479113588109612,0.06230202317237854,268,38,206,0,0,0,0,0,0,512,2,0,512,0,0,244,0,0,268,2,0,,0.1403052710229531,70b8667aa478716d9e87f46af479505e:0:0,059774a5aee564662627baad9ca0ca84:0:0,6f8415113c26e61071456d7de2e80872:0:0,5d2bc880e4865490f3a225acf24f3a8f:0:2463907677,6ef96f52dcad8f8f3b1d5f30519ad309:0:2800455882,1.0
466,2,466,1,legacy,0.0003,0.0,3.8578134812317337,16.966979467610432,0.022374652326107025,0.09453125,-0.0025483688805252314,0.0024355221947189422,0.0003100354806520045,0.07012832164764404,250,45,217,0,0,0,0,0,0,512,2,0,512,1,0,262,0,0,250,2,0,,0.1419348670169711,a5b28c1d87cf6b026e8cf62936f66c5e:0:0,d09b3ab335802733b9b0b0008f0d170f:0:0,562d8928907cd544ea51000756893c33:0:0,ab7be021c0d4aa3fa74d63ea0fa9468f:0:4076068731,945ce5ec91739c7d7b396aa1e90ea165:1:1808001512,1.0
467,2,467,1,legacy,0.0003,0.0,3.7530033461270538,17.385572430060492,0.0030241149943321943,0.023046875,-0.0019721769727766513,0.0019469148479402064,0.0037064054049551487,0.06287675350904465,255,59,198,0,0,0,0,0,0,512,2,0,512,1,0,257,0,0,255,2,0,,0.1669717449694872,b7d8c55a96805a00765086bf8bb3885e:0:0,8b6e01f100574b5f94fac4643e0d6795:0:0,7ca6436ba0a05cdbfd58f8d81fbfd266:0:0,e7e916fa00c31cffece53fc88043528f:0:2249496896,8d1af4599ef99fed6ea6c22628e1aafd:1:4139976354,1.0
468,2,468,1,legacy,0.0003,0.0,3.6939842412409125,16.268955845536002,0.0013152232859283686,0.0873046875,-0.00365665543358773,0.0018967827083542943,-0.003101188689470291,0.06178208813071251,260,44,208,0,0,0,0,0,0,512,2,0,512,3,0,252,0,0,260,2,0,,0.1714971490437165,092cc66a271ad2e8c8f842c9f2b0a45e:0:0,b8a35cd9a9b666bc2db81202442a2b83:0:0,697dd8048ca097b6a87d1bc09d102c44:0:0,90e4a3400c8f9bce3a1040d4441d5e8f:0:1149840468,569841977cf082d86f87ff762e11c1ba:1:169546184,1.0
469,2,469,1,legacy,0.0003,0.0,3.7572395187215197,16.16235505190644,0.001671072794124484,0.0515625,0.0008811286883428693,0.0026528181508183478,-0.005664341151714325,0.07343345880508423,267,42,203,0,0,0,0,0,0,512,3,0,512,0,0,245,0,0,267,3,0,,0.15231372194830328,c4eb2aee9ad0a9cea04406e46bedc05e:0:0,4f196655be0aee8ef2ea29ca60dd2fef:0:0,b3eb240a1cb75cf1865964fccf263263:0:0,70e5e42807ba66c605702e995b376a8f:0:3369125015,46474248df26c3b697b40d1f731cecb9:0:394782969,1.0
470,2,470,1,legacy,0.0003,0.0,3.7206480276533918,15.637888979315239,0.002910577692091465,0.0251953125,-0.0008315792307257652,0.0022077643079683185,0.009273681789636612,0.06721628457307816,273,50,189,0,0,0,0,0,0,512,1,0,512,1,0,239,0,0,273,1,0,,0.1382259699748829,a062690ac8c5aa83788defaaf76adc5e:0:0,9c9a199d1b27292e6c8bf2a785ff4bb1:0:0,d10adecc80ae5ab4e47dd113730e1c8d:0:0,7124c277d32dee06d2a210a3c591768f:0:1808369818,926a31d70d5aeb162f517f3c547bda4d:1:3046249237,1.0
471,2,471,1,legacy,0.0003,0.0,3.709829812084445,17.691771769128593,0.014945188537240028,0.0599609375,0.0005647743120789528,0.002881309948861599,-0.002369342604652047,0.07589058578014374,245,69,198,0,0,0,0,0,0,512,2,0,512,6,0,267,0,0,245,2,0,,0.15067100897431374,ac9da867086d73032cca59b99527f85e:0:0,13003b028e9a1a7b12dbb8fb0635b856:0:0,c966fb2ace906192d178f2ced683e6d6:0:0,d872f531e9a453d93e3e2e7f832b828f:0:862796202,ad83e3fd4a72d4d7115fd03dc981f4fb:1:2014346852,1.0
472,2,472,1,legacy,0.0003,0.0,3.67729972189713,18.996028812732657,0.022802863270044327,0.090625,0.0020713039673864843,0.002828877093270421,-0.00284118321724236,0.07539588212966919,238,62,212,0,0,0,0,0,0,512,2,0,512,5,0,274,0,0,238,2,0,,0.14314550103154033,aca6a7fd069370201287e1ac4525145e:0:0,c5b7096a69e577a3c0753ce756a6e260:0:0,49bb40a4d965e09c8f8409db97bcc8a5:0:0,d8980ab388d6921409d80fb894058e8f:0:1322099,331f535fac43e9b2cf74623505f6804a:1:2676999859,1.0
473,2,473,1,legacy,0.0003,0.0,3.814910427342097,16.679665044455128,0.003707150463014841,0.05234375,-0.0010091688949614764,0.0027165458886884153,0.007676530163735151,0.07379130274057388,270,54,188,0,0,0,0,0,0,512,4,0,512,1,0,242,0,0,270,4,0,,0.14445286605041474,280b8c2cd0a8fc6f15ef641f0762305e:0:0,40e8fca32df484d0f13af160c218dadb:0:0,866d39acfa794c20b645f561258c30f5:0:0,29840dedda0142c127fe7bdaf81f9a8f:0:327392925,b4f24c42c1a136d3dd31987f5fa2efb5:1:2716659742,1.0
474,2,474,1,legacy,0.0003,0.0,3.770017605597337,16.598176653413255,0.00839416217058897,0.0685546875,-0.007086884859018028,0.0018866242957301439,-0.007894046604633331,0.06184399873018265,268,45,199,0,0,0,0,0,0,512,0,0,512,0,0,244,0,0,268,0,0,,0.1673822170123458,58da3947c1f5a173d5c3fdaddbdf4c5e:0:0,0f92306cc645470bac54ee7f491650be:0:0,6e445e91bec38714d28b310ce86c6cab:0:0,c3cca2ad0c4b0c02c83b7a72af79a68f:0:3638534962,0dad2e908922fe2b0df947b8486e0d10:1:1611304229,1.0
475,2,475,1,legacy,0.0003,0.0,3.8594899674217507,17.739054328940227,0.004477757960557938,0.074609375,-0.002899504080414772,0.0024522845982573927,-0.00746687687933445,0.07066239416599274,259,58,195,0,0,0,0,0,0,512,4,0,512,0,0,253,0,0,259,4,0,,0.1670494779245928,51a2c5683e457b0cbf630af4c29c685e:0:0,7b78c1efbd049ccee9c3b37248252522:0:0,fd937a5da87c8448e795ee65af82d4b9:0:0,8678832b9398af386314530bba13b28f:0:348491483,1d896d6141f70c4514307a11f203d5c0:1:169046574,1.0
476,2,476,1,legacy,0.0003,0.0,3.7380908229123797,18.412624704630275,0.011004938744008541,0.1142578125,-0.00586108323186636,0.002726902870927006,0.010676160454750061,0.07347426563501358,265,58,189,0,0,0,0,0,0,512,1,0,512,2,0,247,0,0,265,1,0,,0.14566922606900334,7d8d8f1765b1bd1f2ac4288fbb99845e:0:0,06f3731a882ff3de714f1a7a64c5b48b:0:0,df70b9edb19b788e7ceb37d733fa4e0d:0:0,aa5d647afe5abb63c6098d3217edbe8f:0:1379560897,82147e964e66d2e456613fa57925fa28:1:927148236,1.0
477,2,477,1,legacy,0.0003,0.0,3.7631720442740537,16.8790482727478,0.005250263027846813,0.0662109375,-0.0006187950260937214,0.0021315067249815913,-0.002959709381684661,0.06534113734960556,259,57,196,0,0,0,0,0,0,512,1,0,512,2,0,253,0,0,259,1,0,,0.10583903396036476,1c67a4ec2d1f5b837679331ac6d6a05e:0:0,a0f5dd1483aa417eaa5f546d8a7873ff:0:0,d7064ed32a8d2b5bea23c0c62197c82f:0:0,4a846e9714e0e2ce1f96f071c907ca8f:0:3390068036,0685b76ff181b6790281ebbf0f1834d8:1:2181181032,1.0
478,2,478,1,legacy,0.0003,0.0,3.771565144172124,18.865207801268703,0.003855265211313963,0.0599609375,-0.00036280155181884767,0.0025309558026492597,-0.0022970051504671574,0.07115765661001205,249,56,207,0,0,0,0,0,0,512,4,0,512,1,0,263,0,0,249,4,0,,0.11110027902759612,c8f964f9870fd43123ae4731e453bc5e:0:0,f351bb0e994cfb8acd9a326ba5107f2b:0:0,2198f8e10dd6a64d713baeac45bbb512:0:0,f069a84334bef3ed0b338456cd61d68f:0:3047342431,c3d65759e548237dacca21c920e6e7e3:0:1989199278,1.0
479,2,479,1,legacy,0.0003,0.0,3.8368167353117006,18.27179075500127,0.001498107798397541,0.05703125,-0.0017345585860311986,0.0025249399128369986,0.007870888337492943,0.07167568057775497,241,52,219,0,0,0,0,0,0,512,2,0,512,1,0,271,0,0,241,2,0,,0.1091570199932903,a347918b88601baaf229c1711410d85e:0:0,2d01cc1d56e2a0f4e2a9b8b8b5520520:0:0,cadee1c99c276b14fb9f0186a8cb0e71:0:0,efbaf61d1acf75879d51906d24fbe28f:0:1567411719,cec0d6889230138886f6aa5a6ed8cef6:0:3483000733,1.0
480,2,480,1,legacy,0.0003,0.0,3.7963344434697213,17.883661954566477,0.0022713840007781982,0.0353515625,-0.0017978787887841462,0.0018354264786466957,-0.013204699382185936,0.062201812863349915,263,65,184,0,0,0,0,0,0,512,1,0,512,1,0,249,0,0,263,1,0,,0.12000344798434526,94c68b5db491abaafc4c3e74560df45e:0:0,e5384a62566f25762253d9d8d1dda83e:0:0,336e2714f2e00c0ee315cedcd62fee03:0:0,62bb979b8e5fe61b6f5e9c40cfd5ee8f:0:2315817997,fd5af13d43a9fdfdfc9164a4085d605b:0:60238642,1.0
481,2,481,1,legacy,0.0003,0.0,3.6396511129474245,17.285727367750802,0.013104473240673542,0.075390625,0.00015600714832544326,0.00282499638851732,-0.00471297325566411,0.07827866822481155,258,56,198,0,0,0,0,0,0,512,2,0,512,7,0,254,0,0,258,2,0,,0.1274595089489594,8449f01edd39b40ed3109ad7aa4b105e:0:0,8a62ea67e5c73b457b85cfd4656494ff:0:0,cf675209ab70254ad04935e3b4923bb0:0:0,b9e163faa0129e81abc36f5dcdeffa8f:0:849197045,d3c77e3d9d412e8096a107ff1a3e8b76:0:1738287223,1.0
482,2,482,1,legacy,0.0003,0.0,3.747624029321454,20.11361813063097,0.0033215114381164312,0.0564453125,-0.003040817193686962,0.002767985383979976,0.009435182437300682,0.0754714235663414,246,70,196,0,0,0,0,0,0,512,3,0,512,3,0,266,0,0,246,3,0,,0.11062638799194247,64d886c140326e039a0bf33710c82c5e:0:0,e97fea750e3f279685cd5a126a140233:0:0,52ef93a093b59c2fb0167032e7bed8bb:0:0,01e16c626f0257d419e411501f4a068f:0:403012914,92965c65fa7191b6f10b6737c69768d0:1:600731542,1.0
483,2,483,1,legacy,0.0003,0.0,3.7868913999974962,19.599532449208425,0.00641012005507946,0.0314453125,-0.0021068288711830973,0.002877562784124166,-0.005348159000277519,0.07680808007717133,247,61,204,0,0,0,0,0,0,512,2,0,512,2,0,265,0,0,247,2,0,,0.10782808996737003,07c529bfd02a9172236da42e8985485e:0:0,e5d136d1e425486eacde2859b83bfbf6:0:0,b88c584f902674e5523fb763dbb64d5e:0:0,367217e0a6b354922a1fc9a3c3e4128f:0:820568942,b73dfc71d5c97edc636c54e61082f0ec:1:1153313372,1.0
484,2,484,1,legacy,0.0003,0.0,3.6772620444317274,16.672562998362793,0.0022323671728372574,0.0390625,-0.002591129532083869,0.002594591485103592,-0.0059148701839149,0.07264424115419388,262,42,208,0,0,0,0,0,0,512,2,0,512,1,0,250,0,0,262,2,0,,0.1121887769550085,b1c1422bd32eecab0bff4a5a1482645e:0:0,a895f4250b2e1570f78de85bda7aaab3:0:0,00a8f5e485cec754ae5adc3424c84c99:0:0,20c94918285e2d0601d11fe4bbbe1e8f:0:2300647510,1ac3b7dde860ce8903267948fffda792:0:1818728250,1.0
485,2,485,1,legacy,0.0003,0.0,3.8400054753695114,18.437538690169397,0.007671311032027006,0.0619140625,-0.0026540582533925773,0.0028519682004116476,0.0035373675636947155,0.07565262913703918,250,58,204,0,0,0,0,0,0,512,0,0,512,3,0,262,0,0,250,0,0,,0.144484224030748,d64c650042ca1e52d724c255b1bf805e:0:0,c8a340dee58e323e3bfb4afef2c4f003:0:0,b0383cbb5de561fa4c591ceb519514aa:0:0,528da4d592203ee9874ddb9f06d82a8f:0:2168876380,8d858efb1b35143f2a1e50e75076a961:1:2305324971,1.0
486,2,486,1,legacy,0.0003,0.0,3.8378782486654597,18.327037430027325,0.009904422797262669,0.0669921875,-0.004420044168364256,0.002306335320463404,0.00479917274788022,0.06793097406625748,244,46,222,0,0,0,0,0,0,512,2,0,512,3,0,268,0,0,244,2,0,,0.14489699201658368,3f2ebee29956718e0adc28bd613c9c5e:0:0,22063c5316daab564b1f49e4ceec4780:0:0,c9ad7698058f4a6f8cd1bcc98fcec3d2:0:0,bbd2a402969dc04b6de7045ea532368f:0:2171653823,931439e0ab475d97c72111c8628bf3e5:0:2359085799,1.0
487,2,487,1,legacy,0.0003,0.0,3.7939702928555072,17.71836000612734,0.008181015960872173,0.0666015625,0.00020333239808678627,0.0019474749686196446,-0.004308200441300869,0.06236256659030914,241,51,220,0,0,0,0,0,0,512,2,0,512,2,0,271,0,0,241,2,0,,0.15399459097534418,78d13122f81ddc6d4bbdda2d22f9b85e:0:0,66a622ca275630d983042cce6e99dd46:0:0,481a0f9f25ece941ceeba59d23f4e5fa:0:0,1807babd57a175b441e8e1af96cc428f:0:3982998892,01e2a85246c17230f67ebe291e9a1606:0:4154201723,1.0
488,2,488,1,legacy,0.0003,0.0,4.029186539422204,17.843960365163426,0.004445215687155724,0.07421875,0.0008311392739415169,0.002351804345380515,0.005636756308376789,0.06903187930583954,248,55,209,0,0,0,0,0,0,512,5,0,512,3,0,264,0,0,248,5,0,,0.1632403030525893,d2865577d1e4209978fc7340f6f6d45e:0:0,22761ddff459f8544b26be9a93c07509:0:0,cd945c059633dd3e5a5bc62045320a67:0:0,edc389a436460b8b749afb1ddba64e8f:0:724457277,e9ca45d4703505e86ec220924563a44a:0:3256439181,1.0
489,2,489,1,legacy,0.0003,0.0,3.78808735571083,18.527216418215442,0.0056360093876719475,0.06875,-0.0007344762561842799,0.002494168421253562,0.0008647305076010525,0.07091635465621948,258,57,197,0,0,0,0,0,0,512,0,0,512,2,0,254,0,0,258,0,0,,0.1577144939219579,cd730c9b85770e3fc864d094dd33f05e:0:0,c1da6ebfd0650597518772c8f69edae3:0:0,bd6e8068da6fbdb8ffab80844ba4be62:0:0,1344c5b1cb3512bc6840183573c05a8f:0:934301144,a5cd52c779d0cfac1551d2aaf8a707f9:0:918600676,1.0
490,2,490,1,legacy,0.0003,0.0,3.7020645267926953,17.931041560389872,0.024334894493222237,0.0599609375,0.002104885224252939,0.0020094552892260253,0.005845251493155956,0.06370147317647934,266,56,190,0,0,0,0,0,0,512,3,0,512,2,0,246,0,0,266,3,0,,0.12318282702472061,a7fbc69c93e0e93de25e0ec4d5b10c5e:0:0,51a4fef57691cf4bfacb2b6ad2a2c44c:0:0,beec328fbd1fdb078624b4c5f45744b5:0:0,88a3464ff987a09b7c1640825f1a668f:0:1772581253,decda916b823e5b2729c5316eaa74b9e:0:2750677157,1.0
491,2,491,1,legacy,0.0003,0.0,3.8269210886341547,16.292615143623213,0.007026407867670059,0.0810546875,0.0004966790787875652,0.0021207023703027515,0.00022478040773421526,0.06526108831167221,274,36,202,0,0,0,0,0,0,512,4,0,512,1,0,238,0,0,274,4,0,,0.10557032795622945,00ad5a5b5dd8f08dfde98a6ce06e285e:0:0,80bac204b732b380031bad61bce0fbb8:0:0,8ea2fd966412716bd637873b7dbf14f6:0:0,f43c78944ed4920b1856bb909db4728f:0:1666586662,1d87bace5df4699df6c04d911a0d8541:1:3117846510,1.0
492,2,492,1,legacy,0.0003,0.0,3.758673195214596,18.396975052379496,0.0073723699897527695,0.087890625,0.003289550682529807,0.0027749626664444805,-0.005146703217178583,0.07452479004859924,253,58,201,0,0,0,0,0,0,512,2,0,512,4,0,259,0,0,253,2,0,,0.10208265099208802,84c5045a940e07f2fca2e028fd6b445e:0:0,6a6a304cdaf7497ff7428b0d08c098ee:0:0,43401d77f6be0bb9529064c2428fdd54:0:0,192751e322f871e0ba3610ec2f8e7e8f:0:3196863748,9ce79097c8dcefab06b0acaa8f9b15ad:1:2056163316,1.0
493,2,493,1,legacy,0.0003,0.0,3.8318355610827703,16.156431239916415,0.0023106010630726814,0.0421875,-0.00011013406328856945,0.0018848422099836172,0.009716994129121304,0.06136077269911766,270,45,197,0,0,0,0,0,0,512,1,0,512,4,0,242,0,0,270,1,0,,0.11068192904349416,760303b1c5e783e486bfec952ca8605e:0:0,accfefdc4c6a9979115a684a0e4fd324:0:0,282e86d4b3260ae52be004a1677e0def:0:0,2dacc3822a230289ffe4082114a88a8f:0:14305561,4a710ed122d9a729198c9c07cee20d6e:0:3935425791,1.0
494,2,494,1,legacy,0.0003,0.0,3.7209600538661824,17.621945556827903,0.007842771708965302,0.045703125,-0.001577393664047122,0.0023651583469472826,-0.01255989819765091,0.06832677125930786,251,52,209,0,0,0,0,0,0,512,5,0,512,2,0,261,0,0,251,5,0,,0.10277482005767524,bb96469bba5817bb2710cc4d6e257c5e:0:0,b692493fdb7e90e3a2e302d1b33fa664:0:0,18663e3cf4a4359f263a6c0b30bb7b07:0:0,fc22a3ee6bb66af1b48ba8bb4d02968f:0:2438076074,789ee53540874b81fc113d5a1a62c6fd:1:1805006322,1.0
495,2,495,1,legacy,0.0003,0.0,3.7844333057605395,16.07286777053112,0.00892547331750393,0.0544921875,-0.0006227736361324787,0.00191446379176341,0.008457898162305355,0.061835065484046936,273,41,198,0,0,0,0,0,0,512,4,0,512,4,0,239,0,0,273,4,0,,0.10290274198632687,5cedaec47e5ee61c66ffdbedc1e2985e:0:0,a1be4de94d0efd7156cea63434e175fa:0:0,cc7df32f23f57ba168d19f99bee22bfe:0:0,26580214d08406a4dc533a46d89ca28f:0:368903580,aa44fe0a747fded2571ae636204995ae:0:253037970,1.0
496,2,496,1,legacy,0.0003,0.0,3.710165834403349,18.357240931331685,0.0062537468038499355,0.05078125,0.0006541525013744831,0.0026939200120978057,-0.008976791985332966,0.07361958920955658,260,50,202,0,0,0,0,0,0,512,2,0,512,1,0,252,0,0,260,2,0,,0.10542227991390973,e554a82554d2b3a6ea91b81227dfb45e:0:0,bbca6d4bd6cade056d1bee1992731796:0:0,2c1dfe8d2cd67e0a5066592da5d577ec:0:0,ae42e1d7baf2d937c05c444fb776ae8f:0:3003232398,b0074417fe6f8581546c4e85c98c6904:0:2837675582,1.0
497,2,497,1,legacy,0.0003,0.0,3.847153488435506,17.301957281667633,0.002836414612829685,0.0736328125,-0.0014151998329907656,0.0018415691563859582,0.0028917223680764437,0.06085706502199173,260,52,200,0,0,0,0,0,0,512,2,0,512,2,0,252,0,0,260,2,0,,0.10683451499789953,76b51be6f3133bde8c653d56a01cd05e:0:0,cd412c9f8bcaa8ce72b6133e0571a471:0:0,2f824b2f21a44655b604a57fedb5932d:0:0,011078975b9ba4eafac38e61e990ba8f:0:4224972534,2e9937aec6895c14d084c9eafa04d4ad:1:390054847,1.0
498,2,498,1,legacy,0.0003,0.0,3.786664040407299,16.97593445811738,0.0010395016288384795,0.0626953125,-0.0016203098930418491,0.0019334787037223577,0.0005902002449147403,0.06215637922286987,265,51,196,0,0,0,0,0,0,512,2,0,512,1,0,247,0,0,265,2,0,,0.1472246099729091,72e8336cb63ca85879b388572a99ec5e:0:0,32334dd50dafbf80ace8e8524e1680b7:0:0,52f34a56351b562c8ae25ab9ec0f3cbc:0:0,1f5a23bdb4e6a49082a120096eeac68f:0:1060894215,5714a2c00edc7671cc2a8e94e6f14b70:0:1776815321,1.0
499,2,499,1,legacy,0.0003,0.0,3.790919280214525,18.94098467676093,0.008067790418863297,0.0841796875,-0.00656992644071579,0.0025036298437044026,0.0007245526649057865,0.07101070135831833,250,54,208,0,0,0,0,0,0,512,4,0,512,5,0,262,0,0,250,4,0,,0.15523590904194862,cfe9e655bc792a274e4ff5afc757085e:0:0,9cc04b736c8d09668be1dbaac1d92cb5:0:0,cda63e8f425ab37ccff46f85bff851af:0:0,1152829a8036e8b0b80840d24784d28f:0:4204112932,5cc5ac824249bfbcb8fd9f73f72fc643:0:3438542792,1.0
500,2,500,1,legacy,0.0003,0.0,3.7929311723961003,17.8004167143607,0.0008055947255343199,0.0509765625,-0.0033852158114314078,0.0015992127067875118,-0.0017684027552604675,0.05662279203534126,264,44,204,0,0,0,0,0,0,512,4,0,512,4,0,248,0,0,264,4,0,,0.15886666404549032,9648f0eb0e0cb58730a821fc7654245e:0:0,881b3b9d035b7de749e46329082a8265:0:0,39d4f112006be77b016ab6bee619e7de:0:0,937f5826672f57ef70077848735ede8f:0:3779532950,c77c6ecced8d6058ca300303b111743f:1:921153102,1.0
501,2,501,1,legacy,0.0003,0.0,3.693321641136876,18.529474010945954,0.005958793219178915,0.0525390625,-0.0038492766674607993,0.0025163533515296876,-0.012719751335680485,0.07239091396331787,238,46,228,0,0,0,0,0,0,512,3,0,512,2,0,274,0,0,238,3,0,,0.15819415403530002,e48d8f1c41b6dfc9edc3e9d93791405e:0:0,923000c2bfd5de7066cceae95c6aa66c:0:0,f48c92d0c5ce65c7da42795fe6f73f2b:0:0,c3462090439d52b100a88df7f278ea8f:0:2909254117,ccf9a4881d4bee0cb54db3a2050c60d9:0:2196062984,1.0
502,2,502,1,legacy,0.0003,0.0,3.855207868170104,18.851544262131558,0.009492650628089905,0.061328125,-0.003972580516710877,0.0023813823878299444,0.00037112069549039006,0.0694935992360115,246,49,217,0,0,0,0,0,0,512,1,0,512,2,0,266,0,0,246,1,0,,0.16102319594938308,504d32d64806df83154569e20b0e5c5e:0:0,874d7b441e5197c3f4a656396ba2f2c4:0:0,9ba4e876a25498d2d710a012344b3c6d:0:0,7d7299c25894f9ff4cf0896cc4d2f68f:0:948707040,6f0f6b0ac4d8ce86c33c17173f69330e:1:1983885589,1.0
503,2,503,1,legacy,0.0003,0.0,3.8171433763718676,17.199903807493765,0.0034249075688421726,0.14140625,-0.0027962664142251016,0.002276642358629033,0.006989669986069202,0.06733450293540955,274,49,189,0,0,0,0,0,0,512,1,0,512,2,0,238,0,0,274,1,0,,0.16916728799697012,d078632a493daef41568feb2f0cb785e:0:0,288654d7b770e5a18af23628a0b2a864:0:0,f11277a3ffcd7395ea1f30632f56b766:0:0,0f2fdd58b74b19aed0dfb232ea6d028f:0:1006505453,da173a6786debe7d9fff6eb1d233c5c1:1:2706594131,1.0
504,2,504,1,legacy,0.0003,0.0,3.6884966209881433,17.115824139331792,0.003641712013632059,0.0568359375,-0.003668269421905279,0.0021577786130364983,-0.006175345741212368,0.06597389280796051,279,53,180,0,0,0,0,0,0,512,1,0,512,2,0,233,0,0,279,1,0,,0.17130512301810086,b6620464c15a50b8570544e7e8c8945e:0:0,3d8f353b783034e3e9dfa0a0a46ef06f:0:0,89945f0b43968fd5d837d000f9062b5b:0:0,beee15cd4238b5c3ad718fd663470e8f:0:875971327,adba2a1a4f1cb3500b903219eaf959ae:1:7650493,1.0
505,2,505,1,legacy,0.0003,0.0,3.8198366433562487,18.959084302441397,0.004331082105636597,0.0623046875,-0.005471756448969245,0.0025748763117007913,-0.0028699261602014303,0.07175810635089874,250,55,207,0,0,0,0,0,0,512,1,0,512,1,0,262,0,0,250,1,0,,0.17106323700863868,ce4c77df45ec36b1598b191cf305b05e:0:0,f054b572cfa068ee6d26064599aee8af:0:0,ad03aa7585484af48c319e420e140a1a:0:0,81a04fe901143b16b49ce9e32f611a8f:0:779428249,f4168507ea75785ca21b42fbf7ec2642:1:2960015328,1.0
506,2,506,1,legacy,0.0003,0.0,3.8673044443434392,16.194599512747665,0.007027154788374901,0.0736328125,-0.004116706363856792,0.0016994529752992094,0.011873383074998856,0.05886951461434364,281,48,183,0,0,0,0,0,0,512,7,0,512,0,0,231,0,0,281,7,0,,0.17080249404534698,bf314d01a147cb32cf0597ee0f82cc5e:0:0,2be78d0b70e625daaefe84bc806b9286:0:0,b21ab5cfadc6850af31adb2cfdc3b9b6:0:0,dcdf6cd5b82c533a7553c7e54ebb268f:0:425091565,36635d85c40c0c7554b901e83a84a4a2:1:1186666194,1.0
507,2,507,1,legacy,0.0003,0.0,3.85420503983663,16.758232214633594,0.0010159185621887445,0.0591796875,-0.0026765272486954927,0.0022598140698391945,-0.003730247262865305,0.0676589161157608,268,46,198,0,0,0,0,0,0,512,2,0,512,2,0,244,0,0,268,2,0,,0.17354341398458928,5e3ba3912eb91c6eb81a1df73e3fe85e:0:0,842dc864c42a447f1982ac68ee286310:0:0,3afd5f20aad5c32f9210a34d0f473b7d:0:0,7310c875f5b05ba047837168c155328f:0:1314296563,f8b1b9274355ace5d71f3ba0557bbbdc:0:3199863324,1.0
508,2,508,1,legacy,0.0003,0.0,3.7990884483599396,17.861845192419622,0.005068419501185417,0.0564453125,-0.0008790967520326376,0.002170682151336223,0.0017733562272042036,0.06695375591516495,269,44,199,0,0,0,0,0,0,512,3,0,512,4,0,243,0,0,269,3,0,,0.17791358998510987,174be217a350aa21800847d47f3d045e:0:0,3767ee0ab008729020e733344a9eba25:0:0,b019beda2fa5912ceb17b78a08fe5a1f:0:0,f6f0c2f507727ffd58146df9872f3e8f:0:1998944356,704a3e2f5f43bf10bb03500648b242a6:0:2132794220,1.0
509,2,509,1,legacy,0.0003,0.0,3.765121423401169,18.080995551587886,0.00926950853317976,0.0794921875,-0.007129359734244644,0.002376988978357986,0.0008737290627323091,0.06901653110980988,249,55,208,0,0,0,0,0,0,512,2,0,512,2,0,263,0,0,249,2,0,,0.12518648197874427,fb1501d4aee6557e18a9f221d27a205e:0:0,adbf336a229b1d943a69c6157660429e:0:0,b4e3a94ee66ec02322194a971d7aa2aa:0:0,3b1303cb8baf77efb4ea8523a0494a8f:0:4118953958,eb367d41b0e7565262b539a6f40de06d:0:1624324561,1.0
510,2,510,1,legacy,0.0003,0.0,3.6481938377078986,18.39356503221574,0.0015881590079516172,0.05625,-0.002123685786500573,0.0021319090737961233,-0.008115295320749283,0.06556873768568039,250,58,204,0,0,0,0,0,0,512,2,0,512,2,0,262,0,0,250,2,0,,0.10567819396965206,a7386c5820ee735a1673397b37f73c5e:0:0,983470e06f7785d8804f6736fc3b3851:0:0,0cae799bf179062917c2413be58e55f1:0:0,b34bffc08f67e7e358e4be730ca3568f:0:456670283,8f21af3f49cde0c0f56c89e187ad95e9:1:3654028965,1.0
511,2,511,1,legacy,0.0003,0.0,3.806435528003356,17.617988844488618,0.011034166440367699,0.0853515625,-0.0012691146694123745,0.0021212842606473715,0.003779293969273567,0.06506360322237015,261,43,208,0,0,0,0,0,0,512,1,0,512,2,0,251,0,0,261,1,0,,0.10244955099187791,47753d8c7cbd0099cc727a7cafb4585e:0:0,16ca86b5ef351eb2ee607b66eb74e369:0:0,356238cb49880ed3fd1c0e804e70202f:0:0,fcc90aba6cd7653737dd6173cc3d628f:0:2519259027,8cb8aba5eecd9338e4ce289240355714:1:4125038725,1.0
512,2,512,1,legacy,0.0003,0.0,3.7662612336929255,18.270927773271083,0.009449513629078865,0.0458984375,-0.001741462294012308,0.0023136561852879823,0.003045793157070875,0.06835518777370453,254,52,206,0,0,0,0,0,0,512,1,0,512,1,0,258,0,0,254,1,0,,0.10352299502119422,92caafa428d2f8dc685051c239b1745e:0:0,dc23f90a9295c71b241f08977c1510ae:0:0,3c41c355a8782235a1f3c2a706a0ed12:0:0,d11e097ddc951da24aa9f5b1df176e8f:0:2144124984,c7ac15b4cfc2f058ddd0c47dea4d3515:1:1759810247,1.0
513,2,513,1,legacy,0.0003,0.0,3.782027247021693,16.11828445709591,0.005961535032838583,0.02890625,0.0003601432777941227,0.0020344684831798076,-0.0005004705744795501,0.06399226933717728,268,41,203,0,0,0,0,0,0,512,3,0,512,2,0,244,0,0,268,3,0,,0.10377072589471936,16938505a4d1cf680e4f9be7d5ee905e:0:0,188de510d920d4752271fdaf2495aaaf:0:0,21f4ea51d7be70ab28dd2b4f54b957d0:0:0,1c01aec4ebea21d89b1b42b945317a8f:0:2936944088,e52ee3f1ec9afacc505e7eb6efd4dc3d:0:3092161409,1.0
514,2,514,1,legacy,0.0003,0.0,3.783131929600317,19.83846988289266,0.006140159908682108,0.066015625,-0.004481798270717263,0.0021610990457702427,0.003744632937014103,0.06600286811590195,236,56,220,0,0,0,0,0,0,512,4,0,512,5,0,276,0,0,236,4,0,,0.10328874096740037,8e616efd71b10a55f54d7589846bac5e:0:0,e00d55f44a91afbb211b94d7db34c2e1:0:0,9c41caf5550482f6e40793a8a39f8317:0:0,b6131262cae953704ffd5015fe8b868f:0:330933014,a1fcb3f4fc5c56393a4404d2cd3a756b:1:640771619,1.0
515,2,515,1,legacy,0.0003,0.0,3.7577548723621623,18.304738628838393,0.0069128707982599735,0.062890625,-0.003163568815216422,0.0022698601882439108,-0.010432282462716103,0.06785482168197632,244,47,221,0,0,0,0,0,0,512,1,0,512,2,0,268,0,0,244,1,0,,0.10244921105913818,a3fbb6a697d1fffe82c13b434528c85e:0:0,313ccdab10e964c72d4918e00231cb42:0:0,1b7de23cd2395965a03d9a68f9bdc79b:0:0,7c156074a4d4f606b91765540b25928f:0:1608698131,0d131bf364dd5bd81ac3563492faca2e:1:3271166392,1.0
516,2,516,1,legacy,0.0003,0.0,3.845115880166994,16.831604323696794,0.0033460156992077827,0.069140625,0.0013312587048858403,0.0016829110914841293,0.02299610525369644,0.0610969215631485,278,48,186,0,0,0,0,0,0,512,1,0,512,3,0,234,0,0,278,1,0,,0.10482899902854115,719bd024f68db6a566bc89b11825e45e:0:0,65d182650b8e2fb122b50e28ba49bdd1:0:0,20d81e526000343a3bc85f4135e97ae5:0:0,0cd059eaf55de3a55b2c09ff6aff9e8f:0:1258260994,17b48443028e362fb5300282107bfd9f:0:2232689718,1.0
517,2,517,1,legacy,0.0003,0.0,3.7142519111539407,18.977740025970967,0.0034846626222133636,0.05546875,-0.0053570220246911045,0.002413376554613933,-0.01439824141561985,0.07013429701328278,247,56,209,0,0,0,0,0,0,512,1,0,512,2,0,265,0,0,247,1,0,,0.11636219604406506,b394fef6c8d8e665b7eb3d6efd63005e:0:0,c855406d608c62865f4e770cb0b6b59f:0:0,16be0c3e03f7055cc9250d84d48b7c1b:0:0,5b7667020d486466fbf905a41e19aa8f:0:1195091586,ddf7ddbec361acae3f983ff6b386fd22:1:3754201313,1.0
518,2,518,1,legacy,0.0003,0.0,3.916836271245912,18.313748231753692,0.006698830518871546,0.0357421875,-0.002896822290495038,0.0018856626993510872,0.0013180802343413234,0.06126517802476883,256,50,206,0,0,0,0,0,0,512,2,0,512,3,0,256,0,0,256,2,0,,0.10268688399810344,f041cccd0a9a1d5e0f937318f4e01c5e:0:0,498271761f6aa0dbea87ce6891754b02:0:0,4bc7718610855985157b7cf38f16e4aa:0:0,6c530f8bb902a95cae375fce2473b68f:0:2921593464,4a18ddb9824db5a8ee76ae1161637c60:1:2993826075,1.0
519,2,519,1,legacy,0.0003,0.0,3.841229186403911,17.304441361884805,0.005479910410940647,0.0931640625,-0.0027862264076247813,0.0017076076823286713,-0.007436817511916161,0.05914115160703659,269,44,199,0,0,0,0,0,0,512,2,0,512,1,0,243,0,0,269,2,0,,0.10229001601692289,2f9acb04aa4e061ca595874afe9d385e:0:0,7407120a36ec79b5450c2c1928a052f2:0:0,6e352f09f277d4bb12ba268e5de0c501:0:0,f0d6cc373bb8eab2dd9b60097e0dc28f:0:3571106788,516ad2b69c66accde42e8ee78278ec2f:0:3826133844,1.0
520,2,520,1,legacy,0.0003,0.0,3.7601644612774305,18.546269129123026,0.0032694702968001366,0.0427734375,-0.007285000151023268,0.0021080368605908006,0.0015463316813111305,0.06511817127466202,253,54,205,0,0,0,0,0,0,512,2,0,512,3,0,259,0,0,253,2,0,,0.10118094901554286,597de984b295d04b6c6c16a11a9a545e:0:0,265c50794447cdd7edc40745f8209fe0:0:0,c190681dc4fce37b1784e920049edb2a:0:0,02174f50117329165ad48de22ae7ce8f:0:1489224370,9155513c24c768162dcb8837184a3698:1:3016283624,1.0
521,2,521,1,legacy,0.0003,0.0,3.7604742039169587,18.229274806406835,0.007411882281303406,0.0580078125,-0.00290514319203794,0.0019483998534269632,-0.0034423486795276403,0.06311243772506714,267,47,198,0,0,0,0,0,0,512,2,0,512,5,0,245,0,0,267,2,0,,0.10491095704492182,2cac9c6fd74bbb9c2d2bfdb748d7705e:0:0,d1dfdd0269f6ed7d3c5622dc7dd9c074:0:0,3c964bf4ee4ac5f9172117ddac85c015:0:0,e0cd9ab72ac89259678db0e42b01da8f:0:1076515585,60209a67adda3e111a9b028214ebd8ed:0:837221498,1.0
522,2,522,1,legacy,0.0003,0.0,3.6828984322016423,17.885175298847432,0.006223761010915041,0.053515625,-0.001565249590203166,0.00161855416954495,-0.0004430217086337507,0.05766008049249649,254,45,213,0,0,0,0,0,0,512,1,0,512,1,0,258,0,0,254,1,0,,0.10433186497539282,2b2114c211b9c4f4a384592989548c5e:0:0,16875b7ee56f4496fcfc872dd5017431:0:0,f8e2c290c2ffce2c65413a7153f922da:0:0,5afd7c2594b48958c26cd09b7e5be68f:0:3183435362,e8a6b561f90ae2fe685d170918592e9f:1:1055431224,1.0
523,2,523,1,legacy,0.0003,0.0,3.6664772129709053,19.395821588858198,0.007730692625045776,0.0734375,-0.007289883680641651,0.0022047736565582454,0.006706917658448219,0.06603217869997025,255,48,209,0,0,0,0,0,0,512,2,0,512,4,0,257,0,0,255,2,0,,0.10205052001401782,04cff69d378e75da99be8593dc11a85e:0:0,e2964aeb521bce093f8a8166710ba677:0:0,599e9ddb9ee074ff0969231c2c341c75:0:0,35045812bf195120b313349424f5f28f:0:494678203,3540fa2158dffb72c6b4b657b4a54afe:0:2355601314,1.0
524,2,524,1,legacy,0.0003,0.0,3.760932964255505,19.21166393957494,0.0030910982750356197,0.0765625,-0.00496363271959126,0.0019909448630642144,-0.0063046361319720745,0.06330575048923492,247,47,218,0,0,0,0,0,0,512,1,0,512,1,0,265,0,0,247,1,0,,0.10624405194539577,2a7c3ab1b82bd62004be1f92410ec45e:0:0,671553d99e5936a63da4121b98a8bf10:0:0,c06bc2bd3139b175a8708793430ed4ea:0:0,a90f86e3d47c5b52161d645a1ecffe8f:0:2926750953,de80d5041ef6c959a7c1b1f32a6d0f30:0:2194271849,1.0
525,2,525,1,legacy,0.0003,0.0,3.702602079512846,19.10227276307701,0.00981677882373333,0.1025390625,-0.0015170190134085714,0.0023120800615288317,0.005441145971417427,0.06828635185956955,263,57,192,0,0,0,0,0,0,512,2,0,512,2,0,249,0,0,263,2,0,,0.10709944309201092,792e46daebec7fcf200103c0b84be05e:0:0,f310c2ebcc0fb17efc95b6bf0718b106:0:0,c58d87e4c30ca442967c9a12ff729d31:0:0,b02cef54d58839c7692327796bea0a8f:0:2195449379,d4a8774f5619cf16297628799ad5baad:1:4076451430,1.0
526,2,526,1,legacy,0.0003,0.0,3.8921603851845044,17.42942839240682,0.01035494077950716,0.0697265625,0.0009941807948052883,0.002172544383211061,-0.0002716906601563096,0.06613554060459137,275,49,188,0,0,0,0,0,0,512,3,0,512,0,0,237,0,0,275,3,0,,0.10187514405697584,8e65c4b0a0fad556899f4ebb41c8fc5e:0:0,92ec1fccc66ed5c5445e93748275a662:0:0,20945ab9fba652e4a0c89481baf77d69:0:0,468afc576ae03379d6b7857e0c44168f:0:318457886,4dddfb8b316e599fc851f42028412861:0:3997159601,1.0
527,2,527,1,legacy,0.0003,0.0,3.8538985414218736,19.473474786105214,0.003099351655691862,0.071875,-0.002891009673476219,0.0020474788441788407,0.002462744479998946,0.06385250389575958,249,46,217,0,0,0,0,0,0,512,2,0,512,1,0,263,0,0,249,2,0,,0.10237425903324038,7f7f5379d15659f55e4b5d1ddd86185e:0:0,791ae3f2dd1e4b26d17bcf94643ff4d0:0:0,efe989ae776f6f9c026f1fe723797d54:0:0,2c4f8bee9fd17ca64268c5f3ffde228f:0:3308111081,cbc4ff19cb3f94d731b2552c593cabfd:0:2861393024,1.0
528,2,528,1,legacy,0.0003,0.0,3.7218683902587943,18.307752097455698,0.0015117075527086854,0.03671875,-0.00038192854262888434,0.0019945868116337806,0.004920054227113724,0.06301666796207428,251,43,218,0,0,0,0,0,0,512,1,0,512,4,0,261,0,0,251,1,0,,0.10246849001850933,9643e596ada32c675551cb848b83345e:0:0,a7dd3d0251784119237b364ff178de64:0:0,a93ec755f5793fec2acc56c908529376:0:0,b8efffd9f86e123254c0706746b82e8f:0:1056635736,3f8a2fe333f1e251fe1147a30af1e0cd:0:87655222,1.0
529,2,529,1,legacy,0.0003,0.0,3.73027728344616,16.465210265522543,0.011038752272725105,0.1544921875,-0.005625139037147164,0.001936536270659417,-0.0037545845843851566,0.062053751200437546,272,46,194,0,0,0,0,0,0,512,2,0,512,4,0,240,0,0,272,2,0,,0.10229893098585308,8b6f6822685fa3d0dc99768b4bc0505e:0:0,656d7dfdc64b2f82c8511ec571b5c622:0:0,1cc4e468123508a971626faf4f715063:0:0,2367302d959d385187434c63e0d23a8f:0:3735299196,9d0c731f19a9f688d1e38976bff633a8:0:3545022346,1.0
530,2,530,1,legacy,0.0003,0.0,3.890759152533297,17.73033688161627,0.006981933489441872,0.0611328125,-0.003563500242307782,0.002002726710634306,0.003660680027678609,0.06322416663169861,251,43,218,0,0,0,0,0,0,512,2,0,512,2,0,261,0,0,251,2,0,,0.10240569105371833,b06f3e376d1c0eeb34a37ace1e3d6c5e:0:0,e13b7f37e24e46088e6f687ffefb3fcc:0:0,c58c4e24219efe227720d4aaff878d6c:0:0,1948a34059ad9c6a30716175ce2c468f:0:2493835016,cc9a50a3db6993cbcdae9cc4b629b2a7:1:2576149928,1.0
531,2,531,1,legacy,0.0003,0.0,3.6783491626942606,18.82575934686035,0.0005123659502714872,0.06171875,0.0029693009331822396,0.002122176584089175,-0.004583730362355709,0.06520325690507889,247,61,204,0,0,0,0,0,0,512,2,0,512,1,0,265,0,0,247,2,0,,0.10656921204645187,c5e71feaef5095708c8b34e902fa885e:0:0,b81ff66d1e2cdbb618a9368c43d42035:0:0,9ddbd9aaa60b5e820fdd33854d67a9ce:0:0,94c31da43ff51a3a8fc5f7290ec6528f:0:1770625605,421e64b1dc016825edf8634aabf156ed:0:1053339622,1.0
532,2,532,1,legacy,0.0003,0.0,3.6522015902018556,16.989337761981574,0.0037330412305891514,0.0646484375,0.001927367807365954,0.002158713701646775,-0.0004807586083188653,0.06630599498748779,273,41,198,0,0,0,0,0,0,512,6,0,512,2,0,239,0,0,273,6,0,,0.10969427693635225,0ef40fbefc6d3bc81e064177f9f7a45e:0:0,b27d486554b3be62a83e8131c99153f9:0:0,5f380291515ad748b1a55c2a63daacc9:0:0,896758285a0a243dd9b79509a2a05e8f:0:2116722348,cf4f11397b72040dc062160092a77d2f:0:2699509050,1.0
533,2,533,1,legacy,0.0003,0.0,3.808142687318311,17.59923017248275,0.0007073350716382265,0.095703125,-0.0031426889356225727,0.0019531164201907814,-0.0034063952043652534,0.06310655921697617,257,52,203,0,0,0,0,0,0,512,7,0,512,3,0,255,0,0,257,7,0,,0.13778918096795678,bbe957f47cc008f249647d170334c05e:0:0,a2fdb27b9fe3c289c77b7fc18030c8f7:0:0,6a0d6834c9040c8f256f16565fb566b5:0:0,2c3a712f2522cf5143b802a389ba6a8f:0:3150835790,59d7c37138ab1b3157171a0e53383c06:0:1285348411,1.0
534,2,534,1,legacy,0.0003,0.0,3.787847073045553,18.082910111739523,0.004016065038740635,0.06640625,0.0008566227275878191,0.002077541965991259,0.0032222920563071966,0.06500088423490524,255,56,201,0,0,0,0,0,0,512,3,0,512,1,0,257,0,0,255,3,0,,0.10941729310434312,3ca2dbd0cecd4eb4b19004621eb1dc5e:0:0,8dc6e4a004b574fbe4582467f76f04ab:0:0,51b79e04721bd02f472bd52a2aaf76fb:0:0,407e81ef2a25819910344782c414768f:0:4145434698,80c2077a0c44c13bf714743ed4252a05:0:3630295870,1.0
535,2,535,1,legacy,0.0003,0.0,3.7611279159426143,19.88103366062468,0.003771528135985136,0.05703125,-0.0017610619310289622,0.002111742401029915,-0.003429877106100321,0.06495615094900131,249,66,197,0,0,0,0,0,0,512,4,0,512,1,0,263,0,0,249,4,0,,0.11077262391336262,9cc27f94e8b61406580d33f54c6ef85e:0:0,d5d366b7504d1172dbc84128ed528ecb:0:0,5810dffec068800a3411d71cc35f2ea1:0:0,e2ee9f7f1af744a59a94ab3351ae828f:0:2050247755,a5079916a16749f467260c7cb46f5031:1:3037365260,1.0
536,2,536,1,legacy,0.0003,0.0,3.755499003116393,18.496260888641757,0.007916017435491085,0.0685546875,-0.0016396772116422653,0.0026254271157085895,-0.000814590195659548,0.07242032140493393,251,49,212,0,0,0,0,0,0,512,3,0,512,1,0,261,0,0,251,3,0,,0.11721603199839592,ed83fc8e2b48a1bbb8faa86c8c6c145e:0:0,a8f54f997b521f8fb34e6be0b62d961b:0:0,d2a8956e08536e1070622ae882098562:0:0,bc2e7ad9df93bad8633cb54132888e8f:0:2670844470,e73cbbfd629bec696af06848c9b6cedb:0:3865696981,1.0
537,2,537,1,legacy,0.0003,0.0,3.7709410421490066,17.41750380102436,0.0057370625436306,0.0560546875,-0.003833086951635778,0.002223742561182007,-0.0006907337810844183,0.0665806382894516,251,49,212,0,0,0,0,0,0,512,7,0,512,3,0,261,0,0,251,7,0,,0.10792133107315749,2383255352573172e7113e63dea9305e:0:0,55e483c2e112db59534276d5c9810ba4:0:0,b2fe2c5a24b559ce38b8031b9893721d:0:0,4420ca52457ab8091b8b2d3866a29a8f:0:289615829,fac8a03e24cc49864f9af73f35df46ac:1:3578354692,1.0
538,2,538,1,legacy,0.0003,0.0,3.7545646866073854,17.427615426738473,0.007114032749086618,0.0544921875,-0.001775295869447291,0.001750413910485804,-0.0009600115590728819,0.05938447639346123,266,53,193,0,0,0,0,0,0,512,3,0,512,2,0,246,0,0,266,3,0,,0.1076447400264442,e51c68ea2df0bebfa7a4127743264c5e:0:0,8f6ba3e6829ead9bbf84cafa17e05ee4:0:0,41639d06a731bc3a8f41c313d570576c:0:0,c5faaa3943ff7d6ab1da1aa4edfca68f:0:1481561857,5a52236148e312b657d0c8013cf840dd:1:1833544758,1.0
539,2,539,1,legacy,0.0003,0.0,3.7296003324696594,17.74141037488819,0.0067926314659416676,0.0498046875,-0.0024931344203650953,0.002092503750463948,0.008831220678985119,0.06529328227043152,260,49,203,0,0,0,0,0,0,512,4,0,512,2,0,252,0,0,260,4,0,,0.11454421503003687,c2364a3d1017fa978ea08142b9e3685e:0:0,db052ea3bfd9cea81c6aae56d48a72ff:0:0,084aec72ed19316e84cea65c49823bab:0:0,137d31c5080598b05d7ec512c896b28f:0:4108336973,939a4969a017f748964ca6b0e35395e2:0:2486453802,1.0
540,2,540,1,legacy,0.0003,0.0,3.720742598168748,16.938689897040593,0.001251638401299715,0.030859375,-0.0025533200707286595,0.0021720896707847714,0.0077615706250071526,0.06662989407777786,266,53,193,0,0,0,0,0,0,512,1,0,512,0,0,246,0,0,266,1,0,,0.10624475998338312,628483f11a9460fe1a8e276242e0845e:0:0,8c91a6e83eeaec81369c8ba623db4fe2:0:0,75ba264825023e349a557e59fbfd574a:0:0,4001949239b76672aac9b40df670be8f:0:3640519368,95b2a30a0324602054bd07fdfa6b4810:1:3217717569,1.0
541,2,541,1,legacy,0.0003,0.0,3.855977354241902,16.427626001242214,0.0076696923933923244,0.05625,-0.0032770496443845333,0.002013514324789867,0.004461918957531452,0.06639404594898224,272,58,182,0,0,0,0,0,0,512,5,0,512,5,0,240,0,0,272,5,0,,0.10566800506785512,95f2af58d87970f0d08ee171de1da05e:0:0,0c37ef1f87092d3220ebd87a671b618f:0:0,626ca3ce010399c5a95fc0520f0d7529:0:0,453750642ec237d48706af22778aca8f:0:2125324568,e25c4194c23b3aff3212e5c1161c1e47:1:1319392724,1.0
542,2,542,1,legacy,0.0003,0.0,3.7338240079916902,18.049314103193236,0.008608158677816391,0.0572265625,-0.005542690493166446,0.0020598736184183506,-0.006304993759840727,0.06429336965084076,255,65,192,0,0,0,0,0,0,512,1,0,512,2,0,257,0,0,255,1,0,,0.10618601099122316,0e1c7fe8cf000693585ecc0d8b9abc5e:0:0,0454fb30d2d8919baad7e978afce09c3:0:0,3274a877429d31fdea1b69936c12392e:0:0,0ed71a13fba41b684c7cbddc4be4d68f:0:3897914617,e451923942ea21e4810b83a6307f6153:0:2903035833,1.0
543,2,543,1,legacy,0.0003,0.0,3.749776742600161,16.07032001136435,0.004294341430068016,0.0390625,-0.000686664879322052,0.001891177159268409,0.005743442568928003,0.06129845604300499,279,43,190,0,0,0,0,0,0,512,1,0,512,3,0,233,0,0,279,1,0,,0.10666514409240335,11ccfb3df14dd79b985443d14b57d85e:0:0,61a7805820e11bd84b56bf87419954cd:0:0,0b9b703b845975de8e68f30d7d7e906e:0:0,0b607be996974954ce6e27c7737ee28f:0:4047738635,4dc89408996d3906575fe3bdd1f7a8b7:1:1379279698,1.0
544,2,544,1,legacy,0.0003,0.0,3.7135781881942895,19.833924392904542,0.00806340854614973,0.080859375,0.005261446069926024,0.0023155151749961076,-0.0037063108757138252,0.06799823045730591,241,53,218,0,0,0,0,0,0,512,7,0,512,3,0,271,0,0,241,7,0,,0.11338140105362982,e6ac887022c711fdd15fe5591d54f45e:0:0,e060a972a097e07869c272294bd2267b:0:0,1cbc603b509dbdab8d889cec79f10502:0:0,f97b62e57ea732ba6518746fee58ee8f:0:1905023530,91eeca50998698b65c3c003245e45afa:1:767962148,1.0
545,2,545,1,legacy,0.0003,0.0,3.8263694101120675,15.205429335921128,0.003931335173547268,0.0642578125,-0.0004912419361062347,0.0018644195806700736,0.0050524575635790825,0.06204149127006531,279,41,192,0,0,0,0,0,0,512,4,0,512,4,0,233,0,0,279,4,0,,0.10811856598593295,2bcf401533861cd8bb0c8d410192105e:0:0,828ac30542a55314455f51d4289f6c7a:0:0,e2954f4e4ca2e09633996ea860b1ce68:0:0,2f0a2fcc997b3457f9b46b61bc72fa8f:0:3675969480,a99fce992fdcb94a6fad0d2fb396816e:0:3987149454,1.0
546,2,546,1,legacy,0.0003,0.0,3.7688781527694175,17.628624100390923,0.0014136310201138258,0.0671875,0.003836047579534352,0.002283008280210197,-0.0067847357131540775,0.06830479949712753,248,57,207,0,0,0,0,0,0,512,3,0,512,0,0,264,0,0,248,3,0,,0.11498819198459387,23f9910302957ba19f7f5824f80f2c5e:0:0,0bf275c7f5f110ffa2875759e82866b1:0:0,dcf8ff46ee9ff993b8fb54c145d56196:0:0,fb9c44133a62ec7012761428ddcd068f:0:2812887279,1c935f1a57e95def17ebbf608da2a360:0:504820160,1.0
547,2,547,1,legacy,0.0003,0.0,3.7139039998257326,18.11232172246593,0.007190326228737831,0.0583984375,0.000679484149441123,0.002224182937061414,0.007347658276557922,0.06700066477060318,245,62,205,0,0,0,0,0,0,512,3,0,512,1,0,267,0,0,245,3,0,,0.11311225197277963,2a711489b187d3907777a2a100cc485e:0:0,911e43621d0e20707f5d8e7cad6a524a:0:0,dadaf4bce1d80685a632a4ffec63e0d1:0:0,ff04720f853033edde8cb6515267128f:0:1125222589,4d79ff1f2194f615b2334455851039e1:0:2583601129,1.0
548,2,548,1,legacy,0.0003,0.0,3.7648034067440195,18.83648910771123,0.0035114712081849575,0.0517578125,-0.0043698246357962486,0.002333763981005177,-0.005087988451123238,0.06881479918956757,252,68,192,0,0,0,0,0,0,512,0,0,512,6,0,260,0,0,252,0,0,,0.1091349720954895,734a4f89150a134c064f09511bc9645e:0:0,1e97e39dc14c087fb6f832d550aaee65:0:0,99f973ef7147262d2bf5dcc4f9b14fe6:0:0,499a33269f6abaca4222d9671a411e8f:0:3910222574,3c4192bee45e199ce0b89de6d458ccb8:1:2856958450,1.0
549,2,549,1,legacy,0.0003,0.0,3.662727363392285,16.803310957281802,0.004261363297700882,0.0791015625,-0.003403032524511218,0.0022808380308561027,0.007608550600707531,0.06836661696434021,278,51,183,0,0,0,0,0,0,512,5,0,512,3,0,234,0,0,278,5,0,,0.10724253498483449,fa9a1c6ece0bbcd5f5f968d14906805e:0:0,59ed1e70fe0f4e41f533f137c4407729:0:0,8f1c0892bdf6ff01ab16f15aa442c327:0:0,d1600df3626947b0e25e44f6355b2a8f:0:3834664307,54bd2269309b9475c9af6c98b3303eae:1:1565973736,1.0
550,2,550,1,legacy,0.0003,0.0,3.7346097203975166,17.045996276892915,0.011693337000906467,0.04921875,-0.000818236218765378,0.0014916725049261004,-0.002836291678249836,0.05504640191793442,256,54,202,0,0,0,0,0,0,512,4,0,512,2,0,256,0,0,256,4,0,,0.1078470719512552,570294d4b71951b6f304ddbd88839c5e:0:0,f05c19f0413ab8802a185e3d1660674c:0:0,2c895f69bb3d49cae730800ebe18d348:0:0,292d29b080dc9ae53160008aa3b5368f:0:444994378,b356e6b67e61b38e0c7987258e32cdf6:1:423560503,1.0
551,2,551,1,legacy,0.0003,0.0,3.674189713463731,18.735686922275985,0.0030683157965540886,0.06015625,-0.002645092993043363,0.0023676561075262727,0.0012136430013924837,0.06872710585594177,234,67,211,0,0,0,0,0,0,512,0,0,512,2,0,278,0,0,234,0,0,,0.11083238304127008,35ff88219184e16ac899c4b1da40b85e:0:0,81fb7403b786f6df768a646aa65e427d:0:0,a1843978dbe9eb53dc2b2c4adcfd8f37:0:0,684bab7b5257f4677a4453b0654f428f:0:3324885508,f0aaad7c377c684ecfcafa0b49d729b2:1:4127553399,1.0
552,2,552,1,legacy,0.0003,0.0,3.66545816441951,15.341452523582277,0.0029089583549648523,0.1025390625,-0.0012711232528090477,0.00158052914775908,-0.008581914007663727,0.056075166910886765,273,44,195,0,0,0,0,0,0,512,4,0,512,1,0,239,0,0,273,4,0,,0.10500483401119709,cd5ddf381df8ba0c7c7aba4a3e3dd45e:0:0,6828401ae169c8438603992524207c9c:0:0,2d00f4f964b0c91e3260821c46aa032b:0:0,c501254fb7633d59ed22c5f37a294e8f:0:4032718501,61cb9b58c007162be18550007acb41e4:0:3428306816,1.0
553,2,553,1,legacy,0.0003,0.0,3.642506230151719,18.521232347972383,0.005350105464458466,0.0490234375,0.0026388931088149547,0.0022681444010231645,0.008228722028434277,0.06716705858707428,234,53,225,0,0,0,0,0,0,512,2,0,512,5,0,278,0,0,234,2,0,,0.10847376799210906,b7abbbeb0c103b426b049b22b47af05e:0:0,c932084f04faf041660cba2114bbfff3:0:0,7761f0d943e609a1a43d128ba79d70a3:0:0,7e6a15e8c8a2d4a5ab0e1edfe2435a8f:0:1438850133,150271deb9e8f27de14c58aadf104119:1:664957259,1.0
554,2,554,1,legacy,0.0003,0.0,3.9130390973487152,17.534318589745567,0.002361270133405924,0.018359375,-0.000656025018543005,0.0017426112026441842,0.0023688904475420713,0.05911082401871681,250,47,215,0,0,0,0,0,0,512,7,0,512,3,0,262,0,0,250,7,0,,0.12933329597581178,b36cad966c92cb6a632e83d73cf80c5e:0:0,b296e825f573b4002c4222ea1c86613d:0:0,9ad2a00af50d4479c23c5e8bc00a97ab:0:0,45353bfd43a0fedfd21466019d9d668f:0:3425192848,aeb4dfa378c3d1311c57eaf5ba011490:0:2866305112,1.0
555,2,555,1,legacy,0.0003,0.0,3.7576345953827164,17.550850938929877,0.012354699894785881,0.054296875,-0.003479462442919612,0.0019783772120717915,-0.00414890144020319,0.06347992271184921,263,59,190,0,0,0,0,0,0,512,4,0,512,5,0,249,0,0,263,4,0,,0.12590575206559151,c8b5fae991ecef05c289d103d7b5285e:0:0,204b8e360756f7fcdd4b990f5c182ab5:0:0,7806d8879199c8cc36b326401d9c4b32:0:0,525f4e99e7c4f96e893ee2e4ac37728f:0:951983542,289a07044986adde5751a6f57f469d71:0:736097000,1.0
556,2,556,1,legacy,0.0003,0.0,3.672489488354743,19.24706018321032,0.006765186786651611,0.053515625,-0.002846060506999493,0.0021132550144102426,0.005637393333017826,0.06514311581850052,259,60,193,0,0,0,0,0,0,512,1,0,512,4,0,253,0,0,259,1,0,,0.10456430609337986,a0cac3968a83826591421f4484b2445e:0:0,2a538e57669480387da4c1040cee2fb2:0:0,b965e4e225e1a795f530d0642de13324:0:0,ba5387a73603b0ee0c921d150e117e8f:0:1791549515,96c013e2abc1a48a4f48fa4a89e85203:0:1091653556,1.0
557,2,557,1,legacy,0.0003,0.0,3.8302241147481944,17.1322259478522,0.007666736841201782,0.0576171875,-0.002507897326722741,0.001479542494053021,-0.007227459456771612,0.05455116555094719,268,51,193,0,0,0,0,0,0,512,3,0,512,4,0,244,0,0,268,3,0,,0.10530644294340163,919e9b46a07d15969e1d4b3543ef605e:0:0,17da329478e804878529a47a0714460f:0:0,bbf55fb1e6d9f9ee7b75e5b84476e8b4:0:0,3d0954f345d61ad5b90ddc1ec32b8a8f:0:548734985,34fadf4b08d221c998da0880bcf7b718:1:3062718726,1.0
558,2,558,1,legacy,0.0003,0.0,3.7925166014766427,18.216894502893275,0.01330022606998682,0.06328125,-0.0026987796649336816,0.002375621470855549,0.011207271367311478,0.06903380155563354,261,48,203,0,0,0,0,0,0,512,5,0,512,3,0,251,0,0,261,5,0,,0.10542835597880185,360f39dd8a9d6a8d9a7b7172156c7c5e:0:0,3258c35cf64233e299377109fe7e79b6:0:0,f0d924e761249652e6f5c029f8df3193:0:0,cc1b7763a201325d18ad278dcb85968f:0:3390950704,922bc9e187c7615d30125292680fa579:1:1056738370,1.0
559,2,559,1,legacy,0.0003,0.0,3.7164573036755226,16.917336444089436,0.004063119180500507,0.10703125,-0.0025888632982969282,0.0022805155487731097,-0.006980362348258495,0.0676962286233902,260,42,210,0,0,0,0,0,0,512,5,0,512,1,0,252,0,0,260,5,0,,0.10451680095866323,956af3bf39cf15933656ee96f929985e:0:0,a434f14ccc81fcb9ddaf749b0679ab0d:0:0,a0c6ab107e0e46fcbb7be4d15e5e37e7:0:0,31a8d73e5fbb98a0ee6646ee271fa28f:0:2734554345,23c64f57649504758fc1e43356edaf36:1:1135347627,1.0
560,2,560,1,legacy,0.0003,0.0,3.694465001106661,18.07721363610053,0.0039049661718308926,0.0375,-0.00101999850012362,0.0022791971045080573,0.00348032102920115,0.06777932494878769,248,52,212,0,0,0,0,0,0,512,2,0,512,2,0,264,0,0,248,2,0,,0.104008820024319,0bb9df766ef73ff03c445f3fef26b45e:0:0,8fe0ac9896bf5964b7cc27bfb79d2d51:0:0,5b4fab8ffcba40c2db697532ab80baa3:0:0,a1535fc4e2bcd808422ac1cbd5f9ae8f:0:255280502,426e1ce080a29d037ab5b22d6824605a:1:4250482907,1.0
561,2,561,1,legacy,0.0003,0.0,3.8133870370186687,15.93768118030703,0.007598526775836945,0.074609375,-0.001102437439840287,0.0018333827902097255,-0.0043520028702914715,0.06060683727264404,270,40,202,0,0,0,0,0,0,512,5,0,512,2,0,242,0,0,270,5,0,,0.10797776805702597,8a7adcc484af8cd9ad72a008f763d05e:0:0,93a7aeb2e98451cf359fb74077bbc31a:0:0,0161db4255017be633c24531609aa1ab:0:0,7b254ba600c24ae96ce75fb2d813ba8f:0:1665647000,055e9beb20398b76dc9188129719a4ce:1:1827113468,1.0
562,2,562,1,legacy,0.0003,0.0,3.7965776532673883,18.129511717505544,0.006146620027720928,0.0822265625,0.0004433325724676251,0.0023012026387732474,-0.0017760928021743894,0.06881025433540344,260,49,203,0,0,0,0,0,0,512,6,0,512,6,0,252,0,0,260,6,0,,0.10783768096007407,995c1bcd1882209cddaacd8e11e0ec5e:0:0,2e3d6443346529121b484c27ae877f4f:0:0,5b3b078f2fc99952b059e85f8a1817ec:0:0,19c96f187715a56f2484282f2d6dc68f:0:2163553564,ce9636fb82a8ce556a20ff7a92d65abf:1:3643810319,1.0
563,2,563,1,legacy,0.0003,0.0,3.6185206727710755,17.69273983088768,0.010088725946843624,0.0720703125,-0.004353656154125929,0.002267342881532386,0.006182474549859762,0.0676601305603981,259,59,194,0,0,0,0,0,0,512,4,0,512,7,0,253,0,0,259,4,0,,0.10872691601980478,ea2849ba7f43ca0b8f50446b3e9e085e:0:0,672c28a59001a14482c5a7be1d05bcb5:0:0,b53506fe665eb3f592fd3be54c7354bb:0:0,1d973bb9e4a122bd87e462ccd607d28f:0:1697965746,12ab0f576a5144d609dc8c7b8c6c1c5e:1:2176284722,1.0
564,2,564,1,legacy,0.0003,0.0,3.751305556501915,17.245316130142328,0.0010860676411539316,0.0900390625,-0.004816395323723554,0.0021019304636865853,-0.0062354328110814095,0.06488992273807526,267,47,198,0,0,0,0,0,0,512,2,0,512,3,0,245,0,0,267,2,0,,0.10817691206466407,8cee2ae230284e280f60a13c7d9b245e:0:0,067c872b6e4a760737b8a3f41acfa1bf:0:0,ae1b036df2b2e4d9b66819e3ef7bfe9a:0:0,37b77599bb1d55572ae69717d1e1de8f:0:1589701263,99c151286bc36de5d68260fa1d4d38c4:1:1239038292,1.0
565,2,565,1,legacy,0.0003,0.0,3.7127641784786127,17.129689827303118,0.01071411557495594,0.06015625,-0.004774620244279504,0.0018253768503200263,-0.001142736291512847,0.06064198538661003,255,51,206,0,0,0,0,0,0,512,0,0,512,3,0,257,0,0,255,0,0,,0.10839028004556894,0b90291a922cd6115173c09dced8405e:0:0,51de19dbc628e2319dd48650ee6749ff:0:0,3f11ae3ec0aa0c5e48a3bd37626ca9da:0:0,f75ad822d9e49ac222648c9c20fbea8f:0:2851251703,d6d287f2f3a9c52f8977fff28f87c8cc:1:734004193,1.0
566,2,566,1,legacy,0.0003,0.0,3.7655966637635645,19.598940086689698,0.011712458916008472,0.0359375,0.0018489178735762834,0.0017946522741112858,0.00026191846700385213,0.059908218681812286,234,61,217,0,0,0,0,0,0,512,3,0,512,3,0,278,0,0,234,3,0,,0.10805592895485461,20ac379dd7747f2f0bbbbf2b32555c5e:0:0,73487be85a973b43c2e1c441ddaa456e:0:0,7fda5d0be8b260f18f4280f7f43f05ae:0:0,79e03ce1c4f8326d10334ae5c355f68f:0:515314569,d2bdc69709f66b09debabf6422ad6e26:0:2006921909,1.0
567,2,567,1,legacy,0.0003,0.0,3.7208196252692387,18.000617244295334,0.009143248200416565,0.0796875,-0.007977147633209825,0.0017472820007242262,-0.0062654404900968075,0.059445418417453766,262,52,198,0,0,0,0,0,0,512,0,0,512,5,0,250,0,0,262,0,0,,0.10461599996779114,8f6a647fd2330d9dd304f980a812785e:0:0,1c3d5eff0ea15a8249efcb03a67ca3a4:0:0,4c3dd596098f9a1d0039965ae846e11c:0:0,111c3570aac2f7d42f231980b8f0028f:0:3018060495,2d55ce9b78663dd1c850188f908d7e91:1:1746706618,1.0
568,2,568,1,legacy,0.0003,0.0,3.7657530985993413,16.949963703730518,0.004181326366961002,0.0548828125,-0.0018204988911747933,0.0020780858991201966,-0.0014171984512358904,0.06459357589483261,263,51,198,0,0,0,0,0,0,512,4,0,512,2,0,249,0,0,263,4,0,,0.1083780761109665,0a798266eec1c0db36b60c3a300f945e:0:0,03a1adcfbab3eea20a46c2044b91e69b:0:0,4c3e89f65df18ce4be860b8e5da87004:0:0,ebf8751dab25bfe65eff7ff901ca0e8f:0:1103280426,76ac7c72e8cc3738e9990c6c47b98688:0:2074971524,1.0
569,2,569,1,legacy,0.0003,0.0,3.841729684255219,17.731853600539637,0.007258063182234764,0.08203125,-0.002115985285490751,0.0023833144980017094,-0.002261923626065254,0.06922660768032074,267,59,186,0,0,0,0,0,0,512,3,0,512,4,0,245,0,0,267,3,0,,0.10227569693233818,4a9583e2be7a4ab1dccfd3f3ca4cb05e:0:0,c9e39b8dd2f57496b62c5db561302f7e:0:0,9c381a844a9dbd1d51855b44407c475f:0:0,8095de2b125959aa308f45da9de41a8f:0:2411545381,f2f199c78cccbf785fe55cce4264a9c0:1:3511439516,1.0
570,2,570,1,legacy,0.0003,0.0,3.7510874339707314,19.081221657660308,0.0073286439292132854,0.0580078125,-0.002670998778194189,0.0020885577250737697,0.005409379489719868,0.06428797543048859,252,52,208,0,0,0,0,0,0,512,3,0,512,4,0,260,0,0,252,3,0,,0.10335196298547089,a2a26c64bef3e8659ded6d4976c9cc5e:0:0,fbf59c57e65230c0b01cab3377737cb1:0:0,46a29998950b045a89ec697f8b01b32c:0:0,d74089d47a323222f19472b18d3e268f:0:2816159672,354cc274f3aeaf99d5d3e9dccac7080f:0:1018627321,1.0
571,2,571,1,legacy,0.0003,0.0,3.7618873428833624,18.539101793399748,0.012988172471523285,0.065234375,-0.0019686166080646215,0.00209707758622244,0.0033316807821393013,0.06495402753353119,259,56,197,0,0,0,0,0,0,512,2,0,512,4,0,253,0,0,259,2,0,,0.10607226903084666,baf1218a493e9e1fa14434d73586e85e:0:0,f373ca71d2347c3df46196b91a9fd2f1:0:0,14fd69d4a10c5216db1fc36d5d58aa6b:0:0,d619b18f04519b75b8cc4e09cfd8328f:0:2952541788,c7639fcaff4082613c93ec03e3f07b86:0:971279960,1.0
572,2,572,1,legacy,0.0003,0.0,3.673272212289312,18.405900860922195,0.008919616229832172,0.0720703125,-0.0039606944657862185,0.002233736851485446,-0.003107140539214015,0.06726185977458954,249,56,207,0,0,0,0,0,0,512,3,0,512,3,0,263,0,0,249,3,0,,0.10618965094909072,d8e8ea10d4b8949a78a3c7390684045e:0:0,a9e3b7b6f60985f3a1a89c34c968209d:0:0,0f1cc1f3789c362714de012d335c5073:0:0,419ffb461fd0b74e71ef5f6f65b23e8f:0:2311139440,85da5af4384664c6364d4a3fb48da4d1:1:3328565259,1.0
573,2,573,1,legacy,0.0003,0.0,3.750035892683862,18.09245701186817,0.008059246465563774,0.082421875,-0.005418643914163112,0.0020173864788375793,-0.0009859907440841198,0.06491511315107346,243,52,217,0,0,0,0,0,0,512,6,0,512,0,0,269,0,0,243,6,0,,0.10723316902294755,66510677f919990e3c76010ae9c1205e:0:0,fdfad921ab19505907cddc5354b3df67:0:0,3a929c112e9f4f96a29ea0728b86a5a7:0:0,417351a18cf10484e9b16e6e4ecc4a8f:0:1309386946,5a3c5d411e7fee4427fe3871da97fd6d:1:2689377783,1.0
574,2,574,1,legacy,0.0003,0.0,3.7248014411092383,18.12823314577685,0.005516456440091133,0.044921875,-0.0005267046857625246,0.002001322474097833,0.0028688637539744377,0.0637398511171341,241,43,228,0,0,0,0,0,0,512,2,0,512,2,0,271,0,0,241,2,0,,0.10546978190541267,7e1189fedb50bf5ca7befee8df3e3c5e:0:0,041d637d2270105932b5793d0c8bdbac:0:0,2afc7b8eacdbd67e36ba8c8299be3dc5:0:0,ce1624ac915e9001d9c182928b26568f:0:4106732367,3d90d3f6a53d70442b4b56e4385499a0:1:3553111479,1.0
575,2,575,1,legacy,0.0003,0.0,3.7558738889789502,18.16445788035215,0.013209369964897633,0.059765625,-0.0017905592918395995,0.001951876183738932,0.006162541918456554,0.06336629390716553,249,53,210,0,0,0,0,0,0,512,6,0,512,3,0,263,0,0,249,6,0,,0.10579776996746659,4db97154f0d0267d341d1d6ee6fb585e:0:0,d37a6e6601c838c6cf3598d34aa69004:0:0,2536943de98f94619fdd5d133975220c:0:0,6f42ae818f8fc8e3f4c9e3681ac0628f:0:2851425683,75056ba2752ee3f4ecd1703129a9864d:0:3829083596,1.0
576,2,576,1,legacy,0.0003,0.0,3.7064721373592917,17.359225778371123,0.005578271113336086,0.0830078125,-0.005164410872384906,0.0017759013222530483,-0.007466304115951061,0.05988433212041855,270,44,198,0,0,0,0,0,0,512,4,0,512,1,0,242,0,0,270,4,0,,0.10712628799956292,4da9e70044e2df2935c8f93900f8745e:0:0,bbda139ed66dfa236c0f6c8a6fe1575c:0:0,6006c6330cc3fdaadd5ca27e6659fb4c:0:0,15efa2e873cef7e4f270187afd9a6e8f:0:1597832660,4806298389793e74f088f06d3ec69176:1:3955273251,1.0
577,2,577,1,legacy,0.0003,0.0,3.672855676087617,18.151481362357067,0.00639526080340147,0.038671875,0.0006559217348694801,0.0022624949284363537,0.0023750781547278166,0.06745859980583191,269,63,180,0,0,0,0,0,0,512,0,0,512,4,0,243,0,0,269,0,0,,0.13817094406113029,dfb3b425aba8f4c7f7956ee32d35905e:0:0,66fe790275d832fae1a1ca5542f4d4a3:0:0,f3413c5696eeacedcd2948b0185afd1d:0:0,94948821a97959fe9b54e95733b47a8f:0:3033950491,8d0397470910ce448927fb351213f755:0:1130391330,1.0
578,2,578,1,legacy,0.0003,0.0,3.746596666301998,17.00214345795392,0.018900353461503983,0.0689453125,-0.0003295797389000654,0.0017078182310797275,-0.006516961380839348,0.05873647704720497,273,54,185,0,0,0,0,0,0,512,3,0,512,5,0,239,0,0,273,3,0,,0.10413741308730096,ff7c07098e55989ad6ef9b096bb2ac5e:0:0,72ad90b664cb23cc8c641fb601eba4d6:0:0,a2c07111ccb3d7fae5ddb44b88ba3327:0:0,36e2da628affde4fd5145d88bd0e868f:0:3322355636,0358fa462cbdf449739d8d44fdf26cdd:0:1891989250,1.0
579,2,579,1,legacy,0.0003,0.0,3.7251203355544393,17.901007446424998,0.005631282925605774,0.037890625,-0.000806303508579731,0.0021198522008489817,0.0047896308824419975,0.06516595184803009,255,54,203,0,0,0,0,0,0,512,4,0,512,8,0,257,0,0,255,4,0,,0.10356224805582315,8b60ff4a3c4b6f295fdeda47bc6fc85e:0:0,0cd9ae5580c4b20b85fd154a15156616:0:0,35a3d828e41fcf36268c0366cd291335:0:0,333e0ad37f358741ae45bc9b99a8928f:0:1558828987,3b22a59ba8fee0ba130f81e7bed3abb8:0:738762932,1.0
580,2,580,1,legacy,0.0003,0.0,3.8082287982541123,16.494996196426804,0.009275889955461025,0.0494140625,-0.0031068540178239346,0.0019041686900891364,0.0014524643775075674,0.061843376606702805,262,42,208,0,0,0,0,0,0,512,2,0,512,2,0,250,0,0,262,2,0,,0.10852312494534999,7a14d27eecb2ffed6904c93a1f6ce45e:0:0,3ef49001a226da308b799d6366f95c25:0:0,c1de7dd2325afa0ff011644df393333c:0:0,1701662b36776eec6a7b8e1bc9829e8f:0:468440897,a37802df301e3c3f5208f37cea4b6b20:1:2748994903,1.0
581,2,581,1,legacy,0.0003,0.0,3.86621675078366,17.177577261883712,0.006575660780072212,0.05,-0.002172672562301159,0.0018060871574562044,-0.0008245540084317327,0.06056232750415802,269,57,186,0,0,0,0,0,0,512,0,0,512,0,0,243,0,0,269,0,0,,0.10768868203740567,42ffda90dc27473f2f9d447c94aa005e:0:0,e77e4384210a078ac928bc1c092aba9d:0:0,d9428a7354210f2645df4391c7a22e63:0:0,d657f64dba3a6ebc8e4399954c9caa8f:0:2742994869,4b8becb95c38bc4984d28db52b993daa:1:1618539478,1.0
582,2,582,1,legacy,0.0003,0.0,3.78351328990925,17.313257172046747,0.008678385056555271,0.0685546875,-0.002420653402805328,0.002053048217203468,0.0015840916894376278,0.06492962688207626,250,49,213,0,0,0,0,0,0,512,4,0,512,3,0,262,0,0,250,4,0,,0.10432762000709772,07ee79ce32146a81737e68ab1c271c5e:0:0,b5710a8424ce8312c9fe6ee8e71a8ddf:0:0,5e8e43316ee28295e782de175c73e0a3:0:0,c44f85a1418a6a57eb26e69422f6b68f:0:2979705278,909ca43e6548ab6e109000cedf1dc2e7:1:195384984,1.0
583,2,583,1,legacy,0.0003,0.0,3.931257833977973,19.25139415389203,0.0012839873088523746,0.073828125,0.002362411003559828,0.0018465269298758359,4.1766208596527576e-05,0.06168857961893082,241,52,219,0,0,0,0,0,0,512,2,0,512,1,0,271,0,0,241,2,0,,0.10774938308168203,dfdf776099648e8d93189261b5e4385e:0:0,9b80ef9ba7d8720b21e4b7d059faff6a:0:0,d654941356fab951d09bb505e1d6d8f8:0:0,5b250a15fd073dc2aba9bca44c90c28f:0:1610430402,24ff3755f15007c926aec6883bf63690:1:2894145784,1.0
584,2,584,1,legacy,0.0003,0.0,3.864373562891278,17.71603432314237,0.006553783547133207,0.0419921875,0.0011996133252978325,0.00201085222652182,0.0038933982141315937,0.06472276896238327,259,41,212,0,0,0,0,0,0,512,1,0,512,1,0,253,0,0,259,1,0,,0.10267187096178532,2f32497bb816d05fa7765e3c61e1545e:0:0,156ddde9ceda1b7af04885dde6cd1406:0:0,7fe78d655828231090b998d7f7d28e62:0:0,5acde9294ceb4ec45f4ba351c96ace8f:0:100740118,5a1a97721ac40987c808a16d3ee5f4db:0:2281009736,1.0
585,2,585,1,legacy,0.0003,0.0,3.7563739720449667,19.479846388142576,0.0019915634766221046,0.04609375,-0.0017266873270273208,0.0027428067056462168,-0.00750119099393487,0.07409369200468063,253,61,198,0,0,0,0,0,0,512,2,0,512,2,0,259,0,0,253,2,0,,0.10484310903120786,733ab141f15c6002a03ca8d7201e705e:0:0,d980568619736bdfa8d2403a21e2b10d:0:0,f789c0015ccf0ddad7c84f6a402558bf:0:0,4fb6bd7813a7c18d068762289984da8f:0:1667254566,6b226cde2c59a3ff5a132e10cc533485:1:44424844,1.0
586,2,586,1,legacy,0.0003,0.0,3.715716678464947,16.96776188860154,0.002084133680909872,0.040234375,-0.0002562589244917035,0.0019385916995815933,0.0032795891165733337,0.06225341185927391,280,51,181,0,0,0,0,0,0,512,0,0,512,2,0,232,0,0,280,0,0,,0.11092813301365823,80a017081dd7bdbc5faa8ecdf09b8c5e:0:0,02e3800ad1d8199a841872d3b3b109e6:0:0,e93d513510678c59ae3a41db17c1a047:0:0,00d589bf17a2509a1ed300b4bcdee68f:0:503744779,b77e9ca460bb7269d174db38279058ea:0:1021458777,1.0
587,2,587,1,legacy,0.0003,0.0,3.8425676910579503,18.596073637816502,0.0009290355956181884,0.047265625,-0.0016484772320836782,0.001919117709621787,0.008443523198366165,0.06295259296894073,254,50,208,0,0,0,0,0,0,512,1,0,512,2,0,258,0,0,254,1,0,,0.11045603197999299,1f2b3c4b259a1979d6996cbcd358a85e:0:0,af0b15eea5570ecd9d549b97d449d9ca:0:0,a18cfd1b32236b9868619bec6d86f436:0:0,85c29473a6a0c7dbae9fc6823378f28f:0:3404470954,30c93b19787bd754fb81b58c8574d790:1:206353544,1.0
588,2,588,1,legacy,0.0003,0.0,3.9084487195391424,17.471635804858042,0.0008126950124278665,0.0462890625,-0.00416885414160788,0.0018658300396054983,-0.007542822510004044,0.06180546060204506,281,50,181,0,0,0,0,0,0,512,2,0,512,2,0,231,0,0,281,2,0,,0.12214569095522165,5cfc1b54a77ad47b207cdf3fc855c45e:0:0,835678dbeca9ca6a3c7e3b744fcf4be2:0:0,63da5762f4e596febfb60a7990c1e6e4:0:0,ced08269ed6e2319515a3b1cfd52fe8f:0:1462673927,5e75b1ad070f3dcdea477af67ad93529:1:2886846824,1.0
589,2,589,1,legacy,0.0003,0.0,3.8983259065024543,17.891552783513244,0.007904333993792534,0.0416015625,-0.0017948383465409279,0.0024211925221607087,0.006872376427054405,0.0695619285106659,250,51,211,0,0,0,0,0,0,512,4,0,512,2,0,262,0,0,250,4,0,,0.11986405402421951,18d42b361965253f9f62c2f2cf92e05e:0:0,a68e5492698a088ebacafd38f713d543:0:0,e802337d6f60c984084af737450ec52b:0:0,2d51ae49b6454f97436a26111a6d0a8f:0:2735589233,7f8c85fb34b468d16b220ee2afa2b5ac:1:908966650,1.0
590,2,590,1,legacy,0.0003,0.0,3.6112025810913493,17.78791946137168,0.006981195881962776,0.04140625,-0.001523703953716904,0.0018341966730076819,-0.01280074194073677,0.060872796922922134,258,46,208,0,0,0,0,0,0,512,3,0,512,4,0,254,0,0,258,3,0,,0.1147189378971234,516eb96c0d37ddb217f33471e90ffc5e:0:0,c7de9543e1114c214d50c019fcfe5359:0:0,b0eb51ff1b7d98d78109321415a48449:0:0,dc9e2ddd808d90fb6e328eea8ac7168f:0:1497787924,4d7ba857e532b50eb02af653ade80411:1:1445199786,1.0
591,2,591,1,legacy,0.0003,0.0,3.8333183027285,19.02179537129014,0.013335047289729118,0.0375,-0.001836998388171196,0.0018339061818551273,0.0002857993822544813,0.060666825622320175,253,43,216,0,0,0,0,0,0,512,1,0,512,1,0,259,0,0,253,1,0,,0.11261781502980739,f109a12585d35394cd70905914cd185e:0:0,5c2afeaba62881053fe77fc57b8ff451:0:0,2cfd8bcf1354c8fc948f1379fa5142f8:0:0,a0437593247489727411bd354e61228f:0:2791970219,e0a71e515c9d99d65c49173086319626:0:3993592282,1.0
592,2,592,1,legacy,0.0003,0.0,3.6901877390040396,16.971060689063044,0.015735480934381485,0.071484375,-0.0023128429893404245,0.001952275523217395,0.013275419361889362,0.06317451596260071,269,47,196,0,0,0,0,0,0,512,0,0,512,3,0,243,0,0,269,0,0,,0.12191592901945114,42845ad587f16b2d9db7734452ca345e:0:0,6a64ac4c7ac00833e4e9af3a55dc36eb:0:0,aef65580e833da9db044f247f5c51723:0:0,344c15d074f1e514bc61387d653b2e8f:0:1557938537,ac06e1415be66af7513b614a3b1d802c:0:23863165,1.0
593,2,593,1,legacy,0.0003,0.0,3.694871900115319,19.779705323985006,0.0027778453659266233,0.046875,-0.0012821509735658765,0.002385702502215281,-0.011733644641935825,0.06943289190530777,236,56,220,0,0,0,0,0,0,512,2,0,512,2,0,276,0,0,236,2,0,,0.1417127560125664,331a2d5f5263c4321d3eb9cfa307505e:0:0,73166447139187426798b92b75a1801c:0:0,669957de1f809fed76c4cd98bd50a557:0:0,7d03a50992c0a88b7f75c84ecf553a8f:0:3140166664,65ad7adc820a966f71d9f8c483fb11c4:1:4173583754,1.0
594,2,594,1,legacy,0.0003,0.0,3.658548725280549,18.364513788908198,0.011812834069132805,0.0626953125,3.4194719046354297e-05,0.002035570371663198,0.0038354420103132725,0.06363976001739502,253,50,209,0,0,0,0,0,0,512,4,0,512,4,0,259,0,0,253,4,0,,0.14521304809022695,2af634d7e95408f3b317809705846c5e:0:0,9b757cd75faace6c5035c353774b1274:0:0,1e881fc27d67990d9a2b13237adb995d:0:0,0f408cd1e2da22f5d29f74358caf468f:0:1539047196,ebc6a4d5ecfc1bb3da8c9d53a4abeca7:1:1385062802,1.0
595,2,595,1,legacy,0.0003,0.0,3.8048554015030054,16.39384598081488,0.007804121822118759,0.054296875,-0.003665785794146359,0.0015741864859592169,0.0011411672458052635,0.05617513135075569,294,45,173,0,0,0,0,0,0,512,2,0,512,1,0,218,0,0,294,2,0,,0.17324667610228062,d1f4f981e0225fcbb4ed24367a41885e:0:0,ae0bfe2f0dc7cede3a488e22535aba99:0:0,7dadac0731af7a35becb1fb4aaf94ab4:0:0,c4531f6bdafe830db42983bd9d49528f:0:1315644379,32847c84a80806d64b77ce6fc83c4f3a:0:2663882555,1.0
596,2,596,1,legacy,0.0003,0.0,3.8318562169212753,17.780838762164542,0.0077868313528597355,0.0814453125,-0.003592212125658989,0.0020980065455660224,-0.00031379470601677895,0.06489546597003937,270,56,186,0,0,0,0,0,0,512,5,0,512,1,0,242,0,0,270,5,0,,0.16976630804128945,b71774528d7dfec78305414a013ea45e:0:0,6c3a843509ddc432eb83191047ac86a8:0:0,20855d1b4a8e118594f7c1b63688a09e:0:0,887f16a716d70f8d175a7e7301235e8f:0:100471872,96322f3ce0f472c7e3938e06c7d2a683:1:3510187682,1.0
597,2,597,1,legacy,0.0003,0.0,3.6387570270594174,17.066101979995786,0.00891735777258873,0.0705078125,-0.0048443439416587354,0.002187083719763905,0.006018445827066898,0.06631353497505188,275,56,181,0,0,0,0,0,0,512,3,0,512,3,0,237,0,0,275,3,0,,0.17414516699500382,bab69cfa1553e194a43fb46d9a7bc05e:0:0,8e928b7dc14353470b515fbc688d5f5e:0:0,1ddfdc044da5360a1131274f2ed49385:0:0,639a6427683e02d2f0742be1b83d6a8f:0:57171347,cc146a58ed927398f8fbdb4b6ead0a0e:0:4129452135,1.0
598,2,598,1,legacy,0.0003,0.0,3.553177073033664,20.634418592282366,0.008194605819880962,0.0630859375,0.004814443457871675,0.002650601847562939,-0.007968388497829437,0.07310058176517487,230,64,218,0,0,0,0,0,0,512,1,0,512,1,0,282,0,0,230,1,0,,0.1751498249359429,7facf811f42fa1ace2169a3d45f8dc5e:0:0,10cf49506115033b8c1b6f999a22d1c9:0:0,6d497d1a420198c022ccbbb20902987c:0:0,d4520e7ad53809c840b39395c297768f:0:217020605,20502b4a6bb99e5951930ed64289ba5f:0:108118821,1.0
599,2,599,1,legacy,0.0003,0.0,3.650018115680308,21.185598654012107,0.0024199553299695253,0.02421875,-0.00045259282924234865,0.002994256722740829,0.007287326734513044,0.07732503116130829,233,63,216,0,0,0,0,0,0,512,4,0,512,3,0,279,0,0,233,4,0,,0.17726722406223416,38ad12bff7aa70c2649e4f5503b5f85e:0:0,272abfa900100756b7004fb0c32a5731:0:0,1a7f73bef1af6981afa32162355fb651:0:0,eaebb5afb62b66052250fd1b2031828f:0:785526053,8df317ad27a5d432dda74775539e519e:1:243757237,1.0
600,2,600,1,legacy,0.0003,0.0,3.754464860179936,18.34292955633157,0.009861955419182777,0.076171875,-0.003056932985782623,0.0018502690189052373,-0.010465140454471111,0.06064421683549881,262,53,197,0,0,0,0,0,0,512,3,0,512,4,0,250,0,0,262,3,0,,0.16001907002646476,17186bc5cf84356bce857050d3b3145e:0:0,0aa70918341337fcade8ed76bc6e64d3:0:0,29455894c97be118f25ed4bdb6a63981:0:0,1360456766e0b335d47feffdd10b8e8f:0:2893150889,f84b08abdbd3dda8ca289b8734c62d3d:0:3381546163,1.0
601,2,601,1,legacy,0.0003,0.0,3.823315780084903,17.94768637413557,0.005290425382554531,0.0283203125,0.0005406317301094532,0.002717962017050013,-0.02106989361345768,0.08211687952280045,248,41,223,0,0,0,0,0,0,512,3,0,512,3,0,264,0,0,248,3,0,,0.10414412501268089,a221f89fa302ca105914d9ccb5f0305e:0:0,5a5fea171f7b525b0aea4774394fa6c6:0:0,8c415bd802e73d51738a4064dc29814c:0:0,23a251ad3cd94fbfc76f33c9d5259a8f:0:820301154,ff2db9702b291217538cc45eb67c1cb1:0:1497561693,1.0
602,2,602,1,legacy,0.0003,0.0,3.8113087660175777,18.47079660220199,0.008598131127655506,0.0498046875,-0.002432130556553602,0.0020024799276143314,0.020100824534893036,0.06355776637792587,274,50,188,0,0,0,0,0,0,512,8,0,512,2,0,238,0,0,274,8,0,,0.12749937805347145,821a3ffe56335e13f02fa864aa6d4c5e:0:0,1184cd08627a212bbf539e0e7f921380:0:0,04c30140a7b2c5e7599e71f6f8b75d0d:0:0,fd089f24b58768a6a848d00b2c7fa68f:0:2860555871,25db971afc00b6a5a933ae045f4fe359:1:4266030108,1.0
603,2,603,1,legacy,0.0003,0.0,3.704399145773592,18.034854323096127,0.009610523469746113,0.065234375,0.0016547663370147347,0.00201705934596248,-0.00948353298008442,0.06337369233369827,256,45,211,0,0,0,0,0,0,512,1,0,512,2,0,256,0,0,256,1,0,,0.12592515000142157,06b0e9946aa9f9434e5338b4b12a685e:0:0,d51d735f7f17efc864a45b637de4fa9f:0:0,6cd63f0e20c5620f42d0329a322f7529:0:0,d26b666d0ef3a8b16d320c4dd719b28f:0:2527202718,8bf626c3822f36ae52c805b0b4457668:0:3449458737,1.0
604,2,604,1,legacy,0.0003,0.0,3.732379330091513,17.740500680168413,0.0032929154112935066,0.0671875,-0.006848057592287659,0.002227980538737029,-0.004265572410076857,0.0670258179306984,270,55,187,0,0,0,0,0,0,512,2,0,512,3,0,242,0,0,270,2,0,,0.12192150100599974,1200a5d6a75b218018972758ca27845e:0:0,491f4e488e235ba34b883ae1ae13ce36:0:0,b41dafcd7769867736c6863da3867659:0:0,e2c8fde3bd5c8acf614b701dd4f3be8f:0:2207121001,092cc4dc1c2229d19b2ddb32fd9f7809:0:612386811,1.0
605,2,605,1,legacy,0.0003,0.0,3.7818987698316633,19.511702155575673,0.00597323477268219,0.0447265625,-0.0015083768870681525,0.002768501243554056,0.007034268230199814,0.07433886080980301,253,52,207,0,0,0,0,0,0,512,5,0,512,3,0,259,0,0,253,5,0,,0.13827012199908495,4f9e6efbf32ba2acfaad50ecf564a05e:0:0,228e7253d46aea2498c993052f361f26:0:0,104b434eceea6220a7eda05ea7c46baf:0:0,257cbc3a705b4fbd30b0c307260dca8f:0:2567628351,3cde518bd3568522d74312f2edeb455c:1:2164119354,1.0
606,2,606,1,legacy,0.0003,0.0,3.73686756303224,19.08963428846009,0.01094955112785101,0.099609375,-0.005996761517599225,0.001906920806504786,-0.0008367147529497743,0.061633311212062836,252,46,214,0,0,0,0,0,0,512,0,0,512,0,0,260,0,0,252,0,0,,0.11380887299310416,e8e45f320dd278d9c2e1d20d32e1bc5e:0:0,fa0d670c19391c2c1f071fc9e575fc16:0:0,d4eb37afeebfff3371455c4b39daa294:0:0,f47919a09a1a96e9f4790c95ca67d68f:0:43434,3193073cb4af6b234496392ca989c065:0:3026669651,1.0
607,2,607,1,legacy,0.0003,0.0,3.836567534467978,18.3541230010823,0.006596125662326813,0.0521484375,0.0002733620349317789,0.0020974833809304983,-0.003180599771440029,0.06468052417039871,264,50,198,0,0,0,0,0,0,512,3,0,512,3,0,248,0,0,264,3,0,,0.11342287994921207,708aaea712a8dcaf7e1b0755829ed85e:0:0,90fc49b7d05fbf18e1619683a70c7b8c:0:0,cd205c7e88d743b0651ddc5e26349e2d:0:0,25cc548bab2a9a9c3eb69455c201e28f:0:160284000,348ae68c8343f139c4fa227142d195a5:1:619152262,1.0
608,2,608,1,legacy,0.0003,0.0,3.7929707022014547,18.47640889422579,0.007723632734268904,0.0494140625,-0.0013383014942519368,0.002478596440050751,-0.0030353940092027187,0.07073439657688141,270,50,192,0,0,0,0,0,0,512,1,0,512,3,0,242,0,0,270,1,0,,0.10593582899309695,b996deb1f104721c93d98d61e49bf45e:0:0,119dd3763e1ccbfb519fe94df4e9cbb2:0:0,c82b8d663fdfa474bc3a32b673de2f41:0:0,333d2a74757f0f572676e1d30cdbee8f:0:495015100,8ca9df3e7d63451c07b6f5f49c1b82db:1:1546590456,1.0
609,2,609,1,legacy,0.0003,0.0,3.635238364306709,20.213828315822568,0.004364240448921919,0.0900390625,-0.002691076323390007,0.00252587505383417,-0.0008699094178155065,0.07119676470756531,234,54,224,0,0,0,0,0,0,512,1,0,512,3,0,278,0,0,234,1,0,,0.10870944301132113,eaf9a60e45b79940e23840ce58d9105e:0:0,74e1ffa8d977a010bc623074618f3529:0:0,a3fa52ef0cd72819b428ae6839843e71:0:0,f8438c2b6922a67f53c2bc99aaf5fa8f:0:2919547595,bffa437cfaaba1d4770f1d6514614a44:0:3157515669,1.0
610,2,610,1,legacy,0.0003,0.0,3.8141275499474183,18.53928131104177,0.00977076031267643,0.088671875,-0.007448334037326277,0.001998676307266578,0.005519903264939785,0.06300240010023117,264,57,191,0,0,0,0,0,0,512,2,0,512,1,0,248,0,0,264,2,0,,0.10589813103433698,941fdcca4153e199d9ec3e36df562c5e:0:0,33e6cd62ea615262f30403e36a9df41f:0:0,88cee362feedb176fe695eb1d84642b1:0:0,274798b09d2c34400b9e2c359c50068f:0:1737911514,0a6f0a2a19df4eed84450efcf6f18c8d:0:596279605,1.0
611,2,611,1,legacy,0.0003,0.0,3.6484945090152503,18.446813406339114,0.004897956736385822,0.0546875,-0.0016868008300662042,0.0018395475402940066,-0.006034358404576778,0.06058225780725479,258,46,208,0,0,0,0,0,0,512,0,0,512,3,0,254,0,0,258,0,0,,0.10564083803910762,01816d2f86ca9f6e9a44e2377813485e:0:0,df5a97fd207f8329c319e7b1339fae05:0:0,292feec62bd37fa0832bf701d1e46685:0:0,d22798c7d78178b03c087832e0ea128f:0:4262417270,76b829cf250410cb15d21c9400fa2515:0:804368115,1.0
612,2,612,1,legacy,0.0003,0.0,3.765480214951622,17.558992894680323,0.013082240708172321,0.0537109375,-0.00353002087213099,0.0017454392334911972,0.0018006997415795922,0.059339992702007294,255,42,215,0,0,0,0,0,0,512,3,0,512,3,0,257,0,0,255,3,0,,0.10562094394117594,c51b319a2e07a37c0d2bc96c2310645e:0:0,99526a66749f4f6817cb140e74d7a6f0:0:0,1667a902bc3239801ae7b46a9195344e:0:0,32cc30cc05f38c3787fc281d78c41e8f:0:730551041,a010039c14c368f4b65b4f47bbdcda83:0:3685687218,1.0
613,2,613,1,legacy,0.0003,0.0,3.853007302611914,18.51970456981682,0.006354377139359713,0.0244140625,0.00027579604648053646,0.0018817719363141804,-0.002179189119488001,0.06119642034173012,254,55,203,0,0,0,0,0,0,512,1,0,512,3,0,258,0,0,254,1,0,,0.10484594700392336,87fda5db562214e10324d070e04d805e:0:0,9ca35f9155dea91bc4b493956e888b09:0:0,d458189a320ded6c63ce9ecda57ae059:0:0,3a488590db40ef33536f038163de2a8f:0:384935070,ae0ace06c3945631ff09cf30343bceb5:1:652146163,1.0
614,2,614,1,legacy,0.0003,0.0,3.730886378370154,20.264491226369998,0.013196228072047234,0.0751953125,-0.003501435532234609,0.002226222900208086,0.0003164150984957814,0.0671212300658226,238,55,219,0,0,0,0,0,0,512,0,0,512,1,0,274,0,0,238,0,0,,0.10619234200567007,f9f26d6ef2bf6d4a4f4e13e1afca9c5e:0:0,813223053384fa8cd157548a99585487:0:0,1493a28fa9b153d841a18e36b797c0f7:0:0,42eaa46c82893cdbcf5211eaa238368f:0:173313464,9bb77404edcd040fc9a46d37404d17c3:0:3468034127,1.0
615,2,615,1,legacy,0.0003,0.0,3.659348702993045,19.10272656189813,0.005308681633323431,0.0802734375,-0.00410954951075837,0.002298337867250666,-0.002780656097456813,0.06777255237102509,248,49,215,0,0,0,0,0,0,512,1,0,512,2,0,264,0,0,248,1,0,,0.14186460396740586,44ede676c044975ee35ff05a9187b85e:0:0,8fadf389e17c4f318adbb73b8b7abf7c:0:0,6eb1f1511db67352d89785e23a1ccbde:0:0,86f71dce9bbe816905919ae533d2428f:0:3560333811,1cec915737e9ed4319887038267757a3:1:3221932482,1.0
616,2,616,1,legacy,0.0003,0.0,3.7235785165774127,18.50345684765735,0.010450287722051144,0.0474609375,-0.0030431222170591355,0.0019862045941408724,0.0012003218289464712,0.06314755231142044,237,54,221,0,0,0,0,0,0,512,1,0,512,0,0,275,0,0,237,1,0,,0.11670129490084946,fdd054168a712f6bebad02778584d45e:0:0,663cc3bf4eafb45352245e9bc1e7e55f:0:0,32f7a6b79dc812a5412a8d602d904e63:0:0,a5d16d14f3a03377e51525fd18ac4e8f:0:1962247742,1b0eba84274371884acf3d1ddcc04086:1:960955934,1.0
617,2,617,1,legacy,0.0003,0.0,3.8298645547501153,18.42173398083331,0.007161155343055725,0.064453125,-0.0026898693293333055,0.0022371786704752593,0.0003813663497567177,0.0672154650092125,254,51,207,0,0,0,0,0,0,512,1,0,512,4,0,258,0,0,254,1,0,,0.10637935297563672,552399783100e650eb2226d48bc1f05e:0:0,bb6c95736769a4d29869b0c1a995229d:0:0,d0cc188ff23b9609c8321eeace330c90:0:0,7f497f99a9cbd0af4dbf7abe50c65a8f:0:4061860928,14aaf543313e7de25ea5a1f77592219f:1:3931142821,1.0
618,2,618,1,legacy,0.0003,0.0,3.7842987759985194,17.575300360534804,0.004161112941801548,0.0626953125,-0.007081777788698673,0.0020731979922857134,0.006191563792526722,0.06559577584266663,258,60,194,0,0,0,0,0,0,512,3,0,512,4,0,254,0,0,258,3,0,,0.10508571297395974,7b47096815ef06abd7467a0da43f0c5e:0:0,db9aef746953e9d75cf6f8320891f330:0:0,f2e194667fc3cec334896b189b12ee89:0:0,f3ed7041b76f1da51c6ea0b4dc20668f:0:4164751190,6214a511a25047d3b2edba1700a420df:1:4100394192,1.0
619,2,619,1,legacy,0.0003,0.0,3.5820964762786103,18.45411171209843,0.007244161795824766,0.0796875,-0.00221928097307682,0.002071099920431152,-0.00636693462729454,0.06481551378965378,249,53,210,0,0,0,0,0,0,512,0,0,512,1,0,263,0,0,249,0,0,,0.10233250400051475,f61a7524e0f81c45343b58becefc285e:0:0,470bd757cc2094e72eee3358ddb0eaf2:0:0,9aef79fb84b4c1f8f984af52d997dd87:0:0,9cd55c1e0928090336fbdf6cbaba728f:0:3848742135,0fe59f8b64998fcaabf3763bf4026b0e:0:2491604278,1.0
620,2,620,1,legacy,0.0003,0.0,3.7276898907108453,17.25941057627218,0.006567363627254963,0.0751953125,-0.004023474245332182,0.001948907529003918,0.0033028984908014536,0.06258972734212875,265,42,205,0,0,0,0,0,0,512,2,0,512,8,0,247,0,0,265,2,0,,0.10478324699215591,3cf467a7c3f5bdbc30bc5f840bf9445e:0:0,4cdfc9288da875c14f4dd1c710f86e3f:0:0,4d9ef53f995f9240cf355f37366f799f:0:0,40a60ffc9e9e31ec983bbe71ec947e8f:0:1331943581,d5f13f2dbe87ded5cc6ec9d2e95f1677:1:4290247358,1.0
621,2,621,1,legacy,0.0003,0.0,3.6945565240189406,19.11878875411539,0.0033794790506362915,0.0400390625,-0.0014382150024175645,0.0020837478397879748,0.0018481569131836295,0.06912437081336975,246,50,216,0,0,0,0,0,0,512,1,0,512,0,0,266,0,0,246,1,0,,0.10498145199380815,84c55954abb07872c21f6af95b36605e:0:0,1025c8956c62e93ea6ad3c18c76266e8:0:0,eb0c209d7191bdb2e7dc27127542dd4b:0:0,a1be3612626211a25bfe055071ae8a8f:0:1108593819,75380d1f7523a227d97b8c13e41d9c34:0:2314334365,1.0
622,2,622,1,legacy,0.0003,0.0,3.702041582160499,18.977273186809573,0.0024315034970641136,0.0357421875,-0.0022036112844944,0.0021973968367092313,0.001213199459016323,0.06679277867078781,258,57,197,0,0,0,0,0,0,512,0,0,512,1,0,254,0,0,258,0,0,,0.1068274249555543,6bfaa2ac08c3deb9c05497babcb37c5e:0:0,6274792c8e44c3fcf30fa406dd88d083:0:0,19ad09588d8a74877baa92c8b215eec3:0:0,2de89e31ac9dc868cb0dbb944a08968f:0:3707559076,1c05a27e7a4b3f8ebdabb7f31b3280f6:1:4047723563,1.0
623,2,623,1,legacy,0.0003,0.0,3.781345373052189,17.96209536172504,0.007657420821487904,0.046875,-0.00020623886957764624,0.0015630835026968271,-0.000210442507523112,0.0560934841632843,256,51,205,0,0,0,0,0,0,512,2,0,512,0,0,256,0,0,256,2,0,,0.12939708400517702,5e400b421c30b83d01e642643070985e:0:0,2a0de88a5c8869a379f0a842329f9a67:0:0,cfbad5c9e1bdc758abf6975aa472173b:0:0,0dc53a4ca3238dac673128c975a2a28f:0:1834910288,0988ce397cbce0eec96fafbe2da92bc3:1:1882839137,1.0
624,2,624,1,legacy,0.0003,0.0,3.776706184841233,19.315452065887296,0.007058877497911453,0.0578125,-0.002770271524786949,0.002030688343802467,-0.004028485622256994,0.06366993486881256,246,54,212,0,0,0,0,0,0,512,1,0,512,0,0,266,0,0,246,1,0,,0.14485624805092812,45e604e9f33954af77f90791b66db45e:0:0,9769524d917722c375ac148cc965641e:0:0,f44e74c117fbc3896a1fe3ead435d937:0:0,04a1744de965c366f729d47bf47cae8f:0:4190392347,7b17101453113345fa32317a45ad255e:1:1525700718,1.0
625,2,625,1,legacy,0.0003,0.0,3.722676114205656,19.074399134551754,0.007792796939611435,0.1115234375,-0.004093968635424971,0.0017300488776527344,-0.005601654760539532,0.058862198144197464,253,55,204,0,0,0,0,0,0,512,2,0,512,1,0,259,0,0,253,2,0,,0.1486646420089528,a5b4f1ac7e2400b74a4bc3df4eaad05e:0:0,752f6a826b0561c81e1d8af7cfde46b0:0:0,37a344781976bcd4c29067022b7357e7:0:0,73ef999d52e4acc492b48637c696ba8f:0:1193370814,550cd2b8d5b6328b5bddcd48ba0eb122:0:3290253430,1.0
626,2,626,1,legacy,0.0003,0.0,3.797079898805264,19.35250471317087,0.007190260570496321,0.0623046875,0.0021008206414990125,0.0019603368011303244,0.004251668695360422,0.06335000693798065,243,61,208,0,0,0,0,0,0,512,1,0,512,0,0,269,0,0,243,1,0,,0.17404613795224577,b4933dce6d7f9d19f33793e8f927ec5e:0:0,5ba12068e6c7a8189dc1df98887f1d8f:0:0,02342c812170f79c0483228e6577daa3:0:0,9b343bf18a9dc808ae894588ebf0c68f:0:3850744890,397a5987d7a676d10a74d49fcad063b4:1:1435814970,1.0
627,2,627,1,legacy,0.0003,0.0,3.8400951267831855,17.825068928147793,0.0013407530495896935,0.0439453125,-0.0031302858609706164,0.0015151657979004085,-0.0032273204997181892,0.055528752505779266,258,43,211,0,0,0,0,0,0,512,3,0,512,0,0,254,0,0,258,3,0,,0.17063247098121792,bedc9dd1c18658285bafd44ab5e5085e:0:0,266857f13ec3e0c8fb8e9653917b1530:0:0,21b9ff2a86cbfe4313966ba9acdc1853:0:0,c957965ae208cbb3285b59fb648ad28f:0:870867360,3a138264aa5310dd1728bf6c027c3708:1:2673128684,1.0
628,2,628,1,legacy,0.0003,0.0,3.768840167150206,18.289120401494905,0.003978782333433628,0.1181640625,-0.010796005954034626,0.0018245982588268816,0.004561396315693855,0.06016165390610695,253,54,205,0,0,0,0,0,0,512,3,0,512,1,0,259,0,0,253,3,0,,0.1486733329948038,19dc630a373a896af74221a084e2245e:0:0,718fcb286c392c99f6d57e2a361cbcf2:0:0,55ccb9ea8709d601b8dd7f69eb9bd2cd:0:0,9a1040beba2e46e552d94b1b3064de8f:0:2519280225,4f771a405017303d20677ddc39a40a36:1:1732341218,1.0
629,2,629,1,legacy,0.0003,0.0,3.670321493444443,18.95961860065041,0.005413432605564594,0.03046875,-0.0016211042646318674,0.00226618010783568,0.0009019284043461084,0.0670659989118576,256,57,199,0,0,0,0,0,0,512,2,0,512,2,0,256,0,0,256,2,0,,0.10712291195522994,8ecb9805fed9af8de0165886661f405e:0:0,ede283fa71e4a9d6f5f3fd7e588a97b7:0:0,b4bed95f76628bb35c3872972456af88:0:0,7cd3c3463963e50701ace0744f7eea8f:0:3963232016,90e6d7768ed369b5f62bf9cfcefd4ef3:1:2483217012,1.0
630,2,630,1,legacy,0.0003,0.0,3.634255196876354,18.581751812205226,0.009800834581255913,0.076953125,-0.003307700389996171,0.001988962758332491,-0.0026962014380842447,0.06376652419567108,258,50,204,0,0,0,0,0,0,512,5,0,512,2,0,254,0,0,258,5,0,,0.11210452008526772,7e3d70b66741908cf2ee9598599c5c5e:0:0,05ca5a260a4d5839bc80f2dcad761643:0:0,f362edc4845a508aa89b0c021f2be9f3:0:0,95a0ee8e403a54ab957b2192c1d8f68f:0:3826193681,4529f74937ac71216729e7fc08d9d0fd:1:3505262848,1.0
631,2,631,1,legacy,0.0003,0.0,3.8184259145700383,15.75961492021829,0.009154288098216057,0.0515625,-0.0020203887950628998,0.001575646485434845,0.0018331119790673256,0.05667417123913765,267,41,204,0,0,0,0,0,0,512,4,0,512,1,0,245,0,0,267,4,0,,0.10723136109299958,4d4990ee69e37c1feb2735725f59785e:0:0,43254e069b472e8a456ee2948c8b4746:0:0,a740129bf8af45bd22a3fb291c7cb97d:0:0,7e4f3cb1d028d1b707e456028773028f:0:2931271280,edbaaeb62a6532c0cb3e405b0ce5e49d:0:3500006820,1.0
632,2,632,1,legacy,0.0003,0.0,3.886415416640884,18.467220666911576,0.009795799851417542,0.120703125,-0.0012367389630526305,0.0020674811967182904,0.0052297599613666534,0.06530465185642242,245,50,217,0,0,0,0,0,0,512,2,0,512,2,0,267,0,0,245,2,0,,0.13146196701563895,2543be7742e1b0667eb6d4b07756945e:0:0,b50357d3e640cc5f4adbc231fe575ebb:0:0,6eb43fd6e61aa8d7985d0c66f1d87a20:0:0,7c15ea93568252c2f784054fa04d0e8f:0:3986602139,bc1b6522906f6b9a79bf55ff39b0027c:0:1639666622,1.0
633,2,633,1,legacy,0.0003,0.0,3.87409806432885,18.24156563943535,0.008267506957054138,0.1234375,-0.0060587341897189615,0.0019443657365627587,-0.006931854411959648,0.06274572014808655,267,53,192,0,0,0,0,0,0,512,2,0,512,0,0,245,0,0,267,2,0,,0.1148214500863105,dfabc2a580f2e0d47a2e4feea193b05e:0:0,abc1838dd86a4b22b42185b021c8531a:0:0,8e4b0bdb25d0172a0aa25480decee3a7:0:0,53f4f0148e4059c3b3f0f7060c671a8f:0:1949617664,6a1a8664fb4f0323510447cfdbf132ab:1:797729294,1.0
634,2,634,1,legacy,0.0003,0.0,3.7738108152665304,18.049321751372283,0.004261550027877092,0.0927734375,-0.002382115041837096,0.00204774186713621,0.0029331552796065807,0.06477437913417816,253,44,215,0,0,0,0,0,0,512,4,0,512,1,0,259,0,0,253,4,0,,0.10906337096821517,54768a0338a7df5ddcb8c3c8de10cc5e:0:0,ab71e0118acb6bbc0d0b23d1ebe6fcd7:0:0,0431726a4c66d9863c1b6c4a1324662f:0:0,fcd18137eb2f67ed49bd32b1cbc1268f:0:1792632588,142bd22e292b06d0581aa0124d1dbdc4:0:2724301713,1.0
635,2,635,1,legacy,0.0003,0.0,3.7452305971689537,18.411382014659992,0.008948862552642822,0.0791015625,-0.004727570759132505,0.0015709014725871385,-0.0018100922461599112,0.05601997300982475,261,52,199,0,0,0,0,0,0,512,2,0,512,0,0,251,0,0,261,2,0,,0.10805585398338735,5b22f74e46af67e2f41b8cdb2ccde85e:0:0,58900555a28238bf3fc8effa2c51089e:0:0,40fedc68b18ef0e41a8a8682caafabe2:0:0,f2af5171c10914d88e75ffdede5b328f:0:3450530545,a910eb9e52845297357b91b7550a4485:0:2319573893,1.0
636,2,636,1,legacy,0.0003,0.0,3.8151222960328903,19.22073942829945,0.004306124523282051,0.0537109375,0.0029435686999931933,0.002157476550200954,0.004120273981243372,0.0656547099351883,251,67,194,0,0,0,0,0,0,512,0,0,512,2,0,261,0,0,251,0,0,,0.1364722860744223,d97961b3ccb40ddc78b647c18dcb045e:0:0,e015c932b69836326bb5aa221b9a5d86:0:0,2dbc8a474c69a9077cb0606228b07fb4:0:0,d6b76dba9907c8e82ca3e61944353e8f:0:2757566185,3c0520d04748411b52234c21693b1fc0:1:3182877772,1.0
637,2,637,1,legacy,0.0003,0.0,3.770063208987468,17.376294679758253,0.002773934043943882,0.04453125,-0.0016077783424407245,0.001664489507675171,0.005078078247606754,0.05750603601336479,265,46,201,0,0,0,0,0,0,512,1,0,512,0,0,247,0,0,265,1,0,,0.14372036594431847,679c54dc54704c47a982d1180108205e:0:0,ba718fbfef006dca29cdc67b962f9403:0:0,57fead8cd94771f6c2660e8c92ebf5f7:0:0,46f5293f68801aedafcaacecfd4f4a8f:0:2821813407,c090be0319e94dfb78dc8f3a7802741d:0:825844203,1.0
638,2,638,1,legacy,0.0003,0.0,3.7714800623210563,15.05360600567367,0.0018361081602051854,0.062109375,-0.0016262194141745568,0.001639876316767186,-0.0017685915809124708,0.0575832724571228,290,37,185,0,0,0,0,0,0,512,2,0,512,3,0,222,0,0,290,2,0,,0.1454522820422426,9273e4064494b7d26815457a86853c5e:0:0,14e49b00ab280131da47086dda4f01f1:0:0,3f24e89a00d4686b43eb63375d288732:0:0,62194bd79b0bd10e90695be609a9568f:0:2726789618,ed3e34eb582897065509dcf07e8bc16c:1:117244772,1.0
639,2,639,1,legacy,0.0003,0.0,3.537475822749077,21.094881269519593,0.0018976912833750248,0.007421875,0.0007842349819839001,0.002255128644173965,0.0016969072166830301,0.06720344722270966,238,60,214,0,0,0,0,0,0,512,1,0,512,1,0,274,0,0,238,1,0,,0.16407789406366646,cdbab816931c5347549c01851e42585e:0:0,f80dca3937fb0931ac38a9c45f12faa1:0:0,ad6ac411fe3ae451d3ec32617b2b252d:0:0,326b70b422d284e93ffa3a906943628f:0:1717623060,31aa768023c7b8a6ea2a69f4c0c65c99:1:1140701185,1.0
640,2,640,1,legacy,0.0003,0.0,3.764703007229088,18.13220613760245,0.009165157563984394,0.086328125,-0.003151734918355942,0.0020749944262206553,-0.0008551232167519629,0.06479445844888687,264,53,195,0,0,0,0,0,0,512,3,0,512,1,0,248,0,0,264,3,0,,0.10761904693208635,e84cf331e0ab0639e9dfa1d3c83f745e:0:0,5d4e25ce54acfe1941748a35325d9dca:0:0,d0489a5486a25ce6c161261c44274968:0:0,32994f06017beafa34f2d0781c1d6e8f:0:1196451513,931e79f24bf0de7cf47336d7145a182d:1:1442491493,1.0
641,2,641,1,legacy,0.0003,0.0,3.859972222092443,16.98236315096251,0.008911105804145336,0.070703125,-0.0009460740489885211,0.0017574077704921366,0.008379270322620869,0.060175422579050064,251,43,218,0,0,0,0,0,0,512,4,0,512,1,0,261,0,0,251,4,0,,0.10402400000020862,820d131a689235f299430302847c905e:0:0,6558679cf874b8d3b2f44cdae0781b3f:0:0,11b3df5adf936948feaa4f021f0d6b9d:0:0,3a8b7da5fc57bd40f6c3e52922377a8f:0:524235042,95ee270e811db4e9db96ee8ae5d35052:0:589723429,1.0
642,2,642,1,legacy,0.0003,0.0,3.7854250336361503,18.81408828318782,0.005490776151418686,0.023828125,-0.001417050580494106,0.0016774982679635287,0.0006554914871230721,0.05821957439184189,250,55,207,0,0,0,0,0,0,512,2,0,512,2,0,262,0,0,250,2,0,,0.13906502700410783,cd0226397117809ae6c341ad52f9ac5e:0:0,5e8c5eef6633f8a873b832fe6ad0c174:0:0,8c2ee9cd395ee66cb846e96fb5d634b9:0:0,550f26126e47492529d9802f7b91868f:0:3061666790,7877f13bdd5998a885c0df899e55ae27:1:204528191,1.0
643,2,643,1,legacy,0.0003,0.0,3.6842746085074687,16.938904018929613,0.0023777890019118786,0.03203125,-0.0029251662315800788,0.0019323016225825996,-0.0033404019195586443,0.06220083683729172,267,49,196,0,0,0,0,0,0,512,2,0,512,2,0,245,0,0,267,2,0,,0.14185356406960636,fd7cede527999aa984f7ba7033b6c85e:0:0,b04c740da98531cbcec69ded7d7bc59c:0:0,1451e7952dae93cd73cb8dca6b850f34:0:0,3c3c0a6369f4a09b9b9ae917282b928f:0:1680428877,dd9ac91a3781d50891a3e1a3544ef0e5:1:1917940423,1.0
644,2,644,1,legacy,0.0003,0.0,3.725815465450065,18.119327912918926,0.006397737190127373,0.0611328125,-0.0043473219964653255,0.0019895307312253864,0.001995630329474807,0.06307467073202133,262,60,190,0,0,0,0,0,0,512,5,0,512,2,0,250,0,0,262,5,0,,0.15162764699198306,6956eb1e142f4e8e711209e726b3e45e:0:0,81dc05b34e9f912f7e546323d55245a8:0:0,c1fd96a2f3882ecdcfb267c9f7f648cc:0:0,75463d209ee36e8b4e6aa76c28059e8f:0:3073867809,de22667b7fde1d938c522d84bf0f0f42:1:3768057729,1.0
645,2,645,1,legacy,0.0003,0.0,3.646736218223681,18.778095054290958,0.0063049704767763615,0.0466796875,-0.001320824446156621,0.0021655409131199122,-0.0016626117285341024,0.06571144610643387,250,64,198,0,0,0,0,0,0,512,5,0,512,0,0,262,0,0,250,5,0,,0.16849420103244483,a6fed1a9905c9e9f0ede0cae2bf1005e:0:0,f88829c5e70313b275a78141f7cdfa6f:0:0,af23dbe9af07790b9dd660d48700cc53:0:0,3022f12fb3e76e7285a682ba7b1faa8f:0:1339775047,29d026c4c0a37d3828026035fe4db90b:0:213939345,1.0
646,2,646,1,legacy,0.0003,0.0,3.8763897168061323,15.257333438018073,0.003648745361715555,0.04375,0.0006890987046062946,0.0016500532801728696,-0.0020852324087172747,0.0577816367149353,274,40,198,0,0,0,0,0,0,512,2,0,512,4,0,238,0,0,274,2,0,,0.15783581498544663,34417818ec7a094244c1df61436e1c5e:0:0,932644ca9d99d3c608bbff0de4df8ca3:0:0,643e3bad461f7443ad5198fcdc5f715f:0:0,1f4fdb5d098c874bd1a7828e2179b68f:0:2308821171,51fb860dd6897247947818f12ebe3f13:1:1960135768,1.0
647,2,647,1,legacy,0.0003,0.0,3.644428842055021,15.702889239164275,0.005468776915222406,0.04453125,-0.00017425967380404472,0.0019444956327788533,0.0033309089485555887,0.062349218875169754,269,51,192,0,0,0,0,0,0,512,0,0,512,1,0,243,0,0,269,0,0,,0.1351704850094393,7cd511f72f69ef5c97bdde9c6d2b385e:0:0,5fa5f4a5acba38ce75830820d4d0d71a:0:0,bbef869764279f9e5ad92d9a4bccb401:0:0,6364be4c16fc89b31bc1ee731b13c28f:0:4014685304,66fce73fb84868c2d4ea3d7ec1478e51:1:2280868313,1.0
648,2,648,1,legacy,0.0003,0.0,3.834435118337037,17.76374785693118,0.011655246838927269,0.06484375,-0.0006234016735106706,0.0015480549889616668,0.0030096182599663734,0.0555574856698513,254,59,199,0,0,0,0,0,0,512,1,0,512,1,0,258,0,0,254,1,0,,0.13448393903672695,b3de54019c381cfc476ca6fba928545e:0:0,7402c3c1553a774f59f7101abfff5b43:0:0,9895d79ba7f4ca73ded6e5fd5af62841:0:0,581ee4e7d3ee914ab2454df567edce8f:0:226432937,61334c664823bc49a7f50468c2e658eb:1:3320095430,1.0
649,2,649,1,legacy,0.0003,0.0,3.6936325013684237,19.590052816177362,0.006912654731422663,0.1095703125,-0.0059810556471347805,0.002222938975319266,-0.0010215973015874624,0.06675668060779572,251,66,195,0,0,0,0,0,0,512,4,0,512,3,0,261,0,0,251,4,0,,0.10494288301561028,0c3410f9693f74456a03151af765705e:0:0,e91e91a43e3d7332930e8bd6f996b72c:0:0,6c728b5dd79232266d54130df539141f:0:0,808e86b6e22c0960547c68a10807da8f:0:3928740847,5f002812f383ba7b41b0283151474cf6:0:2314017341,1.0
650,2,650,1,legacy,0.0003,0.0,3.8033576222377294,17.78972171301274,0.004993025679141283,0.0693359375,0.00022277324460446836,0.0020000731805339456,-0.003306836122646928,0.0640094056725502,251,51,210,0,0,0,0,0,0,512,2,0,512,0,0,261,0,0,251,2,0,,0.10907209909055382,a34de8475471ba9e0850459657e28c5e:0:0,5ce094984fd021b02a7ff40c4a832186:0:0,cea99bd09a162ed116415669a411c162:0:0,f13654c2693754d23ead4601fb61e68f:0:4189137977,ebf347e590798d5cf5c5c4d86e78a46f:1:2376126335,1.0
651,2,651,1,legacy,0.0003,0.0,3.806079655855582,16.47575770308358,0.0018841224955394864,0.0580078125,-0.0012156540295109152,0.0019315223500598222,0.003357076784595847,0.06261643022298813,277,43,192,0,0,0,0,0,0,512,3,0,512,0,0,235,0,0,277,3,0,,0.10713074903469533,1ccdc654005d881a39bd9509ca9fa85e:0:0,88bb4d39ee2dcc279361de1d8c1e947c:0:0,fcc484749109c402d8c460d5682e24a2:0:0,5c85bd09d6a0193436192da441fbf28f:0:3084351189,46241d6276a0d09d848e94a211047a2a:0:1432084821,1.0
652,2,652,1,legacy,0.0003,0.0,3.8166738149801547,17.47368589969618,0.010033629834651947,0.0486328125,-0.0020011649932712315,0.001953430694993585,-0.003204501699656248,0.06249330937862396,253,53,206,0,0,0,0,0,0,512,4,0,512,1,0,259,0,0,253,4,0,,0.10809574800077826,aab23922458e5928404ea0114f9cc45e:0:0,c4d54716a49b23907fd8134e173de8fe:0:0,a947e7cc855b4d7b22e33cbdb72f2e5c:0:0,435ecdc8f5912d3494fca713dbd5fe8f:0:3552303010,0395aef8906e26f6893dfc7901f92288:0:2326286977,1.0
653,2,653,1,legacy,0.0003,0.0,3.701555988529309,16.266442213447043,0.005778951104730368,0.05546875,0.0001407662406563759,0.0015546477341558784,-0.004961458034813404,0.056348152458667755,269,47,196,0,0,0,0,0,0,512,7,0,512,1,0,243,0,0,269,7,0,,0.10513886890839785,42b8fa62e3e2c27ca4a14348e6d9e05e:0:0,2e349c2f20b2ec124655ad942cb3bdcc:0:0,2e6762d2f20194a5a5157cdb44cf60cb:0:0,b391092110242a41568f79dcc8f00a8f:0:266177858,15f7de7e96e536ca13b4df660d20beea:1:3282952,1.0
654,2,654,1,legacy,0.0003,0.0,3.7192618034072877,16.373766688516067,0.010537137277424335,0.0685546875,-0.0020075192209333182,0.0020588430750649424,0.006250226404517889,0.06429097056388855,262,46,204,0,0,0,0,0,0,512,2,0,512,1,0,250,0,0,262,2,0,,0.1035334860207513,3e8d8ae33f74c73e51ed9b4c9056fc5e:0:0,a3482671662cf28676d34457d5395ef4:0:0,0005b25b0dded029afca2eeda1a4661a:0:0,649aed010d06a16d2304ad8b094a168f:0:643559715,890a20346ea084eacdc8b2c900c4ae51:1:1536756398,1.0
655,2,655,1,legacy,0.0003,0.0,3.620223450401234,17.180371899418965,0.005740894936025143,0.0498046875,-0.006092166109010577,0.0019749473605770616,0.002889256225898862,0.06293530017137527,266,53,193,0,0,0,0,0,0,512,4,0,512,5,0,246,0,0,266,4,0,,0.12421966600231826,cc4f51e314b05172b20604b84c14185e:0:0,b0aa088ed23a937ef2d67e3c4733a106:0:0,5338b25c2f1705529d85711081b93483:0:0,dadc7273bbfcf3945b8a89aa9ce4228f:0:1542415516,973239b37abf35fdb492ca0d231010f3:1:4073552168,1.0
656,2,656,1,legacy,0.0003,0.0,3.7983826927397404,17.763860244057717,0.005162606947124004,0.0640625,-0.005579023715108633,0.0020381450944114477,0.0060119349509477615,0.06388004869222641,241,58,213,0,0,0,0,0,0,512,5,0,512,4,0,271,0,0,241,5,0,,0.1432327670045197,9a0565874f33cca9c9571c281a11345e:0:0,1982b5b5e8a30b4ae33b046db9efbf58:0:0,c151c44271b5373b5e8f8374f56b1171:0:0,75ed52c6c3ceccc2264a95c783be2e8f:0:59183722,1e779a9a3897b58a836ee2bd2d10da8d:0:255472368,1.0
657,2,657,1,legacy,0.0003,0.0,3.6770735670908117,17.326994011560526,0.005994804669171572,0.0625,-0.004111671447753906,0.0017539281223434954,-0.00299060414545238,0.059297118335962296,266,54,192,0,0,0,0,0,0,512,5,0,512,2,0,246,0,0,266,5,0,,0.14250444795470685,3afbf04a6f16e2ea52e7be37fa4e505e:0:0,f61ae1fe225d43c6f5e1988ec13085e1:0:0,eca4424295b1f03d5f90f5c4a54a15b1:0:0,e3427847e42942d57a69996dbdd83a8f:0:736176729,c22519c8f2131cce89d4e75f5f914fca:1:4271353218,1.0
658,2,658,1,legacy,0.0003,0.0,3.8743730942025887,18.915258556270054,0.0020225243642926216,0.0203125,-0.0011655501089990138,0.0019559270527679472,-0.005119032692164183,0.06258389353752136,244,60,208,0,0,0,0,0,0,512,5,0,512,0,0,268,0,0,244,5,0,,0.16297585098072886,1c0811f528335bdddc590783eccb6c5e:0:0,1f69a6c23c1a6368da54d65cb5454e64:0:0,4943417ec2cfa63419a2d9add99b4102:0:0,4df6a3a17e0297662c079c294b32468f:0:440216638,bb28458e09f6b9bee3c7a7a6ad546b0c:1:2292355723,1.0
659,2,659,1,legacy,0.0003,0.0,3.7821252393742277,16.746053664433113,0.006539219059050083,0.0798828125,-0.0019985924125649037,0.0019441260315943508,0.00900123082101345,0.06230388209223747,257,39,216,0,0,0,0,0,0,512,3,0,512,1,0,255,0,0,257,3,0,,0.16249805490951985,a58b2154270c1e3ce1e654a7f188885e:0:0,dc9e96cdd7026e8a8adcbb82ded1d939:0:0,c65da78b89156e68e4337293307727c8:0:0,c2a2fe2a950b9ce9f83fe5862bcc528f:0:464305863,67a57ded3ecddf6b2564f7bc942c1461:0:1894090017,1.0
660,2,660,1,legacy,0.0003,0.0,3.700108310831537,16.35596889706077,0.0005945747252553701,0.0423828125,0.00012211978901177645,0.0017118126095738262,-0.010579547844827175,0.05838434025645256,263,53,196,0,0,0,0,0,0,512,4,0,512,0,0,249,0,0,263,4,0,,0.13483229198027402,9a05568a26ee537aea6542400885a45e:0:0,236b13ac492d6330dbe7a0bae712cb15:0:0,d5b49a9e5060ccb363fbf392e8bb87ff:0:0,8dfd0cc9bcbabf199128fd105fa65e8f:0:1013161010,0153fbdb67256139dbc61fd83dd8ff32:1:3667256323,1.0
661,2,661,1,legacy,0.0003,0.0,3.735844621849979,17.25699625734629,0.004420936107635498,0.0326171875,-0.0027230435283854605,0.0016009418643079699,0.007174522615969181,0.05709456652402878,255,57,200,0,0,0,0,0,0,512,7,0,512,2,0,257,0,0,255,7,0,,0.1349658479448408,085a2487c4e8adb2a345ace831c2c05e:0:0,b9d2033860531cb0d5bc9161c3f10ca7:0:0,89b8d8ead9a928f6279b1acc9fa7eaa4:0:0,d1a83e55a37cae95a9d4aa53e6c06a8f:0:3376440411,88940cc2d52869ece72dc65b1866cd06:1:1934862650,1.0
662,2,662,1,legacy,0.0003,0.0,3.6164455926926147,17.459770541533825,0.0073164282366633415,0.06875,-0.006309478054754436,0.0017791384365409614,-0.0003060103626921773,0.059905312955379486,254,48,210,0,0,0,0,0,0,512,4,0,512,3,0,258,0,0,254,4,0,,0.12670736201107502,7bd5e2dcbb34cfd1fc91b13c6d3fdc5e:0:0,8f098418ac99cfe5511ece9f58568ea9:0:0,4d3a95a8809741e81c6950df2662c01a:0:0,179223a92e96afcc024ff4dcc11a768f:0:414117563,1d636771aff1c20b5cd5235ecb932821:0:1417899144,1.0
663,2,663,1,legacy,0.0003,0.0,3.6631330736762946,17.863907148352954,0.0052779670804739,0.0845703125,-0.004124037688598037,0.0017867487564217298,-0.0019171300809830427,0.059932559728622437,246,49,217,0,0,0,0,0,0,512,2,0,512,3,0,266,0,0,246,2,0,,0.10233284498099238,a3ccdfc070aed80644edabd8bafcf85e:0:0,4f3743f8372c17c7d6579b19ac77bdc0:0:0,217cc1001528b9657a2e0ee0eb958390:0:0,44893eec59468d1c73a32436eeb4828f:0:130653077,51d59b025233985f9f0d453a83f48df2:1:1901780205,1.0
664,2,664,1,legacy,0.0003,0.0,3.6391844098262425,18.287134104449954,0.006036883220076561,0.0544921875,0.0008405148866586388,0.001989456603769213,0.004596725106239319,0.06323426961898804,241,50,221,0,0,0,0,0,0,512,11,0,512,6,0,271,0,0,241,11,0,,0.10918098594993353,ab8f84da07f70c68459839591afa145e:0:0,83a0623539b5c6c88e4a120eedc5b500:0:0,91cf4ac6386a74b87ac80ad725ecbd67:0:0,e1c742de49ac2c3dfbd1bfee6f8e8e8f:0:385691686,41f86f8c6be19b04e88bb638b4025c39:1:3342707059,1.0
665,2,665,1,legacy,0.0003,0.0,3.728303140118954,16.776747020254,0.01372484490275383,0.08203125,-0.006380888726562261,0.0021221377362962814,-0.005931556224822998,0.06508937478065491,264,51,197,0,0,0,0,0,0,512,9,0,512,5,0,248,0,0,264,9,0,,0.10481220600195229,1bade7fa59d9a9e85e6a36598d37305e:0:0,0d5437b48ef1ec8a7adb9ec8c6ae8b4c:0:0,e11d22032dc4ec5cb653651ab28ad8b3:0:0,3e2092384e08c6e3c9da8f8f43a89a8f:0:3101290484,c0b9cc6cc5a2fafd3d49280442fc1a24:0:3832055646,1.0
666,2,666,1,legacy,0.0003,0.0,3.691433541067148,17.6647685736671,0.006854462902992964,0.0875,0.00029127518646419046,0.0019941338279750196,-0.005780952051281929,0.06438321620225906,262,58,192,0,0,0,0,0,0,512,2,0,512,6,0,250,0,0,262,2,0,,0.1040973219787702,915eeba48698d57aa1d6bf7611b44c5e:0:0,26c00e819fa8077c33033832f9d4a4a6:0:0,86e9bda7628f3208627cf795a5020339:0:0,55b3d28cb4dfc6a249b79aa56b02a68f:0:3942738144,92bda8e596fac427940d790788ea6ee7:1:568396460,1.0
667,2,667,1,legacy,0.0003,0.0,3.8199289231623093,17.33443035389348,0.001839830307289958,0.0392578125,0.0003384235315024853,0.0017598731035832315,0.010031679645180702,0.05986732244491577,258,46,208,0,0,0,0,0,0,512,5,0,512,10,0,254,0,0,258,5,0,,0.10286976397037506,1293f9ec09b4af82f0eb314aa871685e:0:0,298ceed1b1a78615b66a852b6d56c598:0:0,f15f513b6259a57518c7ad394ef2eb8f:0:0,b58d754fb2854414305e28bce59cb28f:0:4019894479,8c86f9d41b8c436d5856e058202564c7:0:2272601333,1.0
668,2,668,1,legacy,0.0003,0.0,3.8427067403013426,18.538123638324343,0.0029320023022592068,0.0712890625,-0.000686321989633143,0.0018664901261217892,-0.010901582427322865,0.061194490641355515,250,52,210,0,0,0,0,0,0,512,5,0,512,7,0,262,0,0,250,5,0,,0.10551358305383474,771266d97bcd8981174f2873516e845e:0:0,edaaddae306d06a2451783d1c404e140:0:0,5ab4ab8ef52dc402ff6ae24326c95187:0:0,a2fc3503c6a6293f87bec161b376be8f:0:1651888279,c2c85488e5be06052b4eab0fc03f6658:1:4287047041,1.0
669,2,669,1,legacy,0.0003,0.0,3.8055614856256215,15.264142210349307,0.003336747642606497,0.0306640625,-2.108900807797909e-05,0.0018735233054030687,0.012786894105374813,0.06098027527332306,287,42,183,0,0,0,0,0,0,512,3,0,512,3,0,225,0,0,287,3,0,,0.11618057894520462,7b16a6316e3c3dfce744818c0caba05e:0:0,35e30b9d4e609da92046d4bf16fc1e5d:0:0,cade1d0f66ef9f98661dcca86ed1cae7:0:0,9f8cabce5455f73abac52c1fd490ca8f:0:2734787195,f2ab921f0f2a166bc61efdd63f420564:1:1263991955,1.0
670,2,670,1,legacy,0.0003,0.0,3.723231927455525,16.19674128536479,0.007807763759046793,0.0724609375,-0.004406375600956381,0.0019079851103015245,0.0009520977037027478,0.06189095601439476,259,41,212,0,0,0,0,0,0,512,3,0,512,6,0,253,0,0,259,3,0,,0.14254710206296295,c8cbbb230bfcaab255a75930da28bc5e:0:0,838a6835d2c2cf1dc3d0408d5bcb8d2c:0:0,ff3977ce55a0dd935bd3b1ff4ac248f6:0:0,e60b5c045f2e2f11a158708348ead68f:0:2845197195,5540704e939b3631fbe28cf4ab4b46d8:0:2206682485,1.0
671,2,671,1,legacy,0.0003,0.0,3.758842955389966,16.82329917100194,0.010502633638679981,0.1068359375,-0.010157093359157442,0.0019056383694987743,0.0036224927753210068,0.06178679317235947,256,40,216,0,0,0,0,0,0,512,9,0,512,4,0,256,0,0,256,9,0,,0.16650836204644293,cd829f0e6b864cfd95ee0bfdb9e5d85e:0:0,889a57084736d421b8dc5deeb381e254:0:0,59852c7fdec83be9f339c5970deead03:0:0,a5c5c28aa00b5dea8c5ad6181084e28f:0:1230522335,14e912b38b6c88f984099d7fffa8fe33:1:1418134654,1.0
672,2,672,1,legacy,0.0003,0.0,3.8398384888747383,16.817974322660966,0.016673462465405464,0.0732421875,-0.0031195128802210094,0.0017884499218780547,0.0018895118264481425,0.059554483741521835,263,45,204,0,0,0,0,0,0,512,6,0,512,5,0,249,0,0,263,6,0,,0.170453458908014,b851cf3cbd2f00873629368eabe2f45e:0:0,20cd51dfb48addf82660ddd85eea8116:0:0,40c1a4fd9d35554cfc55fdf692bfbf34:0:0,82cc562f63f3cc6b51a9e46a2b5eee8f:0:1219306212,e124856b07b50e0ec888b5bc166c820e:0:2888881937,1.0
673,2,673,1,legacy,0.0003,0.0,3.875298544331856,17.47291909522275,0.013997487723827362,0.0904296875,-0.00803136806935072,0.0018099129665642977,-0.004043044522404671,0.060653530061244965,259,56,197,0,0,0,0,0,0,512,4,0,512,4,0,253,0,0,259,4,0,,0.1525480739073828,bbdcc00ec1b3e0303b03b57fb020105e:0:0,824a36f74bcdf05dada93319eed0cefe:0:0,0e0091c81313065f04e850bf1af3f074:0:0,2f70ae6fe7b3d15e581e63059978fa8f:0:2049895897,bca78f9a123eb291986f5f1a85e62448:1:2701209521,1.0
674,2,674,1,legacy,0.0003,0.0,3.6601512543363186,18.304720149856134,0.002833729609847069,0.038671875,0.0007841645739972592,0.0021214926149696113,-0.0014483944978564978,0.06571344286203384,253,61,198,0,0,0,0,0,0,512,3,0,512,8,0,259,0,0,253,3,0,,0.14018940704409033,ceb59ed03484493e3bc2a56cc69d2c5e:0:0,4ee649ce79798661e2baee3753eaaa85:0:0,ab602e9ce95149765f329f2cec34dffe:0:0,bfe46f6622bbc797a38c59765ad3068f:0:1814098129,b364b431a873ae8c2897e5afbe783cef:0:434200761,1.0
675,2,675,1,legacy,0.0003,0.0,3.651938364330806,16.509166424981746,0.006683412939310074,0.063671875,-0.00737723964266479,0.0016237108560744674,-0.003889775136485696,0.05713152140378952,256,41,215,0,0,0,0,0,0,512,3,0,512,5,0,256,0,0,256,3,0,,0.1281447330256924,df599209156b00c77e4562f1ef5a485e:0:0,44c7e7da38b475f0f5dd630392b60d70:0:0,3a60a031086af93dee78d93063752ec2:0:0,97f707e733cba719e0c30f486f6d128f:0:2061841836,5a4b21fc3e6140b833188ad3fa353aae:1:1374181797,1.0
676,2,676,1,legacy,0.0003,0.0,3.840721243516759,15.74802769774275,0.004655766300857067,0.0669921875,-0.004095591371878982,0.001969747705152258,-0.0006172484718263149,0.06246870756149292,274,45,193,0,0,0,0,0,0,512,1,0,512,4,0,238,0,0,274,1,0,,0.11319139797706157,f4708acffd317b5f13058aab2a57645e:0:0,d83723d16b80d9add4a2e8945674f3ec:0:0,fafb3b61e1716d2f1fa5d24a122a579f:0:0,77b9ca25e1f8417b718d0c07d7471e8f:0:3053125536,034e7fddf7b56ffa1de47f83400e19cc:0:514457694,1.0
677,2,677,1,legacy,0.0003,0.0,3.820274023995272,16.997206104860616,0.006428406108170748,0.0353515625,-0.00196427924092859,0.0018726338632404805,-0.0018884317250922322,0.06143725663423538,268,50,194,0,0,0,0,0,0,512,4,0,512,6,0,244,0,0,268,4,0,,0.11133197392337024,31fdb84ae8d94700f116f9347794805e:0:0,ab41dded456fa8ad37b9d104ebd0fda3:0:0,08c4389e570d42b119b26983084f82f5:0:0,298b6e77e496218b78b0174092612a8f:0:3239333598,1cf54976487a26ba9d4321a8f879b898:1:1157852369,1.0
678,2,678,1,legacy,0.0003,0.0,4.035948305749235,16.601287807273614,0.00674052769318223,0.09296875,-0.0034004527609795333,0.0015001562249381095,0.0032631694339215755,0.05574462190270424,257,47,208,0,0,0,0,0,0,512,8,0,512,5,0,255,0,0,257,8,0,,0.10799801105167717,6accc9362707973e1227cb29d7119c5e:0:0,9586dd70d3c151d5d8141b497127a1d6:0:0,9de0ae5f671477e44621301bdb5b0aa1:0:0,9df5a327e4960e36e5ed387ea0bb368f:0:2995280497,956065fdf92ca76330679c31f0a4d29b:0:1615610799,1.0
679,2,679,1,legacy,0.0003,0.0,3.787849533137717,16.872568015899247,0.002129928208887577,0.0505859375,-0.002289428189396858,0.0020995590661186726,-0.0005943136056885123,0.06496915966272354,270,55,187,0,0,0,0,0,0,512,4,0,512,4,0,242,0,0,270,4,0,,0.11031900905072689,f4e25df3533ef3a88e805d2748ceb85e:0:0,89aefceba69588c33f3002e614f748f9:0:0,903a9f8573f1352388f651475c6e5702:0:0,cb20eb8969df30ad8200b74e0255428f:0:389143266,e5ff063fae7b88840fa21123e7cf32b5:0:780897828,1.0
680,2,680,1,legacy,0.0003,0.0,3.8398451835490475,16.511823287309845,0.0024963770993053913,0.048046875,-0.0029454275267198683,0.0020802312472369524,0.0018396006198599935,0.06447660177946091,270,47,195,0,0,0,0,0,0,512,8,0,512,2,0,242,0,0,270,8,0,,0.12447187502402812,1a4b604c8a83087fb9034bc8cccbd45e:0:0,b6bc92c282e7e39c6204d46eaa586074:0:0,6ba2b4b0486bc66ebff5ad1aa1404e24:0:0,61acbbcf2732ddc6faa21b3ab72f4e8f:0:496191899,24ab2f3978f100710135d9d62bbef472:0:26398587,1.0
681,2,681,1,legacy,0.0003,0.0,3.8498748461143615,16.141296870522325,0.008125494234263897,0.030078125,0.00010191751644015313,0.002144775737542659,0.001195330172777176,0.0662894919514656,269,58,185,0,0,0,0,0,0,512,8,0,512,4,0,243,0,0,269,8,0,,0.1082681140396744,e79764c24502999c3b2d73aa6308f05e:0:0,945ec27db46abd217e1408b7fe6a59e6:0:0,6fdf6bed71ae84e05b52779ea31de815:0:0,4ab3766f572602a7ee842bd0bf495a8f:0:3590990093,d0265ff48b4f176206fd03e9979b1f4b:0:3049378253,1.0
682,2,682,1,legacy,0.0003,0.0,3.8546741954412687,14.936182592033088,0.002611503005027771,0.04453125,-0.0021538110449910164,0.0014064904127735645,0.0023174977395683527,0.05324939265847206,285,37,190,0,0,0,0,0,0,512,3,0,512,4,0,227,0,0,285,3,0,,0.10709998209495097,78d5c3e48063979c3115f1680b860c5e:0:0,7b0e1f4c9e83f1623ee00e42cc7a246d:0:0,525c071230282c781c35e879219deae8:0:0,ddebb32d1cbc34a6f954f09c1aa3668f:0:2122801676,b45ed5a5079a3587db5fd167ece4a08e:0:639065076,1.0
683,2,683,1,legacy,0.0003,0.0,3.8835040346134653,18.654973140229323,0.004623501095920801,0.048828125,-0.0020663578063249586,0.002374472841620445,-0.00857868418097496,0.0692276656627655,236,61,215,0,0,0,0,0,0,512,2,0,512,3,0,276,0,0,236,2,0,,0.16392485098913312,6f53c0e2264d574f456e219dc643285e:0:0,cf480ca172460eb3a9877bf228e7c6d9:0:0,230d011d3793de3cdf262c3cea9401e6:0:0,c67207291a306471bfbdb128c93d728f:0:3674270086,ac9f3444717b8f9b43629a35e3ee90ee:0:3459404451,1.0
684,2,684,1,legacy,0.0003,0.0,3.8642454615762194,16.85125901020026,0.007024561055004597,0.055859375,-0.003446452971547842,0.0022153988014906646,0.015887828543782234,0.06668485701084137,256,43,213,0,0,0,0,0,0,512,6,0,512,3,0,256,0,0,256,6,0,,0.1650571640348062,1fdbd523dacceb62cd81a0e79340445e:0:0,a6fa7867e4e3fe984f86d6008378d4a9:0:0,ea610ad45db2e4ffc668ae96daa19997:0:0,941060a6b0773471fb62f502cb177e8f:0:601555543,6a195bbdedc87a31354da1cd9cf9f203:1:1281494167,1.0
685,2,685,1,legacy,0.0003,0.0,3.7329460242061248,15.755871477558014,0.004990176763385534,0.0474609375,-0.005039813183248043,0.0016481588478200137,-0.007923843339085579,0.05806463211774826,277,43,192,0,0,0,0,0,0,512,4,0,512,5,0,235,0,0,277,4,0,,0.17013150395359844,7d1317719e2fa04de5364be1727d605e:0:0,f7134b35451601042797a2750b1b6d31:0:0,30abee3cb4764e296185a786ddc5f554:0:0,f111f07e9a06f27286e483b620318a8f:0:2136423563,111ef0fb394afa43dc588aefcc3944be:1:3704907681,1.0
686,2,686,1,legacy,0.0003,0.0,3.7818041049013793,17.345419124610896,0.0036071192007511854,0.05703125,-0.000276489881798625,0.0021945622225757687,0.00043840764556080103,0.0660925880074501,262,54,196,0,0,0,0,0,0,512,3,0,512,2,0,250,0,0,262,3,0,,0.17090558295603842,f609afccedef9a7d8b0c3f2763fa7c5e:0:0,cccbf07bf42900502493506a61b6deca:0:0,791c6835ebd4f04f8d45a2b72f5e4b76:0:0,551c8e82d371348469dd64cec88b968f:0:3574618598,557b6f8c4645730e94a80dc2ec0ca907:1:1322274318,1.0
687,2,687,1,legacy,0.0003,0.0,3.9021845830257695,19.25963421467838,0.010434255003929138,0.0708984375,-0.005985255818814039,0.0021957299788482485,0.0029527158476412296,0.06716763973236084,237,49,226,0,0,0,0,0,0,512,5,0,512,3,0,275,0,0,237,5,0,,0.1696806789841503,a8665fd3504e96c0bc1dd75567b7985e:0:0,e921197b889671b10ff1530ceb12262f:0:0,78445dc8bb26317eb28ba0f22e2cfdb5:0:0,c7628563045a1923e4e3dfd8c425a28f:0:2908610623,6821a61536f69c5a5db61311c6cd3cb2:0:250100237,1.0
688,2,688,1,legacy,0.0003,0.0,3.686504596733937,17.883780701926266,0.005669961683452129,0.0642578125,-0.004775783745571971,0.0017825462971813976,-0.013786339201033115,0.06111963093280792,245,49,218,0,0,0,0,0,0,512,2,0,512,3,0,267,0,0,245,2,0,,0.1628828060347587,92035a27763accf4901fb1077db4b45e:0:0,63b70ac8d467ea83568ab702b22d4a5e:0:0,2a17b7c9f0a7c7c40be9c90d54a0f7e0:0:0,c909bdebdb592a9d7d897c6012ffae8f:0:811790953,2e15ad1f3da5b939b07dcbc8f7e751c9:0:504614156,1.0
689,2,689,1,legacy,0.0003,0.0,3.752516791716207,18.38401034954138,0.008035573177039623,0.049609375,-0.0014611038379371167,0.002028528624214232,0.0003690385492518544,0.06459978967905045,260,53,199,0,0,0,0,0,0,512,4,0,512,6,0,252,0,0,260,4,0,,0.16687360790092498,119bf2095f19f4f05560a8d9a5f1d05e:0:0,b140db95a9954c8d54d4c0b937ce5a83:0:0,752a3256337016bf0f58af83c8660a03:0:0,c71f58c70f4fe5b30a5b01f0b519ba8f:0:748412203,3e66b2830fadc050fc8d678715f525f0:0:3410068951,1.0
690,2,690,1,legacy,0.0003,0.0,3.7227207338067614,16.718650449120332,0.007116244174540043,0.0400390625,0.000452909991145134,0.001916421327041462,0.0029178056865930557,0.06213020160794258,271,50,191,0,0,0,0,0,0,512,2,0,512,9,0,241,0,0,271,2,0,,0.1660523220198229,338f16f02a166db1acc9db67e06eec5e:0:0,2fb77c544a32401835a5bff5de4937dd:0:0,5c2e5fe9e811ba2f8e7c111451419ee9:0:0,6d18e92cf8c1e380bee07816aa73c68f:0:1447338490,4db07851119e0638dc8b3f10f9d7e508:1:1013322279,1.0
691,2,691,1,legacy,0.0003,0.0,3.7932423486957,16.674333530027162,0.007925547659397125,0.0771484375,-0.005525710573419928,0.002071462169988081,0.006643705070018768,0.06518282741308212,257,47,208,0,0,0,0,0,0,512,4,0,512,8,0,255,0,0,257,4,0,,0.16881831700447947,30fa16a2808a86c8a5dea54e2d2c085e:0:0,b2b5343bee369734abba4fa66ebaf5e5:0:0,1484315fde7592865f74abfee78d5731:0:0,d0feb243f5baa6a2379d265df30dd28f:0:960618603,cf17c2ec7c8b7919f5c2f4199dafc61d:1:2799615012,1.0
692,2,692,1,legacy,0.0003,0.0,3.803759437868156,18.4082595746571,0.012260520830750465,0.096875,-0.009732235036790372,0.0020477815298363565,-0.0062903533689677715,0.06400488317012787,252,56,204,0,0,0,0,0,0,512,2,0,512,3,0,260,0,0,252,2,0,,0.16385391796939075,5ec9c2f4c525ec03dabca3288c29245e:0:0,8c812012fac256b71c2b07ba9bc4595f:0:0,f33f218d80f44d515317bbe77c7ddc82:0:0,ac2484350acd0b97860f94528ee7de8f:0:217089370,eff0b813281e11503c1f41f0aed33731:1:2113879152,1.0
693,2,693,1,legacy,0.0003,0.0,3.7265575196251004,17.233253309003736,0.0030526984483003616,0.1111328125,-0.014585689408704638,0.0020233744638971985,0.0020330471452325583,0.0636642724275589,277,49,186,0,0,0,0,0,0,512,1,0,512,3,0,235,0,0,277,1,0,,0.1700458419509232,c215d6fe7369335c8c1bb192fd66405e:0:0,39b4fe7cbccdea253615575458f54527:0:0,d0a2790a727e511b83b3d634d8f249da:0:0,9a111d4873b85c6a3cb189807e01ea8f:0:540468955,e8bf61cb47e0774da5a08af351508ddf:1:1207619077,1.0
694,2,694,1,legacy,0.0003,0.0,3.7737293458242176,18.374263793409604,0.0026897876523435116,0.03046875,-0.000504966638982296,0.0018159746832679957,0.0016208955785259604,0.06033729761838913,258,47,207,0,0,0,0,0,0,512,5,0,512,9,0,254,0,0,258,5,0,,0.16681185399647802,c96b52425b138d22bd4ded2980e35c5e:0:0,1d859f21655111a24b091e4bf85c27e1:0:0,c24bde9a07001c6125b7fa685a56757f:0:0,9e1e46a8163f07927af80d73c05bf68f:0:3081554402,84800a6c82d1d0bfaf5ad48d9013d806:1:2304836700,1.0
695,2,695,1,legacy,0.0003,0.0,3.7569268382032446,18.646200500522504,0.002520362613722682,0.0623046875,0.0013606602093204855,0.0026249673857819287,-0.0019554891623556614,0.07241128385066986,249,39,224,0,0,0,0,0,0,512,4,0,512,3,0,263,0,0,249,4,0,,0.16590313205961138,79d676efa31e9669503fb28816a0785e:0:0,7fada1d26efca2214b030910f9b30d6e:0:0,0d11600dcc6024a4676973e571f0e977:0:0,eab643b109bafa1bf95367b855f6028f:0:4182311511,2db567dd7e8849830a868759faf72795:1:3267683964,1.0
696,2,696,1,legacy,0.0003,0.0,3.800849674324727,20.33023047816127,0.010088466107845306,0.0875,-0.002188246883451939,0.001978170336224139,-0.0027118087746202946,0.06287038326263428,238,64,210,0,0,0,0,0,0,512,2,0,512,1,0,274,0,0,238,2,0,,0.1614609860116616,e4c42b0bbfe44db221779e4abe9d945e:0:0,9bf0ce8b078d997aa9250eca2c28a2e8:0:0,4268d801d86af83f70608df5cb57cd33:0:0,061d9608a5fb9d0b152f1fda3ed00e8f:0:161039593,2280aa54a6d6d40e1880ee6e7b06cce9:1:3879338052,1.0
697,2,697,1,legacy,0.0003,0.0,3.691019821298031,15.876276393440623,0.002672765403985977,0.03046875,-0.0005036131013184785,0.0018893038854002953,-0.002209874801337719,0.061562974005937576,275,46,191,0,0,0,0,0,0,512,2,0,512,3,0,237,0,0,275,2,0,,0.16171243996359408,2b74aaffc80b29da24168d0d78dab05e:0:0,0d16f884c5444943f33c3ce464ec038b:0:0,7f21414b001c3672bf962651a5a88445:0:0,e3b28ff4cbf97601dcf1fd657aea1a8f:0:1131581873,f36bf850319f6c10bad347f2bcc50ef1:1:2609642024,1.0
698,2,698,1,legacy,0.0003,0.0,3.9783159715372163,17.522271664235102,0.007069643121212721,0.04609375,-0.0016485418193042279,0.0021991794463247063,0.006553953513503075,0.06608489900827408,269,44,199,0,0,0,0,0,0,512,5,0,512,7,0,243,0,0,269,5,0,,0.16996884299442172,dff6c6add3d453457dd79b6c4557cc5e:0:0,b2d90af947a5af57a40ab510fd01c86d:0:0,2b6f53a0daf78e6231d6c5d32305e495:0:0,50b6b1c25aeb6b251bfe07e60a44268f:0:4107969716,35a74a42be0bd5c9ec5a005f02e4dc5d:0:1286000618,1.0
699,2,699,1,legacy,0.0003,0.0,3.7258999290682295,19.24612962816279,0.010829763486981392,0.0810546875,-0.00308548416942358,0.0020594431494828313,0.0035163878928869963,0.06466269493103027,239,57,216,0,0,0,0,0,0,512,4,0,512,2,0,273,0,0,239,4,0,,0.16918438393622637,6cbb48dd5267ff4ba31026032414e85e:0:0,5b76a04312c35240164f070b118707e5:0:0,65784866a384dbbc4a89cdc2a21e1c2a:0:0,1c505e500449aa4166b086e7ecde328f:0:2633351601,01595292d1b4f153af9b19a54bdbe732:1:2931968823,1.0
700,2,700,1,legacy,0.0003,0.0,3.6758117900483467,19.495293888429323,0.009033082984387875,0.091796875,-0.002146667381748557,0.002647638786584139,-0.00715499185025692,0.07396294921636581,248,62,202,0,0,0,0,0,0,512,3,0,512,5,0,264,0,0,248,3,0,,0.1626815360505134,8503ab7780bbede372afc96e1512045e:0:0,b74afd246daf044277cca55da012cfd2:0:0,1b32352a6f69063b459812b5bb762079:0:0,9ebe0e1ef14a3330266201f722b83e8f:0:3550995483,f4cc67e7dfb7955cadedfe0eceb259b4:1:3373059912,1.0
701,2,701,1,legacy,0.0003,0.0,3.8487474425178316,17.892718518076634,0.004218569956719875,0.0390625,-0.0013105383841320872,0.0023819591151550412,-0.014818488620221615,0.07082867622375488,252,44,216,0,0,0,0,0,0,512,3,0,512,7,0,260,0,0,252,3,0,,0.16614202491473407,abfdd9b76db0098f52406249184f205e:0:0,e748f1f1272270149b3b956706bde190:0:0,f0a6038fe24d89058cdf6dfa9237c05f:0:0,a6eecf95ec63057ca566409fabd24a8f:0:2233718951,4b7c58bcb7c9cdd013227275341c874e:0:1386714647,1.0
702,2,702,1,legacy,0.0003,0.0,3.8072628101353123,17.57690329299253,0.00795014388859272,0.03671875,-0.0016895560547709465,0.00201754288864322,0.006611556746065617,0.06467728316783905,249,54,209,0,0,0,0,0,0,512,2,0,512,3,0,263,0,0,249,2,0,,0.1699026960413903,d0887c1b36fd298949e60d302dcc3c5e:0:0,5c65cab4944375777e63952526cbaf3c:0:0,da37e9d67ea2f24a142aa342c165b82c:0:0,531e966f015df1491b0c4a6d882c568f:0:444359809,cc6eaa8d1ccdd594e85e8e6fae49bfe3:1:77354576,1.0
703,2,703,1,legacy,0.0003,0.0,3.801354048311652,17.336656395203562,0.011438291519880295,0.077734375,-0.0038938872516155244,0.002112012472935021,-0.0007210287149064243,0.06580723822116852,271,47,194,0,0,0,0,0,0,512,3,0,512,6,0,241,0,0,271,3,0,,0.17205032403580844,02a0208e6a91f62f205f26bf5589585e:0:0,5e459e9f7d72e67aecc8d77c849b9d1d:0:0,705e4ea2d14bf0a7ae852bef8b58f36b:0:0,e3ef9b92c68a0b73b79e66ecb7c6628f:0:1912438385,435144c6066e1af1b55f739a103a0fea:1:354153998,1.0
704,2,704,1,legacy,0.0003,0.0,3.748085555914985,18.632026594852835,0.003012988716363907,0.091015625,-0.01089564715512097,0.0022522657352965327,0.0020340592600405216,0.06845571845769882,244,46,222,0,0,0,0,0,0,512,3,0,512,2,0,268,0,0,244,3,0,,0.17462249903474003,979583efb7f9efae77044b928f86745e:0:0,4518ca1b2a1afd3c0ec915b79be79fb0:0:0,1a97f13f67f7597c959be1fea98536cb:0:0,2504d9efc196c4fbb0621da93aa06e8f:0:977974114,fbaa482597d759a1a5af5d8f10b842a2:0:2014598826,1.0
705,2,705,1,legacy,0.0003,0.0,3.9708264456127047,17.99058917253784,0.002507149940356612,0.086328125,-0.004614186007529497,0.0018552676308900117,-0.012751175090670586,0.06253921240568161,263,48,201,0,0,0,0,0,0,512,3,0,512,3,0,249,0,0,263,3,0,,0.17654718889389187,dda850be5d6a96f0e5c85845dbc3905e:0:0,27b66d9976c419442c4b6bf47344ed73:0:0,ed9012f6a494a265b6087061a014f0d3:0:0,859c8c279aa4a5a64b98362f10ba7a8f:0:1158639508,f9df9b00bf14c7811f699fb0a43752bd:1:2597851840,1.0
706,2,706,1,legacy,0.0003,0.0,3.851858639487713,17.25824562320919,0.004350267816334963,0.1037109375,-0.007806787034496665,0.0016128835326526315,0.009136495180428028,0.056914251297712326,250,54,208,0,0,0,0,0,0,512,4,0,512,2,0,262,0,0,250,4,0,,0.17443340609315783,f8b7d165fc12b8c8173869753a40ac5e:0:0,d39b8688b57fc73670d8780638483e84:0:0,87ad1d82db9beaa4e6e540c7fee28b4b:0:0,625472371017a9e3ec7cb80a3a14868f:0:53439630,3acc54382d55e9f57eecf3c85d2c919e:0:3786215554,1.0
707,2,707,1,legacy,0.0003,0.0,3.795605481230446,17.531282051197692,0.0037842942401766777,0.0466796875,-0.0007249757181853056,0.001968018792103976,0.001161231892183423,0.06287932395935059,271,52,189,0,0,0,0,0,0,512,2,0,512,4,0,241,0,0,271,2,0,,0.17434707598295063,daac5b49bf47db59e47bdbbcaafdc85e:0:0,dec6924a3fe906b10586e5daa69a6176:0:0,e0ccf7912b4f96c10c2f244924c2a4ff:0:0,425c9588ddb743f51f46eac6b6ae928f:0:3514457370,8ab8e0043c2680177cabd6c7cf98edf0:0:4243561337,1.0
708,2,708,1,legacy,0.0003,0.0,3.7351736953949173,17.488751058040087,0.00548925856128335,0.073046875,-0.006305735558271408,0.0021430895663797855,-0.0042040967382490635,0.06615794450044632,268,47,197,0,0,0,0,0,0,512,1,0,512,2,0,244,0,0,268,1,0,,0.16978610202204436,b5489a5a022dcdcc71544bb82dfae45e:0:0,ba53d2a74c059c02c48fdf034426d082:0:0,27a1762ff43bcdb8bc4f5b3ed6cbebc2:0:0,d9283d2f09a8004fa52955f086889e8f:0:94600764,a40d45ad0e6b5b898b6a99bb9d153dcb:0:189382451,1.0
709,2,709,1,legacy,0.0003,0.0,3.8999096609971495,17.200357892633235,0.0022927233949303627,0.101171875,-0.002119174040853977,0.001955812197411433,0.003076561726629734,0.06250227242708206,258,48,206,0,0,0,0,0,0,512,1,0,512,3,0,254,0,0,258,1,0,,0.1714853730518371,f27963a9df745a32481d9603c338005e:0:0,4828fa4bb1a808fa2e9cae77f831d844:0:0,c7d4132480b006e8fe99de509dc7aa0b:0:0,6d67cb4949cacd438051c113a9a2aa8f:0:218954141,788011f3de5e9b24e281e992490473f7:0:1567335246,1.0
710,2,710,1,legacy,0.0003,0.0,3.822003342534647,16.788333246531593,0.01292064692825079,0.0791015625,-0.0027605063281953336,0.0017086170963011682,0.001741602085530758,0.059681084007024765,275,52,185,0,0,0,0,0,0,512,8,0,512,2,0,237,0,0,275,8,0,,0.1755403900751844,e63d502456c719b675cdd73b6ab51c5e:0:0,a940c16354f2aaaf2c9ecbdf499004dd:0:0,77a4ec07786fb2ad02bdcaf15ad55941:0:0,ca014fea740de5dfffe933bc1ffcb68f:0:521509628,ac45710d17ed91673cd5d669c7dab565:1:3969517284,1.0
711,2,711,1,legacy,0.0003,0.0,3.8445492347882464,17.309363215349816,0.006272590719163418,0.01953125,-0.00012841202551499008,0.0018325818004086615,-0.0008337088511325419,0.060632430016994476,257,47,208,0,0,0,0,0,0,512,4,0,512,2,0,255,0,0,257,4,0,,0.17533839400857687,3c1b172af38b6b08a5f56bfb2472385e:0:0,4a6f726675548d802d4cd1ce5b0cb221:0:0,e2460cf107c8fe42a2ffd5d1fd55ba67:0:0,0918bd1a2c3b6018cc13f575e996c28f:0:4047688219,6dbdef39ca679c631190d4f78a61d9e2:0:13152303,1.0
712,2,712,1,legacy,0.0003,0.0,3.8476836125671223,17.39760013561216,0.002516898326575756,0.035546875,-0.000580477062612772,0.0019606438057962806,-0.003543007653206587,0.062427014112472534,265,44,203,0,0,0,0,0,0,512,3,0,512,4,0,247,0,0,265,3,0,,0.17992727691307664,cc16739220888b093ebef0def06f545e:0:0,32c0aa9b05f88b5f340b490798c508ec:0:0,5af698b42cf0ea2e4bf7ec6874d7035f:0:0,4f43d2db41d15e2af1f18dcd0670ce8f:0:840218582,552c16d22d81b00a1317f5d0befff9b7:1:4065192497,1.0
713,2,713,1,legacy,0.0003,0.0,3.758412074078949,18.62386985632023,0.016561441123485565,0.072265625,-0.00381021024659276,0.002222044242080301,-0.010527439415454865,0.06714074313640594,240,56,216,0,0,0,0,0,0,512,1,0,512,3,0,272,0,0,240,1,0,,0.16841737902723253,3a674c199415cfb57cef4282ceac705e:0:0,684c1f773b6a7876c4fb79ced4acc083:0:0,0b5d3c3bc065db3f830e17cf95f3b0f1:0:0,e101116a706fe341ef9cc44d768ada8f:0:2647992070,20b8226dadf359e02f2946d4389517cf:1:789549412,1.0
714,2,714,1,legacy,0.0003,0.0,3.7701812658400597,17.498971654709862,0.00137862388510257,0.0958984375,-0.003053329465910792,0.001848207536386326,0.011041883379220963,0.060675688087940216,260,49,203,0,0,0,0,0,0,512,7,0,512,5,0,252,0,0,260,7,0,,0.13702487293630838,bc25e329806b05538fe57d82bf298c5e:0:0,26b6cc187a6ec8fd5005195c5c8163cb:0:0,ec4bd726d9a54eb6ae6b5e5e2c77f75d:0:0,d1b4433475684b5cc02ba08339e4e68f:0:4265309384,5a588af84de16fc28646a2069aa55814:1:283073392,1.0
715,2,715,1,legacy,0.0003,0.0,3.7615129547890866,18.820429916745553,0.0061981650069355965,0.1015625,-0.0014666497008875012,0.002064856991637498,-0.009403228759765625,0.06470104306936264,244,52,216,0,0,0,0,0,0,512,3,0,512,2,0,268,0,0,244,3,0,,0.10421031201258302,c3e8f84773aeeddeb59afe7ac1e6a85e:0:0,929758ca5cc88d2c1141c8dc9c3e7f3f:0:0,c759afa6d2727345f421c0d95de2cf9d:0:0,d5067f4dacfa6672e7af69fa507ef28f:0:1219870692,4179021084cf9ab39c58f24eb9ab559e:0:3475889441,1.0
716,2,716,1,legacy,0.0003,0.0,3.8124369487042493,15.319196126890189,0.007384833414107561,0.0763671875,-0.0001595145557075739,0.0013518912775907666,0.008983558975160122,0.052613046020269394,281,36,195,0,0,0,0,0,0,512,3,0,512,2,0,231,0,0,281,3,0,,0.10301485704258084,66380860135fe2b356a36206d6e3c45e:0:0,6ec02109d94a9e6d07d0686ebc8b6881:0:0,2220ff17959701504493bd2d9922d2c1:0:0,6cd2e080a9cb36d97f34a83eba58fe8f:0:1920535234,cab8a2414a2f268e6cb9ed81270c4709:0:1408244552,1.0
717,2,717,1,legacy,0.0003,0.0,3.7461727685665345,19.53148172267134,0.005055631510913372,0.0447265625,-0.003441182291135192,0.0020690752542577686,-0.0019158379873260856,0.06414157897233963,238,62,212,0,0,0,0,0,0,512,5,0,512,3,0,274,0,0,238,5,0,,0.10735967196524143,28f438ad1eb2987b222c84c2fe20e05e:0:0,43e4118c2614aa16b2a4faa3e5c4caab:0:0,a3963a0221651d94df384807fbad24ba:0:0,ba049454792152e840c322dc77730a8f:0:3659544905,1c814927926423b3e567e1bbc4172495:0:1307823441,1.0
718,2,718,1,legacy,0.0003,0.0,3.807417982978173,18.87952390105614,0.014590890146791935,0.0931640625,-0.002491762745194137,0.00182561234687455,-0.0015138669405132532,0.06085216626524925,262,56,194,0,0,0,0,0,0,512,4,0,512,0,0,250,0,0,262,4,0,,0.1072911280207336,dcb5f2a96383055929fe834b379dfc5e:0:0,b2f2b2631db3cf22038e91811f1be470:0:0,deb9205cb5b3a195ee961c7f1e28f5b8:0:0,913658b68672e9de935de15f87cd168f:0:2417754101,1b6dd1853badba61f17eafd5e18beef9:0:1671974393,1.0
719,2,719,1,legacy,0.0003,0.0,3.765825517432125,16.54712665449638,0.005074205808341503,0.03984375,-0.00044626761227846147,0.0019358573656063527,0.0032214345410466194,0.06217478588223457,259,41,212,0,0,0,0,0,0,512,4,0,512,0,0,253,0,0,259,4,0,,0.10581285902298987,45d3ce2e91736955fe7bba3b835b185e:0:0,d92296c8662679e2a39589a3f74b1bd7:0:0,c5b7a21a6fc95d36474bcc21f9da4f99:0:0,0fbefe3f50d16c0897032b53eb67228f:0:4078418605,fc95ecb0f431c86f68522dd3dd3d987b:1:697270982,1.0
720,2,720,1,legacy,0.0003,0.0,3.7190194508916967,19.23966282453977,0.006206153891980648,0.06328125,-0.0037797535303980114,0.0019505682459566743,-0.000738107948563993,0.062408462166786194,253,57,202,0,0,0,0,0,0,512,3,0,512,1,0,259,0,0,253,3,0,,0.1050667850067839,ee99198316d5790bcaa0c62fe158345e:0:0,a9699d2987569952fe3ebda58b357828:0:0,9cca7e271e1df35d756cad9c16e44862:0:0,be62105464bed62430ac8845a2412e8f:0:807636479,6e56eb6d373972a4a8ceace912bfd206:0:2966688856,1.0
721,2,721,1,legacy,0.0003,0.0,3.826656358577015,17.96609906761195,0.007520016748458147,0.067578125,-0.003105537686496973,0.0020926670636981725,-0.002944969106465578,0.0652887225151062,252,49,211,0,0,0,0,0,0,512,4,0,512,4,0,260,0,0,252,4,0,,0.11054411099757999,af5f1dc872f9aa92700483c45195505e:0:0,4b2fb50919135541e80f09d46e6be92a:0:0,3eaf38ee02886c04dfaba02a406dd911:0:0,47575bb54cf8a006164ebfc0ac5b3a8f:0:3443828876,edaf12393952ec3d4d89c969d9c252b8:0:81488412,1.0
722,2,722,1,legacy,0.0003,0.0,3.871092754498257,15.031954781592248,0.002679049037396908,0.0220703125,-0.0009359687101095915,0.0014381922577740625,-0.0012304696720093489,0.05391450226306915,278,46,188,0,0,0,0,0,0,512,4,0,512,2,0,234,0,0,278,4,0,,0.10776276898104697,7e0428e4a980a4aba2d80f94d4126c5e:0:0,b4d64a3983c6a65753888aaa3883dcac:0:0,95a65226241eb7f298eb6e61f5273d51:0:0,d907af4c6cc44e7edad9d95109b5468f:0:2044229013,df59d803674bd35d105aee5786bae0fc:0:107784643,1.0
723,2,723,1,legacy,0.0003,0.0,3.7378004691895623,16.7023264361452,0.0034035402350127697,0.03984375,-0.00020131096243858337,0.0017237265303265304,-0.001857271883636713,0.0601007416844368,278,53,181,0,0,0,0,0,0,512,1,0,512,5,0,234,0,0,278,1,0,,0.11340759508311749,1ede6cabc24ad02f05e6c63d68cf885e:0:0,f09c5ccf611a17312cec1900ff7fe5e8:0:0,3560856caed0d777ae492602f5347b55:0:0,70f8e267f649a87ffa391c82ba4f528f:0:3228544776,35122d201403ab3af0cca5031d5f057b:1:1913532148,1.0
724,2,724,1,legacy,0.0003,0.0,3.657102813581819,17.76424257026148,0.0036664283834397793,0.06796875,-0.009719678340479732,0.0023402430699206887,0.007978565990924835,0.0689023807644844,264,59,189,0,0,0,0,0,0,512,5,0,512,5,0,248,0,0,264,5,0,,0.10782668797764927,9006e5b881a20bb64696445a0fcca45e:0:0,a05201e040b90aa59b33059fe0023528:0:0,8243146e90e3e273c6decbee15439d43:0:0,6e2ee6ca6f868f80e55310e1be295e8f:0:905585137,6092a25906bf32a92e664f6832f8781b:0:1196077646,1.0
725,2,725,1,legacy,0.0003,0.0,3.6987185765689614,18.07853706155653,0.002055312041193247,0.04140625,-0.0021312663331627844,0.0022636228357441725,-0.00489285821095109,0.0676165223121643,259,47,206,0,0,0,0,0,0,512,4,0,512,5,0,253,0,0,259,4,0,,0.11224184208549559,aef1bb0dc439818938e66686c909c05e:0:0,73629334bce4cae68e372cb2ddc07e6c:0:0,f7e5bcbd303e85538fb83762aee31d18:0:0,e303744d78687b240e097dfa15436a8f:0:168408941,df4c6de7df44a25217b8a0ec9d92021d:1:3919189637,1.0
726,2,726,1,legacy,0.0003,0.0,3.7566427125374577,16.790152998643237,0.02351607009768486,0.064453125,0.00012374313082545995,0.0017600781458895654,0.003316368442028761,0.05971774086356163,251,50,211,0,0,0,0,0,0,512,1,0,512,4,0,261,0,0,251,1,0,,0.10488001198973507,d9fde2442a9f9fc9f371495f9486dc5e:0:0,ce8f0790367570c934f70f291bd64b1d:0:0,ccc1aec6a7cc8d1f557c6fab22fdcc05:0:0,1f61af1cc497981bf3396b57bf9d768f:0:702067080,287bbb73bc2fbb0fc91220f6176773aa:0:695753318,1.0
727,2,727,1,legacy,0.0003,0.0,3.7808944325940335,18.169279754231262,0.003980332054197788,0.0681640625,0.003567878296598792,0.0019989001913927494,0.005076491739600897,0.064189113676548,252,58,202,0,0,0,0,0,0,512,2,0,512,3,0,260,0,0,252,2,0,,0.10708180500660092,5e354ab1ffbe32e0eb6b49807243f85e:0:0,273a7e442ae94a9395248f10a842206f:0:0,2a3ec97733b05389b8feef18e464f798:0:0,c8af08da7b7f8a502cbb2086bd37828f:0:169292178,e67c67cb7445a3d4b9a1ef431f2cf7e1:1:4005839925,1.0
728,2,728,1,legacy,0.0003,0.0,3.735811673278409,18.22094406021273,0.008351529948413372,0.0376953125,-0.0020690446021035314,0.0017868674651253969,-0.013621429912745953,0.060135044157505035,261,56,195,0,0,0,0,0,0,512,1,0,512,2,0,251,0,0,261,1,0,,0.11558490095194429,8f2164a58604a22910a303856241145e:0:0,90931335c2b2fdbc5dd55130056dc490:0:0,884707699e5e79cb52bf0c1b73fbe00f:0:0,7fb688497121d242776225130e118e8f:0:4267751834,b84aa2476e1d78542124c43cfaf7b00b:0:2582533035,1.0
729,2,729,1,legacy,0.0003,0.0,3.7455150436561286,15.66732703041125,0.004043073859065771,0.04453125,-0.0017135346308350563,0.001576178113464266,0.012604350224137306,0.05623050034046173,280,41,191,0,0,0,0,0,0,512,1,0,512,4,0,232,0,0,280,1,0,,0.14325332699809223,a59d887416d84edbe981540a647e305e:0:0,8954d98a9f8b443f16f712880b8b5d08:0:0,1c5671d7a5fa34f18c26665fdc41dc39:0:0,81e79a64ea3dd5b3c0fd4088b22b9a8f:0:1477857084,df2e77ddf7d5b07a47b5c6b53de136f1:0:929223060,1.0
730,2,730,1,legacy,0.0003,0.0,3.740785297046455,18.397383959858416,0.018300767987966537,0.0919921875,0.0012082193046808244,0.0018049215257633477,-0.00046888645738363266,0.060134176164865494,243,53,216,0,0,0,0,0,0,512,5,0,512,2,0,269,0,0,243,5,0,,0.1346006760140881,25318bcabfe7153daf0957ab78fb4c5e:0:0,dcb0f83e1c041fa20761450f79e1504c:0:0,1787600a0f0938ae16b51f5e21b2cac3:0:0,d5659318de5a8b8934567a73a985a68f:0:2672516030,b707718acec505ce23d7bf0967c70934:0:1948076048,1.0
731,2,731,1,legacy,0.0003,0.0,3.7317762480118644,17.512970166991003,0.0033822294790297747,0.048828125,-0.007198102027177811,0.0022021819720976056,-0.0022779684513807297,0.06615003943443298,253,50,209,0,0,0,0,0,0,512,6,0,512,4,0,259,0,0,253,6,0,,0.13633750192821026,bffaba5749f7f00968d86b049fb8685e:0:0,8c844e26922a84445b08258389fa6522:0:0,f5e1fad881f49cce24ca89da53267073:0:0,5a011318ea3dcaf145331a5ff41fb28f:0:2313287804,1dd5d48761ef8264a5e46884b67de342:0:1299211128,1.0
732,2,732,1,legacy,0.0003,0.0,3.7037018870378273,15.73636996962755,0.009799904190003872,0.062890625,-0.0020058272406458856,0.0015702584467362612,0.009537052363157272,0.0564359612762928,270,37,205,0,0,0,0,0,0,512,3,0,512,2,0,242,0,0,270,3,0,,0.13594601303339005,b1c0698ad4d5be1d09262ab1d8b5845e:0:0,47c2c13f1e8edcdffcb0c385296d658a:0:0,0fbb0a69484049cd00ff71fd6c147ed9:0:0,7f80a39f655d3dc8bc53a7d991f9be8f:0:3913877135,71d5d895384110e97249f6ac28bbb750:0:262830992,1.0
733,2,733,1,legacy,0.0003,0.0,3.7599088671175633,18.801364345340787,0.004285876173526049,0.03046875,0.0006082690320909024,0.0017625033913645893,-0.006039954721927643,0.05927747115492821,258,59,195,0,0,0,0,0,0,512,5,0,512,2,0,254,0,0,258,5,0,,0.14118677109945565,85c37de173f02a6588c4734f23f2a05e:0:0,bd1b83b3c16331b39fd88cfa1b1c9a08:0:0,3ab9d5542666fb20b94c8b1e00690e86:0:0,56da00294cd4f63fc373ea6c8313ca8f:0:971343021,cd84cc992b9c9a601a435a6ab1fe4698:1:4074664780,1.0
734,2,734,1,legacy,0.0003,0.0,3.7902092892108117,16.14227189266957,0.005336050875484943,0.06015625,-0.007268769829533994,0.0017085394531022758,-0.003956833854317665,0.05886095389723778,276,38,198,0,0,0,0,0,0,512,8,0,512,3,0,236,0,0,276,8,0,,0.13998048496432602,626572c4774eb60b031f6178816fbc5e:0:0,a6a99ad4f0fa0117358b480e29ee275a:0:0,db41e39ec1923da67693044bbeba5ba8:0:0,2b69b98ef66fa7bef14ae9a4c76dd68f:0:1282836692,ca3745025e39b4c599b20035b273fb6e:0:1364065042,1.0
735,2,735,1,legacy,0.0003,0.0,3.684458260225292,17.923059010504637,0.007809809874743223,0.105078125,0.004391938541084528,0.0018766422406770289,0.011721012182533741,0.06165025010704994,247,49,216,0,0,0,0,0,0,512,3,0,512,4,0,265,0,0,247,3,0,,0.13568272697739303,7c2bccc74c71e4dcd23d51c9f12cd85e:0:0,a40b1a02cfd1d9c00151675b5fcb7fb5:0:0,9d69b41c438a2b3ec62c7455351d68da:0:0,be131d24be4c830c558aed0e5f07e28f:0:3763716758,5c5406c6509d7f8cea83804c3cb81dac:1:1254375789,1.0
736,2,736,1,legacy,0.0003,0.0,3.7389530732379015,17.90127776768309,0.010604489594697952,0.0734375,-0.0020975593011826276,0.0018108973104972391,-0.008162158541381359,0.06082577630877495,254,52,206,0,0,0,0,0,0,512,5,0,512,3,0,258,0,0,254,5,0,,0.10934780002571642,692850a922be8bfdaabee0df7329f45e:0:0,03a4d9ab7bcb70285e8dcb3382a78630:0:0,0c79e4d46e86736fabe008cffa8d54ae:0:0,91be95da21aeb5b084e17c3549e1ee8f:0:4135908787,f53fe432b42d26b3baf1363a6efbfdf5:1:2121699398,1.0
737,2,737,1,legacy,0.0003,0.0,3.7189848084134876,17.67655474903531,0.0035439711064100266,0.0810546875,-3.756452351808548e-05,0.0016385308466851712,0.005130200181156397,0.057246990501880646,248,51,213,0,0,0,0,0,0,512,1,0,512,3,0,264,0,0,248,1,0,,0.10719270899426192,e8ace82fbf0f42cfb7deeb550767105e:0:0,63dffd984c152bcae713f649e09a49c4:0:0,c53c207e75f34f38fcbb22b1248be729:0:0,6a291498f9828c9ba4f75ea587fbfa8f:0:2656929075,a8ef52973f8f615055e7ae03c2fadb0f:1:624909678,1.0
738,2,738,1,legacy,0.0003,0.0,3.788667744440687,16.825277563841556,0.003380370792001486,0.0828125,-0.0020255917217582462,0.0019639560545329005,-0.001152360113337636,0.06270120292901993,275,44,193,0,0,0,0,0,0,512,4,0,512,1,0,237,0,0,275,4,0,,0.134349653031677,83abc89a2a07f620b7728dc6ade42c5e:0:0,f870202333b29cafb1db0da977a40319:0:0,36cfcbe49192e50fc4ed33a7704c3c81:0:0,1ea37071c7243a0a78709beb1956068f:0:181250007,d805114b97d3687ca70f9fa41c6d8db0:0:708558382,1.0
739,2,739,1,legacy,0.0003,0.0,3.6825415535069776,16.703422200263283,0.01105585042387247,0.0822265625,-0.0064865001011639835,0.0016974964353721588,0.0021822431590408087,0.05840002000331879,252,43,217,0,0,0,0,0,0,512,2,0,512,3,0,260,0,0,252,2,0,,0.13622553192544729,6279351424c79d9615e924d066a1485e:0:0,7c9fd0118a4fbf5ba42983f5972cf558:0:0,55b42d6b75c8f9b188a29c6382bc7f55:0:0,257d1e6d45f43eab6aec7b91fdf0128f:0:304597170,bf9eb39be76c30246a11cbb32af9aeac:0:4031879979,1.0
740,2,740,1,legacy,0.0003,0.0,3.825790482024213,17.793157881769318,0.01317230612039566,0.070703125,-0.0033051153179258106,0.0020242554950527848,-0.0014146458124741912,0.06366005539894104,249,37,226,0,0,0,0,0,0,512,1,0,512,3,0,263,0,0,249,1,0,,0.13442303193733096,07141a3d8f9413590a4c4d0e319e645e:0:0,6b7c7e03314abc319f3b394abaa4abbb:0:0,fb7ce57a6996250b20990b866db9011a:0:0,b5a21c26b44576039d05852635ca1e8f:0:3355708539,038c48b1c92982d6ec137dff859f3044:1:4020188494,1.0
741,2,741,1,legacy,0.0003,0.0,3.7268377985853376,17.70631837279042,0.014933446422219276,0.09375,-0.004069686308503151,0.0018974854261614381,0.01260034553706646,0.063902348279953,253,60,199,0,0,0,0,0,0,512,3,0,512,1,0,259,0,0,253,3,0,,0.13544990797527134,79e5be832e1c0e02b23fe31c0edb805e:0:0,7b3fb30e33ee34a88dcff9a22c992e1f:0:0,ab0d4e78bd2302c30630754097f1f02d:0:0,fdb06f9d8630c613f0518033c0e42a8f:0:465821532,5531085b7746d7b0bdd45bc7658e0c19:0:1188908871,1.0
742,2,742,1,legacy,0.0003,0.0,3.8125868845363033,17.61315343966978,0.010549992322921753,0.058203125,1.8264446407556533e-05,0.0020560465927701443,-0.008311549201607704,0.06426378339529037,265,50,197,0,0,0,0,0,0,512,3,0,512,6,0,247,0,0,265,3,0,,0.14183544693514705,144eddb074eb3cc82e020395fe589c5e:0:0,982c67d6646f1f8aac18f94f685badc7:0:0,52ae9c84fa290254be8710345bb6b08e:0:0,adb631f874da723e136174469f3e368f:0:3084745864,25f20a96e05d04648a6b6ae6d6393856:1:425184432,1.0
743,2,743,1,legacy,0.0003,0.0,3.798478958136688,16.918642755311897,0.0034904852509498596,0.0623046875,0.0025588887743651866,0.001745943824062124,0.0026517559308558702,0.059110499918460846,259,40,213,0,0,0,0,0,0,512,2,0,512,0,0,253,0,0,259,2,0,,0.14491354196798056,a299bccc4bac85e6bc6b0b180015b85e:0:0,ff297efaca95199ba1139939cab66422:0:0,82a58ba6dc896f2d893cef7f5e671320:0:0,de25ba3f1cb511698dc1a8ead0d8428f:0:3357911960,4fec143120a59140faf70cd2d789714a:0:2617333411,1.0
744,2,744,1,legacy,0.0003,0.0,3.5861844762999264,17.275113842781884,0.012060661800205708,0.0796875,0.0026651042979210617,0.001769413670990616,0.0045322235673666,0.05936950445175171,259,56,197,0,0,0,0,0,0,512,6,0,512,0,0,253,0,0,259,6,0,,0.1389878389891237,484515fcefd6674fd6ed963e1412d45e:0:0,8363c159a899cf2fb91dd5c0bf13da58:0:0,46409494ef0cba97021d41ff08ee6cef:0:0,2e9a285a9d4e2768cbf9a5ac55b24e8f:0:1023192177,67bcf119f06796d85d39b19eaab8969e:1:1870668573,1.0
745,2,745,1,legacy,0.0003,0.0,3.731642197709201,16.618388267318164,0.0037246528081595898,0.1328125,0.005183693347498774,0.0016992909600958227,0.0030675665475428104,0.05862725153565407,260,39,213,0,0,0,0,0,0,512,4,0,512,1,0,252,0,0,260,4,0,,0.12365685193799436,98532ad9635d79954d9681a43a4ff05e:0:0,d1a3c3e537fff63a5e4c8914b623e1ab:0:0,882bf7453251ecbe7fc6c2fae838f75d:0:0,bd0347f8ed30619e2b8c32172dcc5a8f:0:3957293560,a94b3b0e0e7dfafca47e5a026137dc71:1:1125896841,1.0
746,2,746,1,legacy,0.0003,0.0,3.735755860671671,16.572833653435737,0.007820777595043182,0.0623046875,-0.0026664680801331995,0.0016314439417328686,0.0005123827140778303,0.057467326521873474,263,50,199,0,0,0,0,0,0,512,3,0,512,0,0,249,0,0,263,3,0,,0.10551237198524177,e19ad63913091515630ce9e672cd0c5e:0:0,77e1dcf3a86213af0d5fad37caf20dce:0:0,82a6838d620e67bd9053a0a3543b4e3a:0:0,44fc8639d46776e106f755b75926668f:0:2285314309,a874b6dfdd8247a35da4cadb72e32c52:1:19650650,1.0
747,2,747,1,legacy,0.0003,0.0,3.77337566956889,17.670061544049688,0.007173987105488777,0.062109375,0.0005693964660167695,0.0016653706785291432,-0.007384873926639557,0.05757150799036026,247,52,213,0,0,0,0,0,0,512,1,0,512,2,0,265,0,0,247,1,0,,0.1269980900688097,f7461d3ca0061966e8922ba0bd8a285e:0:0,0e2bca083611f4b6b71d818bc13a6c4c:0:0,14e08c1ba35dd9278c77c931c73957d6:0:0,42af8457c031aaa2c1b45818d7c0728f:0:3626861339,e38c9db213ab4d473b3915a09af5d0fb:1:3045593737,1.0
748,2,748,1,legacy,0.0003,0.0,3.7231112143675236,17.71148454852576,0.004438764415681362,0.031640625,-0.0031851349398493768,0.0018358834320679307,0.005582378711551428,0.06123492866754532,257,54,201,0,0,0,0,0,0,512,3,0,512,1,0,255,0,0,257,3,0,,0.14159084495622665,f1f281f4f853d7055a01e36f1a87445e:0:0,51a54dd35e32885be37d3b069ade544a:0:0,f0b56fdf3ed2b5619e563409d39314f9:0:0,4fefacc9e26af353d437c0c7a99a7e8f:0:297505659,f71bf746e43f4f7d5401c8edf82a9dc4:0:416415064,1.0
749,2,749,1,legacy,0.0003,0.0,3.8587782412005,17.180854102797014,0.006446008570492268,0.1212890625,-0.008829486323520541,0.0017434141773264855,-0.001537801930680871,0.061224013566970825,255,51,206,0,0,0,0,0,0,512,3,0,512,3,0,257,0,0,255,3,0,,0.13758778292685747,b88b38b829a71b3cf9d1eded89c4605e:0:0,df4e5cc8b11a289a4d15da46d53ca2f8:0:0,eb65448ce0bd3a6e11c2f57e697861c5:0:0,107917a84f3dc408d7f1574fceb48a8f:0:2088272910,345fc257d75c7d10a19154f22830deca:1:517254772,1.0
750,2,750,1,legacy,0.0003,0.0,3.7691133145059794,16.672331083447812,0.003149513155221939,0.066796875,-0.0015056828502565621,0.0015477998997084797,0.00021984538761898875,0.0569656640291214,253,42,217,0,0,0,0,0,0,512,3,0,512,1,0,259,0,0,253,3,0,,0.1399021130055189,c3345bdd9a5f5e56ed1267b80b417c5e:0:0,0ec02f8a552b68805965edf1380e2e0c:0:0,4013e22ddd37f74141afb9292aac29e2:0:0,d6a9fe660ba5795f934c233d470e968f:0:787143269,4dd6299fffe08cf20a6e960eff501948:0:314001655,1.0
751,2,751,1,legacy,0.0003,0.0,3.669496825572036,17.07003303192345,0.004156715236604214,0.0412109375,-0.0005715081002563238,0.00206835747230798,0.008138765580952168,0.06501686573028564,251,47,214,0,0,0,0,0,0,512,5,0,512,1,0,261,0,0,251,5,0,,0.14419759693555534,b0b85045942a1405576dad6a9efe985e:0:0,8bac978dfc3d49d6c4ca96a593b6641b:0:0,98c5d303c8cb4451b4563bb44196899c:0:0,a7eafe403f4e69a405ae6c1c12a8a28f:0:773256037,e43c02ceefe58158c5a50f49f19b7943:1:3431383951,1.0
752,2,752,1,legacy,0.0003,0.0,3.715438997354659,17.845882430968185,0.003638793248683214,0.0455078125,-0.006661722576245666,0.001875049783848226,-0.00786220096051693,0.061176855117082596,251,51,210,0,0,0,0,0,0,512,5,0,512,1,0,261,0,0,251,5,0,,0.14250751107465476,221dbfba4bf01e0f77285ba144fbb45e:0:0,4aed4e10a0234cb084092c5d955b3e56:0:0,d110fa417971b95835e5ec145695e295:0:0,6287740cfc5f98357379b9783182ae8f:0:3711351313,dca7f868d20488edd8f5cd4a9a8a0a8f:1:2758427793,1.0
753,2,753,1,legacy,0.0003,0.0,3.7910761965557565,16.998170764889032,0.007014128845185041,0.0521484375,0.00011008437722921371,0.0016135560523252933,-0.0025126400869339705,0.05716196820139885,266,47,199,0,0,0,0,0,0,512,1,0,512,1,0,246,0,0,266,1,0,,0.13893771497532725,129cdce2d2a9613dc1214ef7fd38d05e:0:0,293d389d2a73caa24719a15be2421ff8:0:0,8f280dd9b6f2ec0adf7ee6bcf70274bb:0:0,7134535f4fba0c2b720ad2dda39cba8f:0:3261819456,a1dcfd5e65f46de0e0a293e9c10cf2f7:0:3081042079,1.0
754,2,754,1,legacy,0.0003,0.0,3.771436217551603,20.549318581639064,0.008205611258745193,0.0697265625,-0.0050077388063073155,0.002403457765467465,-0.0016055903397500515,0.07004309445619583,238,69,205,0,0,0,0,0,0,512,1,0,512,1,0,274,0,0,238,1,0,,0.12485445698257536,be560f2a9ab27c85fcd1a40ac7b5ec5e:0:0,cc793c3d9f72c154ee752407d9d85b0c:0:0,a9cecf78ffc1b6ea74789eefdd95b261:0:0,a630fe418c39ca3af3b9bfd868f6c68f:0:3438438278,9fe38d8b08497c4610bc3d502dc96b95:1:3058368559,1.0
755,2,755,1,legacy,0.0003,0.0,3.7093980383991365,17.354752924850445,0.014711360447108746,0.090625,-0.002908558212220669,0.00212135654874146,0.0030742583330720663,0.06529973447322845,252,46,214,0,0,0,0,0,0,512,1,0,512,0,0,260,0,0,252,1,0,,0.10702334297820926,5232abaa7d40a277604cb775a473085e:0:0,843de3fd6feef829f708926a3708c64c:0:0,c1a270e7f64bbe8959748c5c69c9409e:0:0,7c0ad212038471db53d9c7f48190d28f:0:69813928,8c787942e4f422aff6379ed9d47d06b9:1:1712399490,1.0
756,2,756,1,legacy,0.0003,0.0,3.552344363753047,16.881269186483916,0.0066839647479355335,0.0443359375,-0.004479597648605704,0.0019431997847277672,-0.0036906851455569267,0.06233816221356392,245,52,215,0,0,0,0,0,0,512,5,0,512,2,0,267,0,0,245,5,0,,0.12403769395314157,457a02ca6b8f94e6ac4025d49370245e:0:0,6cae2f180e612fdc882c61731d36215b:0:0,3fafd2ea6a2722bc8a15475718f4437b:0:0,07d959599ef17dab62b972bded6ade8f:0:850400754,017c49c7c26d497563d612e6f70d565d:1:1655331617,1.0
757,2,757,1,legacy,0.0003,0.0,3.656746111065636,17.60288228653497,0.006376560311764479,0.0541015625,-0.002047355519607663,0.0016891574952751399,-0.00038342465995810926,0.058254484087228775,248,58,206,0,0,0,0,0,0,512,4,0,512,1,0,264,0,0,248,4,0,,0.17874975898303092,9421c8fd3765c2da47f3cbc394ad405e:0:0,89ad6889cd7603dfd25513f2dc840a65:0:0,c9af1bc384798c4653a0d221ff2854b6:0:0,538659bf0b18271671a287c0ac84ea8f:0:3436810786,89cf6a9ede7dda5ce2cc14b849453e93:0:2781755699,1.0
758,2,758,1,legacy,0.0003,0.0,3.8268038697050186,16.937852797929718,0.0005516491364687681,0.072265625,-0.008149845944717526,0.0018542397010605782,0.0026488841976970434,0.06113653630018234,257,54,201,0,0,0,0,0,0,512,2,0,512,1,0,255,0,0,257,2,0,,0.17419194895774126,49f8bba21e8a88b65d49c5dea82a5c5e:0:0,4df2f4ca9fbf460d3c54af967c9f79db:0:0,4b8e3ef668a144a7c2419686492e67e5:0:0,91a24884688eed395eda0e88bedef68f:0:3445948859,ecc28b51b765bb5f5c38c41495abfb8f:0:524937380,1.0
759,2,759,1,legacy,0.0003,0.0,3.683901397595803,17.426925741616483,0.008846552111208439,0.042578125,-0.0032016031444072725,0.0015639602672308684,-0.01594555750489235,0.05819205194711685,242,46,224,0,0,0,0,0,0,512,5,0,512,1,0,270,0,0,242,5,0,,0.16563446505460888,1cbd59c204ca92a8f4be70c1cde7785e:0:0,9b6d33ce6496a7cf9aa70209a89afbbe:0:0,4dbd7c9a4aee8cfbc599f43388e0725c:0:0,9aa30f48b468bf07a1a04ea22479028f:0:2856339190,bb6e7ea81010606adff823d6da99f3cc:0:1979394598,1.0
760,2,760,1,legacy,0.0003,0.0,3.7230213245783617,17.016172305937815,0.008963057771325111,0.0658203125,-0.0009246995206922293,0.0017251949699129908,0.00947373267263174,0.05914627015590668,261,43,208,0,0,0,0,0,0,512,4,0,512,2,0,251,0,0,261,4,0,,0.17011933494359255,68409b08882661561168690905e4945e:0:0,bdef7ed1c0738f5447f8346808677cf6:0:0,0630b3341a5ae0398ba139bec7e9f6d6:0:0,587876115afbc8b05630cf98dd530e8f:0:2736323641,d5bf5d593d48a02d12203ad4ea6619f4:0:4215041721,1.0
761,2,761,1,legacy,0.0003,0.0,3.7133288298468576,16.31222602622153,0.0018454659730196,0.0251953125,-0.0012473891023546458,0.0016771507449448108,0.011363163590431213,0.05956175550818443,259,42,211,0,0,0,0,0,0,512,2,0,512,4,0,253,0,0,259,2,0,,0.16443057800643146,ee1dbe035ac6f0c3ccf88b505021b05e:0:0,f254d952f99d295c8323c0acf29c8657:0:0,2acf87ae61754448e1de6957847e7b2c:0:0,245efeeba77de44349c258f8e96d1a8f:0:1714867795,db2885e288f9afe4a791cf1677770d90:1:3844854782,1.0
762,2,762,1,legacy,0.0003,0.0,3.6453171441971777,16.666178830791733,0.0010901070199906826,0.016015625,0.0006677521858364343,0.0015430441882926971,-0.010779747739434242,0.05560506135225296,253,47,212,0,0,0,0,0,0,512,4,0,512,6,0,259,0,0,253,4,0,,0.16734939196612686,7494915c8e54818673b9f433ac9ecc5e:0:0,3385784216c56380507782d75fe17f76:0:0,a521e894a24bcf0eb698be1bf2eabaff:0:0,970782c10302ad960686f24e48c7268f:0:2052992088,4673f9b2200165a3cf8dc3b9bc22a317:0:3814343935,1.0
763,2,763,1,legacy,0.0003,0.0,3.7875631981428004,18.14497488258322,0.004494568798691034,0.071484375,0.0026115917600691317,0.0017127756320405752,-0.002144480822607875,0.05901689827442169,244,46,222,0,0,0,0,0,0,512,2,0,512,1,0,268,0,0,244,2,0,,0.16819134703837335,f7f3026ebc4b842ca092004f1b5be85e:0:0,3f9bac69b460efbdd0f63cea53dceab0:0:0,e1f401d5af6a76881e19615ac14f5498:0:0,d7c76e4435673968dfabe324fb61328f:0:1684735600,3a4d0c58a65e59ed754c478d81e78bac:1:1225079813,1.0
764,2,764,1,legacy,0.0003,0.0,3.7065998292984466,16.385032665016652,0.013394033536314964,0.0982421875,0.0012549429899081587,0.0017041367886122317,0.006490402389317751,0.0598786398768425,257,44,211,0,0,0,0,0,0,512,4,0,512,2,0,255,0,0,257,4,0,,0.1684170759981498,c9f53e3c36eba6eb59004c3e9c59045e:0:0,eca2033eb2c62c1ace5b631893bbab9f:0:0,202a496fd43b9e3988b015a816653ce1:0:0,07d319291ab76fcbfd59b309013b3e8f:0:2101695760,e98293a9c0d8dc925abd97ec6aeac7c3:0:3485536618,1.0
765,2,765,1,legacy,0.0003,0.0,3.645614504533708,18.005912489054676,0.01489753182977438,0.0703125,-0.003155151754617691,0.0015893926029093564,-0.008250035345554352,0.05797848477959633,259,45,208,0,0,0,0,0,0,512,2,0,512,6,0,253,0,0,259,2,0,,0.16396810300648212,e4d9507cae5d058a291eb49e2f96205e:0:0,89dc92fb66958f571c41a3bff0fd4757:0:0,79abfaf79b4a078da66a9f13613101b5:0:0,edc159237f9909c468b429865a554a8f:0:2930644132,848760d4a5624f52954f996f57072b28:0:4180849213,1.0
766,2,766,1,legacy,0.0003,0.0,3.899335070984155,18.271214160454765,0.013863896019756794,0.072265625,-0.001450248877517879,0.0018097398395184427,0.008096477948129177,0.06082020327448845,247,53,212,0,0,0,0,0,0,512,2,0,512,2,0,265,0,0,247,2,0,,0.16312457097228616,16d3e71ef5a77b8f3fa15609d5133c5e:0:0,e209d6acbbbcb2178595134bfdaa6691:0:0,f485ac1bf56df59e68a9bbb9cbf8dbc3:0:0,770525751748323117da4e2906af568f:0:2403018227,e07468aaa81f221938d3b0a2aff7984e:1:2815952903,1.0
767,2,767,1,legacy,0.0003,0.0,3.795949963448236,17.511349122022768,0.003423582762479782,0.027734375,0.00017562913708388806,0.0019943788705859334,-0.003833527909591794,0.06331252306699753,254,56,202,0,0,0,0,0,0,512,3,0,512,0,0,258,0,0,254,3,0,,0.16882921592332423,b05fb746d31818ab89d68d1d8cd0585e:0:0,5cb4624b6408003e9de90beaabb45a4f:0:0,7b13573205022074785117cfa069a43b:0:0,f3e7df1dbdb1c9eff9e6687d0649628f:0:2686154251,f4dfe1161e9bf2561ba4a86211f10109:1:2077903776,1.0
768,2,768,1,legacy,0.0003,0.0,3.783534132198612,17.59567307818677,0.0064461734145879745,0.03984375,-0.0008503008633852005,0.0018317586509510875,0.006726390682160854,0.060387641191482544,259,54,199,0,0,0,0,0,0,512,5,0,512,4,0,253,0,0,259,5,0,,0.1678815360646695,3ec7f37907b0b766cfa6f67556cd745e:0:0,3a6621f442405e2e4931939a8be0547f:0:0,d6d824775349a4ce3b2d7459ec14b637:0:0,121c9d0c78374f4302ee000e59236e8f:0:3238996432,61570b9070c0a9d680250a2da4494ccd:0:2313493473,1.0
769,2,769,1,legacy,0.0003,0.0,3.735456863663694,16.00946644571859,0.004565837327390909,0.0265625,-0.003140172711573541,0.0014044043375179172,-0.0007646722951903939,0.05312623456120491,259,38,215,0,0,0,0,0,0,512,7,0,512,5,0,253,0,0,259,7,0,,0.16592135897371918,c6905151f93db60bcf956ead330a905e:0:0,c92c5251f522cc58629729077c70383e:0:0,fc27f6cca238dae5ec96aa79c128e418:0:0,7d82b2fae7a868753801dc68ff3d7a8f:0:824845812,9d7b9726d457bf00cc0eb4487740df06:1:3712364224,1.0
770,2,770,1,legacy,0.0003,0.0,3.625924885666846,16.310791568805282,0.022261403501033783,0.1041015625,0.0007419940084218979,0.00193331170885358,-0.001315750414505601,0.0623607337474823,262,52,198,0,0,0,0,0,0,512,5,0,512,1,0,250,0,0,262,5,0,,0.16935222398024052,193a47cdaaadd1d45abf12612187ac5e:0:0,1b7b135325b9f534a99b650145cf7c24:0:0,7461e9ad0d0c4055aa7987dca6f68f6f:0:0,a95b8ce81dfe11bfbb2e0518f897868f:0:2084133477,7539d32e56fe575bbbb266b76a4d1ffb:0:3852092678,1.0
771,2,771,1,legacy,0.0003,0.0,3.582739166486106,17.14219500891929,0.0007305135950446129,0.0900390625,0.0013185512274503709,0.0016939444001764059,-0.0035737408325076103,0.058260977268218994,254,48,210,0,0,0,0,0,0,512,1,0,512,2,0,258,0,0,254,1,0,,0.16595440707169473,799f75d1ee48245570db3e2d2244c85e:0:0,21d85f85d565a79445e1c61ff52fee0b:0:0,5d3ff45610b6b6cc042801ced7018d3b:0:0,8955e8730a636e6ed779c1aa4531928f:0:1406451512,609080cfbff64b20303183416c8a08a3:1:2084799312,1.0
772,2,772,1,legacy,0.0003,0.0,3.6856983288952474,16.097714789092056,0.005131362937390804,0.027734375,-0.002731378003954887,0.001478839322226122,0.00583539716899395,0.054649125784635544,270,42,200,0,0,0,0,0,0,512,4,0,512,5,0,242,0,0,270,4,0,,0.1661390479421243,fbec8355fd5c432b5c3b8ead3541e45e:0:0,88b9d3b738ce9edc7914921caea3d8b5:0:0,2cf064179ef6b8e380f946c03984b976:0:0,e49e709fee183d470ce799a8e50b9e8f:0:1022663557,eaecce01921ac6b8016c5d427a5e77b7:0:3760509178,1.0
773,2,773,1,legacy,0.0003,0.0,3.8652250462310955,16.271695988556733,0.01104861032217741,0.0595703125,-0.001084496732801199,0.001443200936773792,-0.0010563681134954095,0.05437172204256058,274,50,188,0,0,0,0,0,0,512,2,0,512,2,0,238,0,0,274,2,0,,0.16285834705922753,1c764e2ce10881e5cdcbe07d5a7f005e:0:0,58d8a7db64ef980fbeae043c13c23815:0:0,19363bc4f744a188740102c0f1e801bb:0:0,60e3c7df8cb8f02a1c7554a0d825aa8f:0:2639963516,f40700f699896c81c58af84594a2d878:0:2356135320,1.0
774,2,774,1,legacy,0.0003,0.0,3.732684981700271,17.731770613885555,0.0027825715951621532,0.0591796875,0.0023879206273704767,0.0016284413693938404,-0.0020923111587762833,0.057087548077106476,247,51,214,0,0,0,0,0,0,512,3,0,512,2,0,265,0,0,247,3,0,,0.16500457399524748,1d6cce2257b25633f912503991fc1c5e:0:0,3e665034a4ce6af320f2d99b7e494003:0:0,ecf60babf88d9a1250745149c0079d82:0:0,5b2a1f7a0a7866fc141bfa1e1e7fb68f:0:524406076,b20684dbb663d4a273086e3eeb00850f:0:2924860981,1.0
775,2,775,1,legacy,0.0003,0.0,3.648649434447834,17.998735706824576,0.003155136713758111,0.0537109375,-0.0035569936502724887,0.0016684089205227792,-0.011868733912706375,0.05921262875199318,256,55,201,0,0,0,0,0,0,512,2,0,512,3,0,256,0,0,256,2,0,,0.16772702394519,0913d2c422ccde50b02f3a7ddbb9385e:0:0,cabfd139ab47b7b74dd8f5ba717c5780:0:0,4e933245dd537eceebe210c65b91b93e:0:0,13a89acaaad74dc85acfd1acb819c28f:0:1956017334,e92e02046aeaafe66f60e66fd8076688:0:2478381804,1.0
776,2,776,1,legacy,0.0003,0.0,3.8170086623221,17.755384447905076,0.006561838090419769,0.0486328125,-0.0006055174395442009,0.0020790393056813626,-2.9325252398848534e-05,0.0643731951713562,256,60,196,0,0,0,0,0,0,512,4,0,512,0,0,256,0,0,256,4,0,,0.16718834300991148,eee98fdbe88989ae7fdd3be637b6545e:0:0,76daa73e0ededa651c005f53cd6b90f6:0:0,f4adf2b3182fa8cf894f190b237fdf63:0:0,8bf8e804e2651e26bc8062d8a4f3ce8f:0:296072234,6db6a9e9fd14a0be9a51745ef69db9cc:1:1898131038,1.0
777,2,777,1,legacy,0.0003,0.0,3.7322234797114353,19.513266590328993,0.008112955838441849,0.05078125,-0.0006787707097828388,0.002141673339065164,0.005908711813390255,0.06572498381137848,235,53,224,0,0,0,0,0,0,512,5,0,512,3,0,277,0,0,235,5,0,,0.16791150404606014,483ddc48150ee3e3cb71310ea5f3705e:0:0,27c2afac600a3d9044769d8ae682b1c8:0:0,20ce218f82396a64b9dd24c8c0f48990:0:0,aedfaf866e16c3e07618752de50dda8f:0:1433494371,0f66a2ab65a6a0c5beb369493b04cd46:1:1983560060,1.0
778,2,778,1,legacy,0.0003,0.0,3.8563063848796686,17.748699582327454,0.006131748668849468,0.0341796875,-0.002928600716404617,0.0013773879152722656,-0.0025999494828283787,0.0525948591530323,270,45,197,0,0,0,0,0,0,512,8,0,512,4,0,242,0,0,270,8,0,,0.16586231102701277,9673118c66d181d6e8da369326708c5e:0:0,5e3a7ddb1a4fc5b1346af7885c6b21ca:0:0,fbbe4e6ba7b363fd5c71df924b11c791:0:0,e222be0562bee4d5417e10387867e68f:0:1554922778,bc1b34bca9c1103a1757d34caa00c499:0:3487565699,1.0
779,2,779,1,legacy,0.0003,0.0,3.7675688787978316,17.221252020029823,0.007362497039139271,0.0306640625,-0.0015293332282453776,0.001729097607312724,-0.0005208761431276798,0.05930481106042862,259,46,207,0,0,0,0,0,0,512,3,0,512,1,0,253,0,0,259,3,0,,0.1668715220876038,74b2a11d11ab112a3ca1a90fb92da85e:0:0,7f35752e1b47a35f382ee5a0fd93d44c:0:0,97949260155820a9f1d3bb60920c0292:0:0,f0801d346733cc2061927b845f01f28f:0:287730435,cd18c8eab4e653beafb07552edd58bba:0:397871910,1.0
780,2,780,1,legacy,0.0003,0.0,3.84663454714556,17.709829777981767,0.006403269711881876,0.0623046875,-0.005510971741750836,0.0015523249167017639,0.00420541875064373,0.05614551529288292,244,43,225,0,0,0,0,0,0,512,3,0,512,4,0,268,0,0,244,3,0,,0.17326837801374495,b28bb711a44b89e855eb25205e2ac45e:0:0,fb09910766f2a4211d5ce479e4c57ca4:0:0,730de86b3dc5e0ec18ee055796569cf9:0:0,3f27a9c28baef87dae323e9d98dbfe8f:0:233120299,7ff81043862c9b6ca18c82b4f14d58e9:1:4005791499,1.0
781,2,781,1,legacy,0.0003,0.0,3.8567735501161975,16.600245119944354,0.007890625856816769,0.0490234375,0.0002819546964019537,0.0017658889933954923,-0.010167235508561134,0.06245909631252289,257,53,202,0,0,0,0,0,0,512,9,0,512,6,0,255,0,0,257,9,0,,0.17269046895671636,cef9a0971ba082700a7487611567e05e:0:0,a14293190f16a5ac00ff4c0ac888d585:0:0,0632d79e571982416ace5111cf48a4be:0:0,72571ce770f24deea035211025f60a8f:0:1346663965,c434ad389e2bbe4847b6cd90607617f9:1:810843950,1.0
782,2,782,1,legacy,0.0003,0.0,3.8924163159783953,16.190672168897315,0.0014502221019938588,0.0423828125,-0.0010214024456217884,0.0015048472909256817,0.009738541208207607,0.05504870414733887,257,37,218,0,0,0,0,0,0,512,8,0,512,4,0,255,0,0,257,8,0,,0.17876755201723427,85f22722cfcea5a09295ec6ddee4fc5e:0:0,42dacff08db7e89e8a5ce0b2d54589fb:0:0,9b8ab58568638244c60bb0ee94d68af8:0:0,f326f2f7b1beea9f5d6e2a680650168f:0:3834481147,1d7261d76da59136a472572ff0b67417:0:1131544685,1.0
783,2,783,1,legacy,0.0003,0.0,3.6361605373514934,17.98418742249781,0.005023151636123657,0.0623046875,-0.0013330563902854919,0.0017375733354128898,-0.0012928220676258206,0.05920381098985672,249,49,214,0,0,0,0,0,0,512,5,0,512,6,0,263,0,0,249,5,0,,0.1673117729369551,4819a81226594b45a541b0e2baa2185e:0:0,b0c4ba596b0107e8059cea4524af6e6f:0:0,c1c696929390920c38ad327a96ec44c9:0:0,287517c8c1299f0bc4aba23139ea228f:0:1631270829,ba78203d511d3562592664ce28466bd6:0:332260717,1.0
784,2,784,1,legacy,0.0003,0.0,3.6919720611184674,16.88611204721533,0.0037963981740176678,0.045703125,-0.004845617851242423,0.0018740473780781031,0.005570292938500643,0.06140020862221718,267,51,194,0,0,0,0,0,0,512,7,0,512,4,0,245,0,0,267,7,0,,0.17560302594210953,96d3630d351432c39404715ba89f345e:0:0,b965f1c8820b77bea5dbf26918c23b3a:0:0,a34f4016950c65880710c1b95abc8d57:0:0,9968ccf6b059096479b70ff7c0c42e8f:0:96629919,af5b58fc62fd105267c8825b0c356be7:1:1424873743,1.0
785,2,785,1,legacy,0.0003,0.0,3.6854423585527054,16.204143405872575,0.007719577290117741,0.0474609375,-0.004092590417712927,0.001361420936882496,-0.004720119759440422,0.05213005468249321,264,46,202,0,0,0,0,0,0,512,7,0,512,8,0,248,0,0,264,7,0,,0.17263469705358148,90d8482cc17b600367050a74a8dc505e:0:0,e0f1e15cfd0f43e59445756fdbb3383c:0:0,e3788fa5c1c78d4e372b9ba67bba0a39:0:0,8c89d5698e395433f1553b479ade3a8f:0:3265064407,4509089517bf69fedbf515d6d8be7327:0:2372718462,1.0
786,2,786,1,legacy,0.0003,0.0,3.7951438311772767,15.649334400839265,0.002342753577977419,0.0359375,-0.0007935924921184778,0.001418818614911288,0.003101382404565811,0.053355827927589417,264,40,208,0,0,0,0,0,0,512,5,0,512,2,0,248,0,0,264,5,0,,0.16841978393495083,af0d798e480d1a9ef90498c9bb596c5e:0:0,110f5a51e1e8268b3a23d04462014216:0:0,b7e0f24df4c3534990b5d2f4d715bff8:0:0,fe1394c353b198437d462bacc838468f:0:111902431,c5348a19f02a6eebc2b901efb86cba67:0:3321570339,1.0
787,2,787,1,legacy,0.0003,0.0,3.7840909162846232,17.949130821926992,0.003551386296749115,0.037109375,-0.0023471406660974027,0.001699794887099415,0.0014272767584770918,0.058447591960430145,255,62,195,0,0,0,0,0,0,512,7,0,512,0,0,257,0,0,255,7,0,,0.16373116604518145,f8bdbaaaf7420f4d135e78f6e016885e:0:0,9e9deab9951167bd4770784a6f31c356:0:0,16b0c3b1dafcbae7086778685644d760:0:0,ee4b80aa8ee6e1c0584528b348d2528f:0:3251962680,dde813566a5b6684b09de80ce3627d6d:1:3958813970,1.0
788,2,788,1,legacy,0.0003,0.0,3.8032069915465763,15.782611174633265,0.009102781303226948,0.03984375,-0.0013272658688947558,0.0019262740679550916,0.00435859989374876,0.06218456104397774,272,51,189,0,0,0,0,0,0,512,9,0,512,4,0,240,0,0,272,9,0,,0.16446796397212893,03de2a70c9bf938d8a0847981713a45e:0:0,e5791dce873bd6d83bf07dc50d73d2da:0:0,643ebbafe34c2d0acc44f8a14e52cf1e:0:0,0070fd314018d8a0b208b9e71cac5e8f:0:2994226390,21b99e479ca877e66b2a13589fcee3b1:0:1464505229,1.0
789,2,789,1,legacy,0.0003,0.0,3.7781875506803133,17.39315396834995,0.008226526901125908,0.0455078125,-0.002396728657186031,0.0019229026802349836,-0.005991037003695965,0.061922792345285416,256,51,205,0,0,0,0,0,0,512,3,0,512,3,0,256,0,0,256,3,0,,0.13223853497765958,1be6e3c72b600b955791e1496050c05e:0:0,892e84053e2c9a83b4e534c071ceb491:0:0,f5e3bce8bb7b2f02a97647a88eb8d405:0:0,1f9b84e29aa40c48bb42a6d443c66a8f:0:2403971652,c8afbe380f782a6a76be4d567b13c51d:0:2094767386,1.0
790,2,790,1,legacy,0.0003,0.0,3.639090133078012,17.52584562121189,0.0018100551096722484,0.038671875,-0.000818411773070693,0.0015734823187813162,-0.004171938169747591,0.05631696432828903,257,59,196,0,0,0,0,0,0,512,4,0,512,3,0,255,0,0,257,4,0,,0.10815609199926257,1a437ad2d4ad727ab92562a6bbcddc5e:0:0,421573ebf3d074eaf98245fb1ea7af4b:0:0,aefec9218b5b123f21b47e64055d4b10:0:0,53cad04d9cb5e26fb19ff706be20768f:0:1498287653,d9ecd027b3aecfb856e405b86982823b:0:592871272,1.0
791,2,791,1,legacy,0.0003,0.0,3.6177156144214724,19.11161923842655,0.0011389689752832055,0.1095703125,-0.00022203144617378713,0.0019899169565178454,0.0034995281603187323,0.0634336844086647,223,55,234,0,0,0,0,0,0,512,6,0,512,5,0,289,0,0,223,6,0,,0.10822170204482973,08b5c3f6c86a04a14a87284c298af85e:0:0,481e544615c6467dd4feac18e5f85946:0:0,37901f2bd05098638cd8520a0d326050:0:0,11cb902db03e2944ebc8f20a8bba828f:0:3214947874,edacb07159140de56f54f3aa1100b93d:0:1594391401,1.0
792,2,792,1,legacy,0.0003,0.0,3.7845533966352436,16.72058664504703,0.004636766389012337,0.051953125,-0.0023440645076334477,0.0015588819049298763,-0.002569671720266342,0.05597769096493721,264,59,189,0,0,0,0,0,0,512,3,0,512,6,0,248,0,0,264,3,0,,0.11912183195818216,c276e43a9ec30c662215ced5a988145e:0:0,6c44095be1ed42947cc54e6e02fd1749:0:0,37bc665f4cf58d63d0c550732c659014:0:0,0fa2389dc7aa4cd4e5611f6bac948e8f:0:2102945022,337dca1e5518681950e4ce1ea01f5a1e:1:544618896,1.0
793,2,793,1,legacy,0.0003,0.0,3.690354629231587,16.56669073528072,0.001404369599185884,0.02578125,0.0013038539327681065,0.0013357781455852092,0.0028020350728183985,0.051822178065776825,249,53,210,0,0,0,0,0,0,512,6,0,512,4,0,263,0,0,249,6,0,,0.14384696492925286,a6af596889c9d10becca32df3bc5305e:0:0,4510cb2dfcd0c21f6e50249a1475393b:0:0,c5358c4c35ce577a97f18e970ada73d7:0:0,f82c530da8f62fae4b0746b620ae9a8f:0:3433846510,62f42f111f847be64ab0a277ee4a5c0f:0:3458722088,1.0
794,2,794,1,legacy,0.0003,0.0,3.7339770755206834,17.09181247943967,0.0023927143774926662,0.0255859375,-0.0024349036160856486,0.0016685862152371555,0.0012673254823312163,0.05815811827778816,267,58,187,0,0,0,0,0,0,512,9,0,512,3,0,245,0,0,267,9,0,,0.11174206400755793,404672dfbecea7e70a377104e0424c5e:0:0,683ed5b62b46d1d44fba8aac80ca8fc0:0:0,b22fb4cd6b1735ee4bb83f415d778165:0:0,2ed7cffc599ea6c706556f75e808a68f:0:151326804,b3c3e730ac4d9f2a7f5e82374b70864c:0:1350464465,1.0
795,2,795,1,legacy,0.0003,0.0,3.753562999221402,15.314847596091719,0.002585484180599451,0.0279296875,-0.0006338750012218952,0.001725343958241865,-0.007653236389160156,0.059109508991241455,267,38,207,0,0,0,0,0,0,512,4,0,512,5,0,245,0,0,267,4,0,,0.10590388893615454,be4c9ac2303a27c9a88ae5e296ff685e:0:0,eacda4dc9cf66436f5228883f135e254:0:0,65b57d868022ec4ffaff2f3dc49b9784:0:0,22eee0c5de0198a149e0e13702a2b28f:0:778767873,e601682e1e292210b71a84aa001eed1c:0:2381726223,1.0
796,2,796,1,legacy,0.0003,0.0,3.738731973830512,16.343139245216687,0.013285822235047817,0.0771484375,-0.006552029773592949,0.0017787137825507672,0.00802003312855959,0.060056742280721664,264,49,199,0,0,0,0,0,0,512,2,0,512,3,0,248,0,0,264,2,0,,0.10812542703934014,67a1d1cec3807eafe08c2e145ffc845e:0:0,8eabfd3e0e93af122ba42f78b3978021:0:0,09a6b9d46b769c7db67d747dbcf32930:0:0,6c45fd1dbeb7bfb09d3a2385707cbe8f:0:3646957566,22c504fc8f76ae3cc96d74f11ffd3c82:1:3203115120,1.0
797,2,797,1,legacy,0.0003,0.0,3.873025658849272,16.436386039334305,0.018415682017803192,0.08046875,6.396467797458172e-05,0.0018817322852555662,-0.010941093787550926,0.06203148886561394,260,49,203,0,0,0,0,0,0,512,6,0,512,6,0,252,0,0,260,6,0,,0.1491746100364253,0e32dee36ecae9abd19d26363b39a05e:0:0,93149e88be294c88cd089bf9831d7fb5:0:0,a583d30acf0011a0db9609e5023768da:0:0,0458df1b06740ffee8ecfded3196ca8f:0:4133097851,e3e228a91bb56f00d4b023d435792e4f:1:1376484654,1.0
798,2,798,1,legacy,0.0003,0.0,3.825647249469936,17.863774865735472,0.001220233622007072,0.026171875,-0.001274266908876598,0.0017146546801086516,0.01517405267804861,0.05829932168126106,247,64,201,0,0,0,0,0,0,512,13,0,512,3,0,265,0,0,247,13,0,,0.12569862499367446,1c7bedcce9f34f11bdb9eae428b6bc5e:0:0,0e0365c7351935a2f55f79fe3310be02:0:0,7a3ffe89b5d6074899685c7f14803edc:0:0,5a527405aaf4c011828077fa45f0d68f:0:274365283,10b2d9befdc59e1f094234436db85479:0:1637813983,1.0
799,2,799,1,legacy,0.0003,0.0,3.879378037946059,15.5987020373767,0.0052131470292806625,0.0794921875,-0.00897089228965342,0.0016350349702406674,-0.01242816261947155,0.05692712962627411,256,47,209,0,0,0,0,0,0,512,9,0,512,3,0,256,0,0,256,9,0,,0.10929373500403017,5d2eafb3de6dfae42578d8ba2873d85e:0:0,eba8591ffbc618b00b56c8b8ac2a9155:0:0,24a4fafb69e8e2f301e17c8171f3a8fa:0:0,b15aff609391f50e3876d938ad8ae28f:0:1703141809,93211c56b693b6d053b8c88016806bb3:0:1778466262,1.0
800,2,800,1,legacy,0.0003,0.0,3.783992142593444,14.651296071840259,0.0012118337908759713,0.0775390625,0.0003072148421779275,0.0011868758709169924,0.003893038723617792,0.04869936779141426,253,40,219,0,0,0,0,0,0,512,4,0,512,2,0,259,0,0,253,4,0,,0.10570840002037585,43248221c1bd7d7fe40a8c543a70f45e:0:0,91e7e69bc4387fd46d158ecc98b5133b:0:0,d6ce2b3ef9aa93fff774da91f6d62348:0:0,2216f8f6aff612205e4da9346864ee8f:0:2944162641,50439757c2f6723979db91ffd7f9427e:0:4077154969,1.0
801,2,801,1,legacy,0.0003,0.0,3.7026453850261727,18.217614824371253,0.006066595669835806,0.0259765625,-0.0013357477961108088,0.0022302263998426495,0.018838759511709213,0.07095302641391754,235,50,227,0,0,0,0,0,0,512,11,0,512,9,0,277,0,0,235,11,0,,0.10291880497243255,716ab041c60cac884b39e24e5eae105e:0:0,413652944f778be06e15b6687ffd3b74:0:0,9746d20b8f958cbe5eca588cb7ec7bd8:0:0,adc085fcd18bab1dd87daf79767efa8f:0:1354038954,a783deb77ce14854c1125faa7c1f408f:0:2390785796,1.0
802,2,802,1,legacy,0.0003,0.0,3.801534111148314,16.578708614124118,0.002877744846045971,0.0177734375,-0.003124709241092205,0.0018416998616885393,-0.004716844297945499,0.061868563294410706,257,45,210,0,0,0,0,0,0,512,4,0,512,5,0,255,0,0,257,4,0,,0.10952281393110752,c2778cac8c8ac6133f6bf744952b2c5e:0:0,9f22ff38d19fe7f66816147e35fcbcc1:0:0,07a9aba6c30e13c888d891239e650274:0:0,05f4d0a53a2d1a6c287af393d7d9068f:0:2529628571,bab3e0667084027ff8da8277be2b0573:1:2286369468,1.0
803,2,803,1,legacy,0.0003,0.0,3.8555950370724403,14.726167346120178,0.011493931524455547,0.0646484375,-0.008039707690477372,0.0017924458545167,0.00021200611081440002,0.06016901507973671,269,43,200,0,0,0,0,0,0,512,5,0,512,6,0,243,0,0,269,5,0,,0.1453164080157876,44b2e8b78525b61553a027d2dde8485e:0:0,eeb356b22e18300b289b81631e91541a:0:0,95302599fe86b5b9337edd9f2955cd82:0:0,f36df0cd12a1ba2578b4bd0f8c73128f:0:3180649513,8914bb178796dccfa6d4370c5b6577ca:1:4147964609,1.0
804,2,804,1,legacy,0.0003,0.0,3.7535823126370667,18.397251164971507,0.0024840012192726135,0.0544921875,0.00066042086109519,0.002026384009514004,0.003549993969500065,0.06398728489875793,231,50,231,0,0,0,0,0,0,512,3,0,512,5,0,281,0,0,231,3,0,,0.11704211100004613,c3b350eb273e7e0de570109538e5645e:0:0,8e0d9dd669647fa9ae626cb789d23c19:0:0,a1eb710dfd4069763b3b6cc7ba0ef9c1:0:0,92b193b73b74c07da8959378944d1e8f:0:4210269679,bbe4c56df598d6deb843b23c07f09b1f:1:3712469409,1.0
805,2,805,1,legacy,0.0003,0.0,3.697038928443437,16.34754586379785,0.003616440575569868,0.02890625,-0.0008052061777561903,0.001929668476805091,-0.00386304990388453,0.062193531543016434,259,52,201,0,0,0,0,0,0,512,8,0,512,5,0,253,0,0,259,8,0,,0.10275116190314293,b32374ed6ef3bef3390f8e27a622805e:0:0,f169b5a02452ebdad48b71c9db706c12:0:0,3a0d728f64363db3f00968b0cc65d71d:0:0,e37c18132ab1bf6758833e5aef672a8f:0:4280699333,0482b7c0fde008f19b980186cc644b5e:1:3482147619,1.0
806,2,806,1,legacy,0.0003,0.0,3.7980110126649875,18.106477770352903,0.002669477602466941,0.0642578125,-0.00722186011262238,0.0019973066519014537,0.00082057696999982,0.06332890689373016,237,53,222,0,0,0,0,0,0,512,9,0,512,8,0,275,0,0,237,9,0,,0.10185848094988614,dc703bd84a9e655e954cbd26259f9c5e:0:0,80b973c546d198d6c007e503eb6d776c:0:0,1d68371124807c4ccabf45fd4d57fd13:0:0,599f66d9c912c778f5dec5429dc1368f:0:1338498737,1fc34265569c68a7521e20f5df5544ef:1:2426124997,1.0
807,2,807,1,legacy,0.0003,0.0,3.8649902681531945,15.787087120245612,0.001181392464786768,0.073046875,-0.0036264782072976233,0.001853971619857475,-0.0008570816135033965,0.061497949063777924,268,42,202,0,0,0,0,0,0,512,6,0,512,4,0,244,0,0,268,6,0,,0.11841828597243875,3d683c9de41c77f85f8ffa2cb75cb85e:0:0,ff04333f9c953ebf37304005d54a48fb:0:0,bbc39dc956d34efa83293df06d3b952e:0:0,2f6c70d5812c2e11c7046fbb9f5b428f:0:2480737539,cd0fd944d50e0cb38c58d5971528c0ca:0:3784996868,1.0
808,2,808,1,legacy,0.0003,0.0,3.658878837919225,16.10078435649369,0.009869654662907124,0.0208984375,0.001619908818975091,0.0014374173013493418,-0.0047369543462991714,0.05402388051152229,256,45,211,0,0,0,0,0,0,512,5,0,512,8,0,256,0,0,256,5,0,,0.1411439219955355,4618a4c6f186082437dbe1d75b59d45e:0:0,54971de2f116436d43cc1bf437f7631c:0:0,00936e2a08b4ad9a1813be71328c4ac1:0:0,1dcde3f5f321f6bef74bc551f4354e8f:0:1674906701,92896776775418a85efeb4e2461191c0:0:1125406870,1.0
809,2,809,1,legacy,0.0003,0.0,3.7683783947925535,17.822501902953203,0.00739486375823617,0.07890625,-0.008152908692136408,0.0020826619351282717,0.005593934562057257,0.06488610804080963,226,56,230,0,0,0,0,0,0,512,4,0,512,6,0,286,0,0,226,4,0,,0.11784015607554466,49b2068178e844ed14cd50c21196f05e:0:0,fe27a7e4cd09c2c765f383d45501a7c2:0:0,0bbd6434370c38ef052a9ec4436d738a:0:0,c83a62daff72dfe0a3078d919c4f5a8f:0:2077415631,6c605561506ca95a76bbb66699c5bdf1:1:891458915,1.0
810,2,810,1,legacy,0.0003,0.0,3.8760242870561896,17.71454369383394,0.014848912134766579,0.0654296875,-0.0013617752119898796,0.0017493465740699321,-0.003414159407839179,0.05923815444111824,257,51,204,0,0,0,0,0,0,512,3,0,512,7,0,255,0,0,257,3,0,,0.10253389994613826,b35911a0b2a2b0315f9b6388da140c5e:0:0,a59bc5885000f84f26a118f513e7018e:0:0,557897e9ffff15737d35849a1a48826f:0:0,8dd44c4e1b65128ee385d00697a9668f:0:295276160,aaa8b36dfee041148f576b2b14bc148f:1:297441045,1.0
811,2,811,1,legacy,0.0003,0.0,3.8299054087864457,16.742752081879253,0.007273820228874683,0.0734375,-0.0060662658419460055,0.0015659183147363365,0.004780828952789307,0.05633177235722542,262,47,203,0,0,0,0,0,0,512,4,0,512,10,0,250,0,0,262,4,0,,0.10121938399970531,96bbe1d8f602760f101776c7b4d1285e:0:0,c4150a964cda7983e70a1a89347ccb97:0:0,913988a15f3ab73ab87b4d9a09555a48:0:0,80acefac21a075bedb0fd43ce643728f:0:3353544497,852eb4a40cbb61ba0ae4c895882883da:1:3259625776,1.0
812,2,812,1,legacy,0.0003,0.0,3.756163023333696,16.49423509571768,0.004422255326062441,0.0638671875,-0.005308908596634865,0.0022027587110642344,-0.009789655916392803,0.06616220623254776,239,44,229,0,0,0,0,0,0,512,2,0,512,6,0,273,0,0,239,2,0,,0.10249736090190709,b7544f2cdbb7e68fc8ad271aa1ce445e:0:0,f9ee21a3fd3a9c09ea56b61192edb0d1:0:0,ca625be6d7a91bf6222e089e269c67ec:0:0,f370e68d1182a4a7c0ea21c0881d7e8f:0:967603417,679fbc59006b42ff7dac566a0417f521:0:1046212365,1.0
813,2,813,1,legacy,0.0003,0.0,3.716236497067806,16.673193544537604,0.0040014972910285,0.06796875,-0.0040492081549018625,0.0018359091773163527,-0.0021577419247478247,0.06106076389551163,250,45,217,0,0,0,0,0,0,512,3,0,512,10,0,262,0,0,250,3,0,,0.1259026649640873,52aa8c2b01c21194f262511da10b605e:0:0,faa56bda07e0961bc3a1ad693210039e:0:0,6f4aad0107495786d37101faf658b2d2:0:0,500333426fb88867ed54801d7d378a8f:0:4029582293,d974b98672b629278e83ce7d756a563b:1:3722439711,1.0
814,2,814,1,legacy,0.0003,0.0,3.8464710703291947,16.118247986819977,0.0059592342004179955,0.0458984375,-0.004655123362317682,0.002112765348283574,0.0059891194105148315,0.06563230603933334,264,52,196,0,0,0,0,0,0,512,8,0,512,3,0,248,0,0,264,8,0,,0.14274119993206114,0bf158461c6c8503d8d7116cb2887c5e:0:0,db264762a8d98107632e87c270601202:0:0,66772996e41c0fc018f3e0d1a347eb0c:0:0,b1fcb7103aa994e9e589f6dfc591968f:0:486536064,374baea09647f77b45d05b2e18e0e6ee:0:2360055007,1.0
815,2,815,1,legacy,0.0003,0.0,3.844329102555281,18.506560686909815,0.004433398135006428,0.0716796875,-0.0003377391491085291,0.001987551263300702,-0.0033269694540649652,0.06377238780260086,236,61,215,0,0,0,0,0,0,512,3,0,512,6,0,276,0,0,236,3,0,,0.10423019307199866,7c36233b3ffb2d31c645c4a3d645985e:0:0,afeb31710f6da2148ba13013f0c8a8f4:0:0,6ad23c7daccb79d07ded2af4ece87355:0:0,01e5924fa540a90967c0cd93612ba28f:0:1713725404,89a972a4789442a024eac0e37a5d840c:1:3232919979,1.0
816,2,816,1,legacy,0.0003,0.0,3.7391152065893962,18.695614003343543,0.005868382751941681,0.04609375,-0.003985578776337206,0.0019214272615499794,0.009974771179258823,0.0626324862241745,245,51,216,0,0,0,0,0,0,512,2,0,512,7,0,267,0,0,245,2,0,,0.10800142504740506,545bb1248ea057901f83075f0c42b45e:0:0,677ada4488a19e2919bb55ce8e9bc13f:0:0,3eb8db8d088e6a39e39c90ee5c98e6f9:0:0,fc8e0bf60a9e91f8772a8bc45005ae8f:0:390660196,25649fa638e3d13107c38a4790b53990:1:1351701386,1.0
817,2,817,1,legacy,0.0003,0.0,3.680836049972678,16.98716278579333,0.004622217733412981,0.028125,-0.00044819517061114313,0.001321885723154992,0.0018524761544540524,0.05175316333770752,249,49,214,0,0,0,0,0,0,512,9,0,512,12,0,263,0,0,249,9,0,,0.10549822298344225,df6d1d80b658d7987ffdb63a547fd05e:0:0,fd7a17814e3fc473444f311716ebe97f:0:0,1bc3e745327176ccd954791d57922adf:0:0,a06cb545cd4231e467f3f8fe921fba8f:0:3143589259,31898cddb068d1bb7c79be257adffab6:0:2966740739,1.0
818,2,818,1,legacy,0.0003,0.0,3.636143256744691,15.741979667085971,0.010392595082521439,0.0595703125,-0.0049999038688838485,0.001240632514236495,-0.00214083818718791,0.05060324817895889,264,35,213,0,0,0,0,0,0,512,1,0,512,10,0,248,0,0,264,1,0,,0.12939262995496392,3ec98621ea4a4df8d5beedd1aefcec5e:0:0,0fb3f1a45ac6608d65df9237bb84e731:0:0,5ed8390ce87f9f0afad15fadb97a98b1:0:0,dc97a1ba143249daeb451cce2779c68f:0:2776295526,8deccf6c72490bcac3b92c93778fc35c:1:3770210578,1.0
819,2,819,1,legacy,0.0003,0.0,3.766054861387686,17.25909708937474,0.02394993230700493,0.087890625,-0.003935161512345076,0.0017740168666932731,0.0014648918295279145,0.05984694883227348,252,50,210,0,0,0,0,0,0,512,0,0,512,3,0,260,0,0,252,0,0,,0.14451354800257832,20762da1433f91ff7d6a0ac11bba085e:0:0,f38161fdc706a4adacf9dfd8c9dba8dd:0:0,089523d5ff883e294aa7af120f0d1f0b:0:0,050eba8998b4e6ef1b413ebf1013d28f:0:254263835,c29bbcccd00930e16424745abc77cf7d:1:3365301374,1.0
820,2,820,1,legacy,0.0003,0.0,3.848369571056124,18.04128724717409,0.0037104892544448376,0.0296875,0.0003356995526701212,0.0015912615199340507,0.006047924980521202,0.05672245845198631,259,49,204,0,0,0,0,0,0,512,3,0,512,7,0,253,0,0,259,3,0,,0.10818966594524682,24cd879db2df3d475e3ca9a49ab7245e:0:0,179eb8fd662644cb630cd22f73daf02f:0:0,e56c6ba7fe0567b98cb72cb1d9b8b0e2:0:0,71dd7067f720729e8706e65d4bedde8f:0:3436888351,12bafbaaf9351e9cbda75e20610b524e:1:720493144,1.0
821,2,821,1,legacy,0.0003,0.0,3.8092435152715316,19.758606732690254,0.0023674480617046356,0.0681640625,-0.0020473468583077194,0.0021704978251364084,-0.033217523247003555,0.0697571262717247,246,61,205,0,0,0,0,0,0,512,5,0,512,3,0,266,0,0,246,5,0,,0.10823788505513221,de055fb7f53859a4060ea7182bf4405e:0:0,3cf8197a0ea13757ed37718d41b7c806:0:0,5dab63b8285a459a591c7060c2cb2352:0:0,bd5a5578355266763eafdb34db07ea8f:0:479845547,fe8bee3fcd1dbceb16d130d750b764c1:0:3501571537,1.0
822,2,822,1,legacy,0.0003,0.0,3.759314032912795,16.013691578319822,0.0026085011195391417,0.059375,-0.00332552595064044,0.0015725442790426314,0.014065063558518887,0.05675390362739563,266,37,209,0,0,0,0,0,0,512,2,0,512,6,0,246,0,0,266,2,0,,0.10731510794721544,7be526e72c41314dc5521fb7cf715c5e:0:0,b11587858e373dc8ddf50aaa69935a14:0:0,805fc802d0be769f3b8fe7e072067ec1:0:0,44bb7cae7157a2f7df5124d1bd61f68f:0:708595189,fe9d2fc4e9817ad5d8176c30bba4b28a:0:1293191144,1.0
823,2,823,1,legacy,0.0003,0.0,3.854347468331645,16.321918828753134,0.0014432600000873208,0.0501953125,-0.003851922135800123,0.0016902590810786932,-0.0038289944641292095,0.058444712311029434,273,38,201,0,0,0,0,0,0,512,1,0,512,4,0,239,0,0,273,1,0,,0.1428999729687348,02bf696c10e4414dcb13701f852e785e:0:0,0fb12f50ef7df202cfd05b9e0732ad98:0:0,a4e5a32af7d528f0c02bacb90d1cb9a5:0:0,d096db29ead269be9efb0abff2fc028f:0:3709428098,2aceb514c4e7e80241e19461470ae562:1:1478151112,1.0
824,2,824,1,legacy,0.0003,0.0,3.7803094460288325,18.045934753436434,0.010999212972819805,0.1251953125,-0.008724047243595124,0.0017663050792180001,0.003145204856991768,0.06011220067739487,240,51,221,0,0,0,0,0,0,512,5,0,512,5,0,272,0,0,240,5,0,,0.1593195809982717,90968252e5374e2a40f934eb4d2b945e:0:0,50caea47f9e6f8d0666400e333dac801:0:0,af1c101a5b0e096fca5fe715fa391290:0:0,93f6535bd9a9fae458b9148b7bd60e8f:0:170393414,ae10f238bef924345e8f6f1ec982ad59:1:2765025137,1.0
825,2,825,1,legacy,0.0003,0.0,3.838538864129465,17.900984075169248,0.002214394509792328,0.0431640625,-0.0029890953563153745,0.001928387931548059,-0.0049735987558960915,0.06232298165559769,270,51,191,0,0,0,0,0,0,512,1,0,512,4,0,242,0,0,270,1,0,,0.1676021229941398,e084d01e93789ad267444ab72768b05e:0:0,469d7fe09b18c2f40ee4efd05b92e0be:0:0,d3cb71d4814404f7c134ce2ffe601c9d:0:0,f3a7891ac48fd5a6989209c057f01a8f:0:3008892329,fe8d2de0e74dcd490ec7f2eb60def561:0:3767909911,1.0
826,2,826,1,legacy,0.0003,0.0,3.86951335050177,17.639076286026544,0.0030080133583396673,0.0505859375,-0.0014845856814645231,0.001536679541459307,0.0037079700268805027,0.05547459423542023,260,44,208,0,0,0,0,0,0,512,3,0,512,5,0,252,0,0,260,3,0,,0.16847610496915877,254bf8e1a56e41cab0cfce1f13e5cc5e:0:0,5d5d0013bcc7e4566ecdab6aecc8db07:0:0,18f615d335c5aa9e7d1c2cdd69788ec2:0:0,b7a0210d49e69c4ba787f1ea874a268f:0:2269017445,3fb37442788534caaf03e5cec8fe56d1:1:3291947361,1.0
827,2,827,1,legacy,0.0003,0.0,3.7038209478998043,18.812800075585614,0.0025946260429918766,0.069921875,-0.004505717940628528,0.001908058172557503,0.003362421877682209,0.061785630881786346,253,46,213,0,0,0,0,0,0,512,2,0,512,1,0,259,0,0,253,2,0,,0.16855578299146146,aa9532b3ffc3b098df111bbf12a2e85e:0:0,e570860fa77196055bcc4d74b1270e96:0:0,3724e28dff059b75ee004e519ae91932:0:0,58ef9d228d969b479798149609e4328f:0:3399951165,da57fef06a5de418f68fbcf6b6279b49:1:1627921265,1.0
828,2,828,1,legacy,0.0003,0.0,3.8595420523491644,18.85485053331499,0.005526150576770306,0.0283203125,-0.00012400406412780285,0.0018439433421008288,-0.007931611500680447,0.06097355857491493,251,59,202,0,0,0,0,0,0,512,5,0,512,3,0,261,0,0,251,5,0,,0.173115630983375,a32e081e8d0145701e17d03323a0045e:0:0,22bb8ed86b554f43f316a4df76bb8599:0:0,319e35433d72a9de84c7d4b8e74c8178:0:0,0308a319be5bf3a14fbaf94edfbe3e8f:0:1286756951,ab3a2b0b885e329e88f42ff0a9048d1d:0:1053316783,1.0
829,2,829,1,legacy,0.0003,0.0,3.687187160330203,17.471383905765748,0.006675426382571459,0.03671875,-0.0005053398665040732,0.0017701273725833743,0.004368277732282877,0.05954298749566078,252,52,208,0,0,0,0,0,0,512,3,0,512,1,0,260,0,0,252,3,0,,0.17673384002409875,53a9aec043ba0f1d208dc81746dd205e:0:0,a78b7003192baae99d3e9d487a81a76e:0:0,5f92cc449e134545284f3be357afca14:0:0,8a6c2165651a689797e467a108d84a8f:0:460359814,9f83be8d14e0d4de3ab4648df0def8e4:0:29916248,1.0
830,2,830,1,legacy,0.0003,0.0,3.7029926415451184,17.125314114033216,0.017314624041318893,0.06640625,-0.004747768840752542,0.001941736589651555,0.001471575815230608,0.06222734600305557,271,56,185,0,0,0,0,0,0,512,3,0,512,4,0,241,0,0,271,3,0,,0.173469906905666,9686c11a338baf323bb720077c5a3c5e:0:0,af96ca2f42910e668d822087662f194b:0:0,3c0a282899c9b079521ba661fe70cf04:0:0,00317a0270c2d086250367188532568f:0:624041242,5fbae91a345039fdc91b597bc45d6e9a:0:447663917,1.0
831,2,831,1,legacy,0.0003,0.0,3.679462088954584,18.042960844969123,0.0025847614742815495,0.0388671875,-0.0023907100316137076,0.0015987746301107109,0.0009465193143114448,0.05663314089179039,257,47,208,0,0,0,0,0,0,512,3,0,512,5,0,255,0,0,257,3,0,,0.1611284309765324,bb8c031a848c5e738372349fc417585e:0:0,3cac0f33f007d45408e0f9ccd3859ca1:0:0,c02c4ea026694a4a77b6c93d7ef85ff4:0:0,9cc79a263156290aa5023f4154cc628f:0:3469423767,8a9c17294b0521f9c9be1d536c89060d:0:2313357821,1.0
832,2,832,1,legacy,0.0003,0.0,3.7581769904056115,17.20575482832716,0.005181802902370691,0.092578125,-0.004263588739559054,0.0015127429214771837,-0.00390800554305315,0.05497848242521286,262,50,200,0,0,0,0,0,0,512,5,0,512,7,0,250,0,0,262,5,0,,0.1038866329472512,31bccba894c31382e637a27c1e14745e:0:0,160b472975816bceb7aca6f75d670fab:0:0,fabdeae2e05cec725eb3d5b68e47d134:0:0,6fdbb0f1b4924e69cac677a777a66e8f:0:1719934164,e088095371f897cea45944a14171fd05:1:3511546416,1.0
833,2,833,1,legacy,0.0003,0.0,3.7429920736559072,17.23220224304074,0.0114233223721385,0.0845703125,-0.005096007697284221,0.001984840742079541,0.004616808146238327,0.0631323754787445,268,46,198,0,0,0,0,0,0,512,5,0,512,3,0,244,0,0,268,5,0,,0.10996475501451641,744ebc1e9f45cbcc491a46388a51905e:0:0,a3cd547de1a1165a092db46b01a5bcd6:0:0,c62011ce1bfd7af3cf665b0fa47c6068:0:0,8ad30ea436d456345a30d7d6edc07a8f:0:3066366766,448d8566f8817839b95d3f2dd622afd2:0:3958767336,1.0
834,2,834,1,legacy,0.0003,0.0,3.6417968646543084,18.254097638924407,0.008702592924237251,0.110546875,0.000857339659705758,0.0018635120941326022,0.0023370434064418077,0.0610944963991642,253,59,200,0,0,0,0,0,0,512,2,0,512,3,0,259,0,0,253,2,0,,0.10266027692705393,89ae99479899f6b1a3c73c7108ceac5e:0:0,39b923fc36b1e536e07142da6d619e1d:0:0,918a524df817a32b213a2994bf34bd1b:0:0,29f699119abc8d2c341d675bb71a868f:0:3905387263,673111bc8356bb7018483b551e84abe4:0:3909634623,1.0
835,2,835,1,legacy,0.0003,0.0,3.829109504867275,18.399774464407436,0.005039729177951813,0.0642578125,-0.005273639596998692,0.0018609706254210322,-0.005859817378222942,0.061362240463495255,244,51,217,0,0,0,0,0,0,512,0,0,512,3,0,268,0,0,244,0,0,,0.10276844899635762,3a2160222bf302f71c85e1c1998bc85e:0:0,27f9db64eac1fafc8d78f714189ef1d2:0:0,efae70736e9fac50d6045cf3cb623893:0:0,a98f316d1a20186962636dc1d3b4928f:0:724722978,ebf29517a0c4fea0098d1e761245095c:0:2682443884,1.0
836,2,836,1,legacy,0.0003,0.0,3.700085869876488,16.47709669768169,0.006970399059355259,0.0873046875,-0.000369580602273345,0.001668440643697977,-0.0032414873130619526,0.05792371183633804,277,44,191,0,0,0,0,0,0,512,2,0,512,6,0,235,0,0,277,2,0,,0.10395260201767087,2c29135404eb0e6f2437d2c63c88e45e:0:0,e34e55e55c0b0822b5c87fc73fd58e4e:0:0,0d44823ced3232cbea745f5b03491bf9:0:0,cb0362c3a2d439bf23d57295438e9e8f:0:2216015958,62b1d9e87010e2c70cd9a6ffb483a9ed:0:2471176814,1.0
837,2,837,1,legacy,0.0003,0.0,3.6628915572517995,19.0453240986306,0.0030078780837357044,0.0833984375,-0.00025000637397170066,0.0018026161182206125,0.0017955040093511343,0.05996174365282059,255,56,201,0,0,0,0,0,0,512,1,0,512,0,0,257,0,0,255,1,0,,0.10341357393190265,81ca3ce2d151b7e69258ec1af1c6005e:0:0,89c68bb7853e454060beca6c4813543a:0:0,1b1aa52528e2cff0eeaed721d9a1c129:0:0,e5c7b7cc91df3760f8413d6206a8aa8f:0:3276101451,9be93cc700a47684dbd709fedf5b5ae3:1:3883924657,1.0
838,2,838,1,legacy,0.0003,0.0,3.6456062469158237,19.867573392667026,0.003973857499659061,0.057421875,-0.0009020266588777304,0.0022591937216930092,-0.007383380550891161,0.06706389039754868,241,58,213,0,0,0,0,0,0,512,1,0,512,3,0,271,0,0,241,1,0,,0.10435127897653729,955fba72a6ad1350c0ff4a5bb9431c5e:0:0,021314c2617062a71d4354153118079c:0:0,9e37319dca2e680447d92da9cbdd74f5:0:0,0be42a02bf9ae6c7ac6fd5b41d02b68f:0:702742509,40a2a0284021ff625a8385f098c7c5cc:0:984488481,1.0
839,2,839,1,legacy,0.0003,0.0,3.6505169468868854,17.759932161864867,0.022224977612495422,0.1689453125,0.005046012857928872,0.002005096705397591,0.014404045417904854,0.0635431706905365,257,47,208,0,0,0,0,0,0,512,2,0,512,5,0,255,0,0,257,2,0,,0.10602649301290512,411620f3b708c033a8db4a249300385e:0:0,41bb6be6f496b718a9ff322270d30ceb:0:0,7e275d911448848279dcd595c2bea61f:0:0,dd323b430f54dad666258317869cc28f:0:795912467,221101d0e9e667c0396d3c82fcfe0253:1:2468052029,1.0
840,2,840,1,legacy,0.0003,0.0,3.7551880652062124,17.532586240814684,0.004452274180948734,0.1099609375,-0.002065096236765385,0.001431137212784961,-0.013736376538872719,0.053164899349212646,251,49,212,0,0,0,0,0,0,512,5,0,512,3,0,261,0,0,251,5,0,,0.10927720903418958,e3aed75380af2253fd3788117efd545e:0:0,8fe8456ede753177b02007b420334832:0:0,e587a52f31aa195f5a90cb6288e76244:0:0,b2887678f4f8353fb021cd184376ce8f:0:3054205167,4342c395aef50414bf1208ca9350d3c1:0:3621125200,1.0
841,2,841,1,legacy,0.0003,0.0,3.6789450644888646,16.373226883835823,0.006246838252991438,0.05625,-0.0011324427090585233,0.001391316414810717,0.017887460067868233,0.05688236653804779,273,48,191,0,0,0,0,0,0,512,0,0,512,1,0,239,0,0,273,0,0,,0.10303261002991349,4a0cf66fe468bca147f8e0be7d3a705e:0:0,0ccd64d77cb3e424dd457672905512ae:0:0,901c43a6a37e159c8f987a422469b57e:0:0,e6094b2ca34d1b2a861f7b425390da8f:0:186136440,699604e78915809a78ce8f6056faf28c:1:4225533316,1.0
842,2,842,1,legacy,0.0003,0.0,3.798990815772555,17.603574985475046,0.007805800996720791,0.0474609375,-0.001867226930335164,0.0017799706896767021,-0.0061038462445139885,0.06001509726047516,258,55,199,0,0,0,0,0,0,512,2,0,512,6,0,254,0,0,258,2,0,,0.10316923400387168,f98b0734cdddae62059e70c78db78c5e:0:0,88d883b7a7f0184bb9956d757e392e14:0:0,58eacc026fafb7e1b0ec631c1af73ccc:0:0,3afc7b11d559cd1760d49521b6eae68f:0:2925619363,2dd6c6930802f19dd4a6882f0f1e4674:0:4248776201,1.0
843,2,843,1,legacy,0.0003,0.0,3.6178918298461316,17.76785483515706,0.0013837062288075686,0.041796875,2.3959763348102568e-05,0.0020006318867672236,0.0013500064378604293,0.06334365159273148,260,53,199,0,0,0,0,0,0,512,4,0,512,1,0,252,0,0,260,4,0,,0.10279541299678385,3d70de7759b5529fc14194c8b074a85e:0:0,cb89216ce0380f2fdd1328cbd3c4a115:0:0,d3d4242980f24fef9bc0bd128877fc5e:0:0,b93ba0016571620541f262426d84f28f:0:151790550,dadb18f2504f928fc37a234baa16650d:0:2230249449,1.0
844,2,844,1,legacy,0.0003,0.0,3.757158476360753,19.070091244542084,0.00717962859198451,0.0548828125,-0.0020843984908424317,0.0018368296441622078,0.0009257302153855562,0.06095924973487854,248,57,207,0,0,0,0,0,0,512,3,0,512,2,0,264,0,0,248,3,0,,0.10222835501190275,045418cba51001d33095e95de571c45e:0:0,f7ea10f0710376d8d642b27685dfe0d8:0:0,dc88f3316af3adbe58ac0e4873a3c106:0:0,a98bac13247c25d6c0256a30775efe8f:0:2295646390,6e37a3a0bf340e861ba888b10eb64446:0:810113038,1.0
845,2,845,1,legacy,0.0003,0.0,3.768225238033855,16.76573512677646,0.013566603884100914,0.0748046875,-0.0009261687751859427,0.001748853753088042,0.0028901153709739447,0.05915852636098862,257,43,212,0,0,0,0,0,0,512,1,0,512,4,0,255,0,0,257,1,0,,0.10409346397500485,3afc173cb1f6f5d04fe94b232caee05e:0:0,8fd1bfa1ca58cebaaac0430ab3a9a53b:0:0,470b11e5b8347db811940595f24780fd:0:0,b47eacd8a4059af713157477d4790a8f:0:3313206244,f128d7f5706f3101630bbd35c329105a:0:574008331,1.0
846,2,846,1,legacy,0.0003,0.0,3.88579481275593,16.9589141539219,0.008301070891320705,0.051953125,-0.000408417172729969,0.0015157503017690032,-0.0021285507827997208,0.05545751377940178,259,42,211,0,0,0,0,0,0,512,4,0,512,3,0,253,0,0,259,4,0,,0.10419952403753996,1bcbd8780c5e4ff27e23d6b4862bfc5e:0:0,3d1bf25acc7b78de4c2c2d81104e9363:0:0,ea4418a40f95d729d5b75cda26a207a0:0:0,67ea8e04e59c1f3f1f6588a484d3168f:0:2810501180,a7f29c831e48cc25ad4911ce7eee5b33:0:2796573515,1.0
847,2,847,1,legacy,0.0003,0.0,3.740661501792224,15.516622561873984,0.0019154383335262537,0.0625,0.003463680110871792,0.0012638728192541748,-0.0015426198951900005,0.05053449794650078,273,39,200,0,0,0,0,0,0,512,3,0,512,5,0,239,0,0,273,3,0,,0.10966546600684524,0df8a0a91b55418898c7e8adf1e9185e:0:0,42120f2eb87557767fb5d2f17d85c590:0:0,63d96bf909c97b03d57ef2af4e461b26:0:0,8ae31718220e341a82b3ee42886d228f:0:2862138789,78687ab763b985b9dd2c225b72b75694:0:1144736950,1.0
848,2,848,1,legacy,0.0003,0.0,3.6870856322835746,17.913104040724434,0.0018061313312500715,0.1037109375,-0.0066529432311654094,0.0017937596188858152,0.0079918522387743,0.05980633944272995,267,48,197,0,0,0,0,0,0,512,5,0,512,4,0,245,0,0,267,5,0,,0.12753535609226674,613414ea4a00568117f21dab6fe6345e:0:0,3dd8e25e07949e85ca3b35feb56b056d:0:0,210cf2621cc748751a3e52511cf249d7:0:0,a0b6eaf21b1169ec9f9a2cdddf472e8f:0:801396295,577da85205f96194d4ee4d1fdfe4309c:0:3934798876,1.0
849,2,849,1,legacy,0.0003,0.0,3.7658832576176158,17.570139141479668,0.0068052224814891815,0.0509765625,-0.0010298932669684292,0.0019315952609758823,-0.004753780085593462,0.06207819655537605,262,45,205,0,0,0,0,0,0,512,5,0,512,2,0,250,0,0,262,5,0,,0.13875875098165125,a32b3ddc73f9e2562a5952490023505e:0:0,02565bc7f675756cec90fed4b10df11d:0:0,a9123b738f0f269e58c13657049dcbcb:0:0,bbf0e778a9deeeb5a9ad0c0289613a8f:0:2917696255,e3e567e55e741ee10d9dd453f00e09ef:0:2025043630,1.0
850,2,850,1,legacy,0.0003,0.0,3.8935249051576273,17.247261526454196,0.0026094329077750444,0.044140625,-0.0034344349522143604,0.001699017616920173,0.00829939916729927,0.0590873658657074,282,43,187,0,0,0,0,0,0,512,4,0,512,2,0,230,0,0,282,4,0,,0.10935158003121614,ae91cf9f40b48f39d14ea322a2a06c5e:0:0,092fc646fef5a21b747ff59fdbfb966f:0:0,5ec671ac206fdc4ce5ffa1433a2022e1:0:0,3e10e6cb7d51bff7b17c933c86bb468f:0:4075888344,eab3a4f947dcd50450426313400a2dce:0:3161586305,1.0
851,2,851,1,legacy,0.0003,0.0,3.6948156670700776,19.42596297566148,0.0037697898223996162,0.1052734375,-0.0027751977439038457,0.001989123021485284,-0.006280931178480387,0.06353356689214706,242,69,201,0,0,0,0,0,0,512,1,0,512,4,0,270,0,0,242,1,0,,0.10203612397890538,19a21c0f597c0f81fcbd6cd4575d885e:0:0,ed800225b5362774ee44d5a346cd20a1:0:0,563390a504a9a7210b1c4d1f9d29a5bb:0:0,4ad092c93a127fdbb0940a17d755528f:0:3411361425,942fa5b15a26c4086c98873ac690def7:1:1558556887,1.0
852,2,852,1,legacy,0.0003,0.0,3.8887837047622145,18.378555672146568,0.006810429506003857,0.073046875,-0.0046284104231745,0.001804188109235838,0.004666157066822052,0.06090589240193367,236,56,220,0,0,0,0,0,0,512,2,0,512,1,0,276,0,0,236,2,0,,0.1015072000445798,864636d9a5aff154a72b4bfa1e5aa45e:0:0,a841a9d52dc0d0d1b95ef1b561802fdd:0:0,3bf9c8226d4ff6c9465cbbb0e8a10b61:0:0,819ab6f56f5ced969579f8207b2f5e8f:0:343126809,7ac405f453f8fe9c464b784ef5e2cea2:0:2557001976,1.0
853,2,853,1,legacy,0.0003,0.0,3.754137102193683,19.47509360875932,0.0019492469727993011,0.037890625,-0.002250134479254484,0.0016662492766045035,-0.008311080746352673,0.05846383050084114,235,54,223,0,0,0,0,0,0,512,4,0,512,3,0,277,0,0,235,4,0,,0.10103230702225119,bac6119cf8d49493f1b81d2ff797c05e:0:0,db1c80a1c529225822054349b6f121c6:0:0,37b90ae474136a421a4554066c60459e:0:0,f09d441a12eb010e4fb024e272496a8f:0:4074114950,310ce1917d07b8d7aef4cf5ff75248f8:1:49938306,1.0
854,2,854,1,legacy,0.0003,0.0,3.774751242340068,17.377526080982577,0.0025588078424334526,0.0619140625,-0.0028523660730570555,0.0017327132052741944,-0.0007797206635586917,0.060099951922893524,269,56,187,0,0,0,0,0,0,512,3,0,512,3,0,243,0,0,269,3,0,,0.10301431000698358,8918b0fdde16430a401dfd11e314dc5e:0:0,b8620e28c652bd90fb90740abe755f19:0:0,66180e12bfcf72088181d667b03f3262:0:0,1dd00c4a7691a9bedbb397e9bca3768f:0:1670170423,ef0277290dc6aa1b2646283bdc95e57f:0:680256090,1.0
855,2,855,1,legacy,0.0003,0.0,3.7949294363584296,17.72862614060051,0.0010948817944154143,0.006640625,6.806976161897183e-05,0.0017401262244675308,0.003973543643951416,0.059371765702962875,253,50,209,0,0,0,0,0,0,512,1,0,512,3,0,259,0,0,253,1,0,,0.10553901002276689,9714123a6cda6ad654b1483be0d1f85e:0:0,6f9a20fd1a6bb7e861971a3a69cfcd59:0:0,652e06da4f465ea614a257dc37adb778:0:0,66ac1d38ea1b30df4efc98c25a3d828f:0:324610068,da45a1581e6e3e8b7366b7b3cff6a75b:1:2354818886,1.0
856,2,856,1,legacy,0.0003,0.0,3.7932716939489852,17.610583933742063,0.004055860452353954,0.0466796875,0.0006585653522051871,0.0016480296151712536,-0.009948999620974064,0.0573897548019886,244,53,215,0,0,0,0,0,0,512,4,0,512,3,0,268,0,0,244,4,0,,0.10716347710695118,44efeb7651fafb176c609b49f0cf145e:0:0,7fa97be4e31d3d8dafcd9fb3c4d43d67:0:0,28c1adb35dc4b02004d9b2347030761c:0:0,ca618a1b7beb3ec6e3feaef84b178e8f:0:3375942719,7e85ecf150754571da36e5d585c19077:1:2875828749,1.0
857,2,857,1,legacy,0.0003,0.0,3.7096339495855313,18.168910849903597,0.002455286215990782,0.045703125,-0.0036610761657357217,0.0019785924989264457,0.0010795171838253736,0.06290285289287567,261,53,198,0,0,0,0,0,0,512,6,0,512,2,0,251,0,0,261,6,0,,0.10562036896590143,6c231fa17947e2d95ab4d2d8130c305e:0:0,4d91fc534ce8387015282c83246bf655:0:0,5d1e162acf263bb780f4d55adf6cc682:0:0,675b6da78af883920628a2178f319a8f:0:3834416816,bb4934f2a6962b03de93a9add59724a1:1:1971178500,1.0
858,2,858,1,legacy,0.0003,0.0,3.7932248002842766,17.168664675382495,0.007555139716714621,0.0474609375,-0.004311797418631613,0.0016418299986980856,0.006809437181800604,0.057608820497989655,269,52,191,0,0,0,0,0,0,512,4,0,512,5,0,243,0,0,269,4,0,,0.10630306496750563,b0d2898602eab240a5d10b8247894c5e:0:0,30d8314941075f1bc0ebd798a823b806:0:0,6047659f80c282aed069fdcaee92bd93:0:0,7f13eff71ca803075de479ac268ba68f:0:1950829328,cb33bc2ab15480763098ef33a751a704:0:3569763713,1.0
859,2,859,1,legacy,0.0003,0.0,3.7694461018321217,18.159972506782807,0.005397569388151169,0.03125,-0.0009989544749259948,0.0016283390868920833,0.0010821986943483353,0.057352058589458466,258,55,199,0,0,0,0,0,0,512,1,0,512,3,0,254,0,0,258,1,0,,0.1068255309946835,d611a83470485df6a272a1e48e46685e:0:0,e37a6d349aa879160d5df05395b49efc:0:0,df514105f05306f01a120eb3d715b1d8:0:0,a5dc2b76291603bcdc977d421125b28f:0:438049240,ba475e3792b772eb6aad3599983aac4d:1:2931305015,1.0
860,2,860,1,legacy,0.0003,0.0,3.7706873014498825,16.38170300122608,0.0046107410453259945,0.052734375,-0.002627430623397231,0.0014878343907184898,-0.004548165947198868,0.054751139134168625,280,49,183,0,0,0,0,0,0,512,3,0,512,8,0,232,0,0,280,3,0,,0.1049244380556047,235ab9af33fd24d58ff1329ae743845e:0:0,ab2e321188b748973341535b2b785ede:0:0,d2d8e874037d31384ae8ffd223340a5a:0:0,d28de7415058a17cc8a234654effbe8f:0:4247929322,a507cd27d52c7f9f7033203babc9206a:1:2386522799,1.0
861,2,861,1,legacy,0.0003,0.0,3.7946739812488754,19.408826208989517,0.0041458457708358765,0.03828125,-0.00394662213511765,0.0018791637558024377,0.0015146983787417412,0.06131703779101372,242,57,213,0,0,0,0,0,0,512,4,0,512,4,0,270,0,0,242,4,0,,0.10744896798860282,a223ef61108e97d4b43e9a415280a05e:0:0,1559c9e64a1eaa6647d4eff6f1041370:0:0,cc396db2a230e741329201d4ff303561:0:0,3f5f44aaab4802eac96066a1e019ca8f:0:2429283454,35cb5583602c7837f410d9fc4cd62f02:0:3115192028,1.0
862,2,862,1,legacy,0.0003,0.0,3.7756571513881316,18.07599211200852,0.009283218532800674,0.0763671875,-0.007714783260598779,0.0017839220818132162,0.0016251839697360992,0.05992192029953003,250,51,211,0,0,0,0,0,0,512,0,0,512,2,0,262,0,0,250,0,0,,0.15987030102405697,ff92a293f16fc43477e6f573cffdbc5e:0:0,bd6e719bfeaf5424f63495311de72475:0:0,c1df4dca0be302f572142a747ba7fe0a:0:0,6c82b0e4aa583268f3291b83c473d68f:0:3313278195,522f0c928dd4bc8fee5095c8b6cd661b:0:2645117895,1.0
863,2,863,1,legacy,0.0003,0.0,3.801634212420566,18.672093350220685,0.00920841097831726,0.0724609375,-0.001726866327226162,0.0020536444208119065,-0.003949986770749092,0.0639493390917778,246,50,216,0,0,0,0,0,0,512,2,0,512,5,0,266,0,0,246,2,0,,0.15540471603162587,6243c5c829f37fea8210a0ce5fbad85e:0:0,9e3e215699c815111a1896ae4b9c1bae:0:0,e369e776171f05a4b895bccd72aa60a6:0:0,0a1fab1e35109a3cd34e9a96fc0de28f:0:4132719714,d9fc89e42bfa1240e04b15d257f6091a:1:3731937776,1.0
864,2,864,1,legacy,0.0003,0.0,3.835422721622053,17.40636865701266,0.0074203964322805405,0.0791015625,-0.0020967456046491863,0.0015966291073709726,8.880509994924068e-05,0.05659076198935509,256,37,219,0,0,0,0,0,0,512,1,0,512,1,0,256,0,0,256,1,0,,0.1660600780742243,b932427645c8d84dd47c38ed01b7f45e:0:0,1db57995a3bf8ba034b94d708a161131:0:0,8a1256fd332b72e8e045034d20543d1d:0:0,0cc33aa67cad23f47c1e6b6786e7ee8f:0:1847306808,a498dcefed4afe77f7b32d31d92e9045:0:4011471415,1.0
865,2,865,1,legacy,0.0003,0.0,3.8141659701899937,17.84491024765706,0.0046759904362261295,0.079296875,-0.0017184579744935035,0.002013737184461206,0.0008672383846715093,0.06368571519851685,256,52,204,0,0,0,0,0,0,512,2,0,512,0,0,256,0,0,256,2,0,,0.16451972909271717,2130816fd69da302e7849a6bb5f5105e:0:0,59f7871d0043986cfbe2dfa98836d0cb:0:0,29291c822b7ab1afeca135c8eeb2f5c4:0:0,a8e947fa3474fb0b90e155816501fa8f:0:2664717632,ddcbd18be03f2e07e55ae51ca221e467:0:577318532,1.0
866,2,866,1,legacy,0.0003,0.0,3.7083648586941353,18.061921605097055,0.02366715855896473,0.109375,-0.006617876328527927,0.0017918808152899146,-0.0036063112784177065,0.05989157408475876,262,57,193,0,0,0,0,0,0,512,5,0,512,4,0,250,0,0,262,5,0,,0.15761286893393844,2c7206bdea833127c61ee1e67c722c5e:0:0,97661e375a536a9ddaa7d8d5042d98c6:0:0,09c8a221131c7d99cca91bed6d92496a:0:0,5af26ee72252f2d051db6070965c068f:0:1003584556,2140012a3ea556b063124208d7183257:0:3879883331,1.0
867,2,867,1,legacy,0.0003,0.0,3.8053588199095776,17.63597302082318,0.002290485892444849,0.0548828125,-0.004711937252432108,0.0017593191703781485,-0.001804286614060402,0.05919473618268967,261,52,199,0,0,0,0,0,0,512,2,0,512,3,0,251,0,0,261,2,0,,0.16345740808174014,4d84d08616b124c029da6bf9552f485e:0:0,cbcd7b42fddaa8996ba7ac5d9917494b:0:0,b1d11730cff4c198858a3f2fbea9ba6e:0:0,6bfc4f3e3a3b8f88a84bd3c11af6128f:0:862405104,6747abb50af95a96042904fe8a421fc3:1:1570941617,1.0
868,2,868,1,legacy,0.0003,0.0,3.6871173454092387,17.486053738921026,0.028383387252688408,0.147265625,-0.008859719894826413,0.0014459667087066918,0.0007154896738938987,0.05409079045057297,265,53,194,0,0,0,0,0,0,512,8,0,512,3,0,247,0,0,265,8,0,,0.17081533593591303,97180b294242686196e0d540402c645e:0:0,5f1803c9c512399c4f01f38116fb7017:0:0,c49a3daba5de8b3f35180eff759be143:0:0,84e4dcd7b6ecb2d7326d36fef2d01e8f:0:2719897132,6e6e66c1295c03be57888b04bf099b87:0:3400730407,1.0
869,2,869,1,legacy,0.0003,0.0,3.898535637239013,15.506165521155646,0.00804787315428257,0.083203125,-0.005006884224712849,0.001460699422750622,-0.0015655909664928913,0.05452216416597366,281,49,182,0,0,0,0,0,0,512,5,0,512,3,0,231,0,0,281,5,0,,0.16806652210652828,9e46ab799c88491f77f5fa573d69805e:0:0,6754d95b8e6519c1fedec37bcf984c86:0:0,b2e999dd352e52830d96dd3ec934b63d:0:0,ca83b6f7e292eb604f7551b61dea2a8f:0:3117449182,2448bda6696b98fe93b23c739c1150d5:0:366738752,1.0
870,2,870,1,legacy,0.0003,0.0,3.9170388318553213,17.23333888713354,0.02972150593996048,0.108984375,-0.0016943167429417372,0.001643328252248466,0.008173935115337372,0.05848986282944679,253,50,209,0,0,0,0,0,0,512,4,0,512,3,0,259,0,0,253,4,0,,0.1714715319685638,c8109a8f6a8fb2b73a77f7da4ce69c5e:0:0,e8872f410396c019147c4de72ca8d097:0:0,59854a1fea2235c42103e8be2202508e:0:0,a417226e81e067af2b952b729c44368f:0:2383335976,33520d9928dcdd69df311686ef199334:0:3856582193,1.0
871,2,871,1,legacy,0.0003,0.0,3.7574861354529685,18.297231892166455,0.007601562887430191,0.073046875,-0.005376363219693303,0.0020326596160884945,-0.0015630521811544895,0.06376633793115616,265,55,192,0,0,0,0,0,0,512,6,0,512,3,0,247,0,0,265,6,0,,0.17255415802355856,d67c556e97748dfc6a5f2a656ea3b85e:0:0,4a123ee007dfc7423f5ee90fd558734f:0:0,253e2fc1513c215badbf130da45ea267:0:0,a244e11614218c5acbf90bc06dde428f:0:3598319566,e8b4a0339073d6479e78e23db7162957:1:3004203913,1.0
872,2,872,1,legacy,0.0003,0.0,3.811448771016839,17.121888151827335,0.006102945189923048,0.048046875,-0.004853502567857504,0.0018830786051694305,0.001326010562479496,0.06139180436730385,268,56,188,0,0,0,0,0,0,512,1,0,512,4,0,244,0,0,268,1,0,,0.1765248510055244,58c53559331f4184ce3e2e94a2a0d45e:0:0,b82764d8760c3d8c5104f4d831edf872:0:0,1378c244cb760c642c000d1cca40e194:0:0,f521cca35adb2d6b1ac87a2b92b84e8f:0:2135798854,ed54828e728eb573fa5d31b46b480021:1:3778438979,1.0
873,2,873,1,legacy,0.0003,0.0,3.6908099973995725,17.5824927818693,0.00329465139657259,0.05,-0.0008711809292435646,0.001879224507138133,-0.00328507786616683,0.061188265681266785,253,45,214,0,0,0,0,0,0,512,1,0,512,4,0,259,0,0,253,1,0,,0.146984949009493,e64004554b0854948341e103e8ddf05e:0:0,8a61460a17d8e80d977cd8c12fe2353e:0:0,57ed55382f06054f87f5e428effc7da0:0:0,6db5d200db7e6afdf3263e400ad25a8f:0:897977939,ac0d66e7ace2dab1cc070b1bcb88a990:0:3213684046,1.0
874,2,874,1,legacy,0.0003,0.0,3.718616115840981,19.162095329973504,0.007064345292747021,0.06328125,-0.0026063937693834305,0.00195405216072686,0.005700739100575447,0.06309360265731812,242,51,219,0,0,0,0,0,0,512,1,0,512,3,0,270,0,0,242,1,0,,0.10277409700211138,f7800c16c89e344a19315e4f415b0c5e:0:0,f249f6683bc146339b3b9284f0a551e3:0:0,a92bc1bab4a55a2a66062e10c68dad13:0:0,1ea4adbd4dbe312c2d305f89d62c668f:0:1181166052,5d9f8c401418b5afd361368e7933c9e3:0:1459132701,1.0
875,2,875,1,legacy,0.0003,0.0,3.7476409073789583,18.155590207902605,0.00859308335930109,0.0642578125,-0.0011055875103920699,0.0017368760309182107,-0.0038671777583658695,0.05971730872988701,242,53,217,0,0,0,0,0,0,512,8,0,512,3,0,270,0,0,242,8,0,,0.10329521994572133,f702742840e91b0aae6e0312ac18285e:0:0,8a4762289c263bd69f03e77773ae2778:0:0,28d40a59dfb2ffaab42c8655ef1228b4:0:0,4346995f29125b2eaa002594f4c6728f:0:698476870,c4fc77a0367bf01d8f0db63ac0422ebe:0:3771562780,1.0
876,2,876,1,legacy,0.0003,0.0,3.8487190592307803,16.348743316275115,0.0031344806775450706,0.0685546875,-0.004183925827965141,0.0015363456681370736,-0.002363292034715414,0.056227248162031174,270,47,195,0,0,0,0,0,0,512,6,0,512,1,0,242,0,0,270,6,0,,0.10404023493174464,f47c86d7e1091a2e0bf36bea2915445e:0:0,70d724b12536c42ad91b7e6efa11a061:0:0,e866408903d0aa22c5d4fb3938537193:0:0,17cef4bac3f479c35faa17ed66a07e8f:0:1648568090,3ebf02247c7fc1833456798cc5148eb6:0:2657752530,1.0
877,2,877,1,legacy,0.0003,0.0,3.5653947796667667,18.403078441118392,0.009889588691294193,0.103515625,-0.0054469042457640175,0.0015252865268848836,0.0019472655840218067,0.05523393303155899,253,56,203,0,0,0,0,0,0,512,3,0,512,5,0,259,0,0,253,3,0,,0.10532684996724129,761b5317e32a45eac1577571b852605e:0:0,9ec65ca280329288cdbb182860f97a59:0:0,e587a29df1a909a706793fe903a80f16:0:0,b361ddb3b7623cd2653dfe1f2bba8a8f:0:986303883,e43e32b45c4e326c79cef65339f8f56b:1:4167201714,1.0
878,2,878,1,legacy,0.0003,0.0,3.589090669965623,18.825263430161332,0.0022427071817219257,0.0357421875,-0.0027482919860631226,0.0022140697692520916,-0.0008682595798745751,0.06682413816452026,253,46,213,0,0,0,0,0,0,512,2,0,512,4,0,259,0,0,253,2,0,,0.12117285910062492,63d01c2c378b038240ca3c4559cf7c5e:0:0,cd6c86ce68a46a294e9e34eaa42fc600:0:0,37da7d74276b95506b8e7b0e3522624d:0:0,b16c9c1d79318052fec6dfb64414968f:0:984863313,05a9b6a8121b4cb1933eb9fdc5599efb:1:1263241130,1.0
879,2,879,1,legacy,0.0003,0.0,3.978534122988986,17.454026156518232,0.004789094906300306,0.05703125,-0.0016184389824047685,0.0016939938650466502,-0.0031835599802434444,0.058196842670440674,259,49,204,0,0,0,0,0,0,512,4,0,512,0,0,253,0,0,259,4,0,,0.1388194370083511,2c6d1ea94d3079acfb161d010d8c985e:0:0,ed5519dc0e8d7d0b4daffc0b9b82d97c:0:0,30c81467a6ac4fb91a2fbb137ab7787d:0:0,7d77c6ba5fc1fc70a94b043eafaea28f:0:3772694015,76ce93df42e76c0f8015ff904070537e:1:347732879,1.0
880,2,880,1,legacy,0.0003,0.0,3.699303555011867,17.561011024858367,0.011438963003456593,0.1140625,-0.0005688484292477369,0.0016855157737154514,9.948703518602997e-05,0.05807901546359062,262,49,201,0,0,0,0,0,0,512,5,0,512,2,0,250,0,0,262,5,0,,0.13600200600922108,3d1964f225e523467b9fb440d389b45e:0:0,792d3e833ebafcf28acd0b7dda22b961:0:0,2d0e22f3fb2d061ab2364b7495a9f248:0:0,573d11a3819898f026cbf3446e88ae8f:0:2176056207,81323efbd07d083f1619744930562caa:0:3760923797,1.0
881,2,881,1,legacy,0.0003,0.0,3.7758769091217435,17.30352422166732,0.01146112009882927,0.0712890625,-0.00024616196751594546,0.002225756226107478,-0.007133535109460354,0.07067456841468811,261,51,200,0,0,0,0,0,0,512,7,0,512,1,0,251,0,0,261,7,0,,0.11896461003925651,e3c0b40e211d84398465dea0abc6d05e:0:0,d0f4d8b9fa9d1806132a8733f42f863a:0:0,275aeee218746106b273bcc960c9b2ed:0:0,974dcdaf237063d48a46745380a2ba8f:0:3843987146,a1299f1f4421dd12687e8161622b63b3:1:2116422334,1.0
882,2,882,1,legacy,0.0003,0.0,3.826603509061181,19.934961941880626,0.005257281009107828,0.04375,-0.0024376534391194584,0.0020206618879456072,0.0030373481567949057,0.06436938792467117,240,58,214,0,0,0,0,0,0,512,5,0,512,11,0,272,0,0,240,5,0,,0.10290041193366051,eede0459295f00ac2a01b8bc9643ec5e:0:0,4914676dc61066e964acf68b4275a4d0:0:0,931b5ec25d2f22c7a8463331cc5683e6:0:0,524a43b6a74d2b4443b28ef7e5fcc68f:0:517779743,d4d359f375768f64b312319cbf656868:1:188972624,1.0
883,2,883,1,legacy,0.0003,0.0,3.7528351556214323,18.577101593128155,0.0067931790836155415,0.084375,-0.004924639314413071,0.0018685505550820381,-0.0008928761817514896,0.061065107583999634,242,51,219,0,0,0,0,0,0,512,2,0,512,5,0,270,0,0,242,2,0,,0.12410745501983911,0293803b2fc4d66befa69f309301085e:0:0,634018bc11e4662d49f7e254539fec21:0:0,4407eca1c62014125e3bab5709b57c41:0:0,24cd45e82f1bbaae2c038abd9e96d28f:0:277112679,d730c0b08b86da31eef212be77988f04:1:378566624,1.0
884,2,884,1,legacy,0.0003,0.0,3.5750865990323972,19.103299420223774,0.0059150103479623795,0.0478515625,-0.0032287250738590955,0.00205846723401919,0.0015409309417009354,0.06415169686079025,251,45,216,0,0,0,0,0,0,512,1,0,512,4,0,261,0,0,251,1,0,,0.13884029805194587,deb2a5be213f3899e3222e98a1fe245e:0:0,a5dc1b1aa5352f2016b1238467a1735d:0:0,1364b7bf8b7a059e1ca44cfc14aa10d0:0:0,a8028c9b656bbb2e9127ef30aa70de8f:0:3941844697,74c9c5fb95fb3f0b8a701aa53f202fdd:1:1457030839,1.0
885,2,885,1,legacy,0.0003,0.0,3.5992921595465703,19.15911077476928,0.014325886033475399,0.1083984375,-0.007036956958472729,0.002115982526447624,-0.007253995165228844,0.06520184129476547,255,60,197,0,0,0,0,0,0,512,2,0,512,4,0,257,0,0,255,2,0,,0.13435632293112576,e561e683c1288d96b8dc4390c33b405e:0:0,58a5f481f779c8e3fd5830029081e0d5:0:0,fea02ed81c49adbccd384bb3d1ec33cb:0:0,c1a1bb6c1ecf3734420983dd098aea8f:0:951129925,2cccc6dfd8dcaabb7d88c2e4bacad805:0:1472866432,1.0
886,2,886,1,legacy,0.0003,0.0,3.765793967123999,18.12942855504773,0.004426131024956703,0.0568359375,-6.625470705330372e-05,0.0014209357061190531,0.0002696699812076986,0.05332941934466362,257,59,196,0,0,0,0,0,0,512,2,0,512,10,0,255,0,0,257,2,0,,0.13368625391740352,48b2fc4714cccf2ee7d6fab4f6b85c5e:0:0,5d3f872ad9082886ea1c01eae0552db3:0:0,4933e36eabd001f8409e9edd030ea8e4:0:0,a4fb3ea8c66bc1659a8d504ebbe4f68f:0:1933494171,b4178f59488f1e7c3cf300d4dae36b22:1:2087490403,1.0
887,2,887,1,legacy,0.0003,0.0,3.8563148541491152,18.430594839301783,0.007855040952563286,0.1072265625,-0.0037759766913950444,0.0015688716783188283,0.006308707408607006,0.05637068301439285,254,46,212,0,0,0,0,0,0,512,1,0,512,2,0,258,0,0,254,1,0,,0.13800585106946528,90fe1ebf4b7f0d06c5aeb0a13c75785e:0:0,6a6bdae47949412e11554f5cafe8f21d:0:0,15525e29474216cb6eb215a48aba7bbf:0:0,e127906dc8493ec58f939c11c17f028f:0:3020717065,096cec7d796002d7624a45c3a943f572:0:1523165807,1.0
888,2,888,1,legacy,0.0003,0.0,3.6909415069329614,19.025521994709237,0.010589164681732655,0.049609375,-0.0004065609071403742,0.001828082639258355,-0.008350108750164509,0.0614316500723362,254,56,202,0,0,0,0,0,0,512,3,0,512,7,0,258,0,0,254,3,0,,0.1381911060307175,e0725a644ed91146a29a01f19472945e:0:0,2a1773d30b6dc1b3afba1c1392464c72:0:0,fcf787c538024606c75b633b6d98427d:0:0,357ce0126bea5418baf7eeb21a590e8f:0:3569122392,7516a78753df7d83b30186a7944be828:1:1017425246,1.0
889,2,889,1,legacy,0.0003,0.0,3.873318116834014,17.784276776197782,0.007319178432226181,0.044921875,-0.002068896312266588,0.0020784164778888227,0.006243443116545677,0.06496099382638931,267,45,200,0,0,0,0,0,0,512,2,0,512,7,0,245,0,0,267,2,0,,0.1346215239027515,a442763f66c12786e569cb41feafb05e:0:0,46cd9e04568fbfd79139626087d58b8a:0:0,0ca186509ac6ac7a48aa5d30f4902d3a:0:0,0c728dd6d1ba768a67910fbbc6731a8f:0:2910613581,8c3da8b38b8d127ae6bcd5a5e2d6d2c4:0:3442178071,1.0
890,2,890,1,legacy,0.0003,0.0,3.7730703643263954,19.173566982379576,0.0022716959938406944,0.0529296875,-0.0003292360808700323,0.0015950078901369124,-0.001958063105121255,0.05673792585730553,261,54,197,0,0,0,0,0,0,512,4,0,512,2,0,251,0,0,261,4,0,,0.13376191700808704,7b68219c9cd205fc2789292e7b2ccc5e:0:0,b823165723f08b9f3b10853183b395e3:0:0,d2949805b80e63c2211e17f932118944:0:0,614d700e05dd9f919d3106bac5cd268f:0:280567548,51a8537a6f212509244080be20b7a0f0:1:1751095134,1.0
891,2,891,1,legacy,0.0003,0.0,3.7225369344740136,19.13155223481391,0.010572345927357674,0.065625,0.00025127064436674117,0.001659196347463876,0.007413004525005817,0.05806843563914299,254,58,200,0,0,0,0,0,0,512,3,0,512,5,0,258,0,0,254,3,0,,0.1037133710924536,3064891bcac0d8e350fd785309e9e85e:0:0,5b7e51e07ab920a908b15ca66a86943d:0:0,dacb542814e5c3fe09fdc40794863201:0:0,6993664a5aeda4162ca51b3b1867328f:0:2728765009,39470735fa80ef09583ff4a1c9cf64de:0:794658275,1.0
892,2,892,1,legacy,0.0003,0.0,3.714504667264351,19.328971121262107,0.0035955344792455435,0.059765625,-0.003236797731369734,0.001868772367015481,-0.003934850916266441,0.06105204299092293,256,60,196,0,0,0,0,0,0,512,3,0,512,5,0,256,0,0,256,3,0,,0.10252890398260206,e8edf54a7f5d702db466554baae7045e:0:0,f6233f5d9706da2995e7d626de9fe2c9:0:0,fee9fd7bd3517da5b67324d3be1ff18e:0:0,93985a5d7f312ed5bbb5d4c8be413e8f:0:1545011461,46b0fec3532237ddec26c94abbffe7ea:0:3894138187,1.0
893,2,893,1,legacy,0.0003,0.0,3.759941889406604,17.912756139228847,0.007132458966225386,0.088671875,-2.424598205834627e-05,0.0012928605603519828,0.0006428897031582892,0.05139690637588501,255,37,220,0,0,0,0,0,0,512,0,0,512,2,0,257,0,0,255,0,0,,0.14134380198083818,565db39a25c88f6d2afd9cb45e24205e:0:0,17d6e54c13a7d350bdfd41452635e5ab:0:0,f466711d9b4dec1cc3d4e78e7654b2fe:0:0,3aba7648fed85e08d126faefb75b4a8f:0:1377807986,1150421da7ddf515236c83aae6d298fb:1:3810774043,1.0
894,2,894,1,legacy,0.0003,0.0,3.7838438835743813,18.307792421423862,0.008815061300992966,0.0634765625,-0.003089158097282052,0.001610312715638429,-0.006061044987291098,0.056900545954704285,247,47,218,0,0,0,0,0,0,512,3,0,512,5,0,265,0,0,247,3,0,,0.13799237390048802,ee3045301a7c600030976b2923a13c5e:0:0,f75d79322dc25e95dfde0cad9130e7b9:0:0,4a018632ce382f5ecbefe880fc07cec1:0:0,cb57098725cb0447e0b7953c03b5568f:0:657377695,c70ceb7d5166e5049b75a1a2f857f293:0:2775569560,1.0
895,2,895,1,legacy,0.0003,0.0,3.6680244777078723,19.396854771289007,0.004994610324501991,0.0634765625,-0.002280508726835251,0.0016302274714689701,0.01396446954458952,0.057541899383068085,242,50,220,0,0,0,0,0,0,512,2,0,512,4,0,270,0,0,242,2,0,,0.13466292002703995,3543a5b799c3057dffa21d45fb5e585e:0:0,471ac6ad408319da40eae16578b04b3f:0:0,a1048e7f69b0496faa9b9b2e7eead000:0:0,e765575f73948cb05721eb39a34f628f:0:576598888,8f96c342d6ce030986779d88515a4458:1:1358072042,1.0
896,2,896,1,legacy,0.0003,0.0,3.696394497262143,18.29789884385773,0.006852001883089542,0.0638671875,-0.0021651489194482567,0.0020221054437570274,-0.0022062049247324467,0.06392264366149902,259,40,213,0,0,0,0,0,0,512,2,0,512,4,0,253,0,0,259,2,0,,0.13450311601627618,24f46f07b3375462ad264fa6e55b745e:0:0,ea173147822fc15ae0d990d50ca486b5:0:0,7d67d5e607048b4cf93623ac1404d842:0:0,6438534513f98249a61b847496296e8f:0:3900072801,6f767091ec9f7f985027dffe6dcb1498:1:713908231,1.0
897,2,897,1,legacy,0.0003,0.0,3.6340011165409605,18.745364363024475,0.004407763015478849,0.078125,-0.004420546931214631,0.0018059578491374851,-0.000862891785800457,0.06020103394985199,261,52,199,0,0,0,0,0,0,512,4,0,512,8,0,251,0,0,261,4,0,,0.13970023789443076,d90aad19adebaafb44c6dee7e198905e:0:0,1f85d668ac46022923ff640246298757:0:0,698d65630cd60b14b8bb9d5309e64979:0:0,a56c27890ec2baaa50552878dc437a8f:0:4176036064,a3a69662751794cd0b528b00e023ceed:1:1653945434,1.0
898,2,898,1,legacy,0.0003,0.0,3.6957170450395944,19.726947658223825,0.007238468620926142,0.124609375,-0.00460728039033711,0.001861763745546341,0.005975992884486914,0.06124075874686241,248,57,207,0,0,0,0,0,0,512,1,0,512,4,0,264,0,0,248,1,0,,0.13576997094787657,3ad2607688d2ec91e4c0e7a4f015ac5e:0:0,99671dc2a2c935a32967ddaeb04eaa08:0:0,040851c23e14f1b098cb93290f81a8da:0:0,dbb845f5214a23dcf57aded2759d868f:0:174890323,2b67fee3f9af4f745cb54832d621709e:1:4204655789,1.0
899,2,899,1,legacy,0.0003,0.0,3.697137440993833,17.606955098881862,0.013875633478164673,0.0658203125,-0.002278814744204283,0.0014977181213907897,-0.005895652342587709,0.05491429939866066,263,44,205,0,0,0,0,0,0,512,0,0,512,6,0,249,0,0,263,0,0,,0.13365045899990946,7301f3ec83079ed9d9ebc67a10d2c85e:0:0,d8690d6b2462ea103addcc636d0805be:0:0,845066ae6440b580ad8d2ec860cfe500:0:0,fb82b12f745535855e33ef0d6237928f:0:2529523848,d3224a5093eec1a29a2f63cf1dc94010:1:3533306082,1.0
900,2,900,1,legacy,0.0003,0.0,3.851949163085961,21.136956273506094,0.008400428108870983,0.0818359375,-0.0008246409241110086,0.0015891884628217666,-0.002010822994634509,0.05645212158560753,234,64,214,0,0,0,0,0,0,512,3,0,512,2,0,278,0,0,234,3,0,,0.11540108092594892,c3724d07d78d299bbbb9180343cfe45e:0:0,1162ed68c07deba68fbb0c15461390ae:0:0,4fffebee1149abd443a512e0ce75174d:0:0,c9e52912a0c905458822e0b5a2119e8f:0:4067016886,3787fddca12fee942a6875ab34ed3d7d:0:2672357244,1.0
901,2,901,1,legacy,0.0003,0.0,3.620813961364409,21.339520643536435,0.006411324255168438,0.0919921875,-0.0045506108552217485,0.0019098142220173031,-0.030311070382595062,0.06782587617635727,226,61,225,0,0,0,0,0,0,512,1,0,512,1,0,286,0,0,226,1,0,,0.10149557702243328,35689d74182738a18834b8dc890d005e:0:0,ff6b5ddeb6634a8bc4c37dacf834f9ee:0:0,1bc9beea5b76be1099ce934653c8158b:0:0,1a98eb70b5c3fe62b1e57b57352baa8f:0:3064854080,992064118b4794bb7dbc010ff886c8c1:0:2043610481,1.0
902,2,902,1,legacy,0.0003,0.0,3.7434779766224873,18.98857538319567,0.006683048792183399,0.0529296875,-0.005047742428723722,0.002136415150016546,0.007596518844366074,0.06637915223836899,259,53,200,0,0,0,0,0,0,512,4,0,512,3,0,253,0,0,259,4,0,,0.12809794303029776,7b89b615d2e33fe2c004c5a1e08a1c5e:0:0,6b6b4d2be6eaa3f2a6d5ba2d2a4c47a5:0:0,3176ace03147549f3d2bcd22518b51fc:0:0,3931ce0332a93caa6714c67e1b85b68f:0:680884372,f88647fe7e27b6167a7afcc8a5715a17:0:200469723,1.0
903,2,903,1,legacy,0.0003,0.0,3.744001963742612,19.18500814369135,0.015340400859713554,0.080078125,0.0006879327818751335,0.001589104748563841,-0.007343301549553871,0.05747641250491142,253,50,209,0,0,0,0,0,0,512,3,0,512,6,0,259,0,0,253,3,0,,0.13821607397403568,b1c153566df021f082699aef4a47385e:0:0,5d1738684b2d866b182a9ec3fe44a294:0:0,92e0f9a0eb55b96c6de4ea362706c9d1:0:0,6f75959527a98a978c4509b6551fc28f:0:1456014108,e283e3a6c931499202a4d00537594079:1:657695742,1.0
904,2,904,1,legacy,0.0003,0.0,3.696256106890914,19.00014844881519,0.004527518060058355,0.056640625,-0.0010018936591222882,0.0018252860172651708,0.011730263009667397,0.06176653131842613,235,51,226,0,0,0,0,0,0,512,5,0,512,4,0,277,0,0,235,5,0,,0.13483951601665467,7bb5acc6655ff8a1a93dd560c644545e:0:0,5c7eaec19bcd29a16279871b3e123dd1:0:0,dda1fa28bead547e47f1d7760c21d89b:0:0,9cb099bfef5602b76b05cc8be1f9ce8f:0:1746755480,b2eebac1f924d8cbac70aff41b64a329:0:1398678535,1.0
905,2,905,1,legacy,0.0003,0.0,3.6537019614680815,19.436933967143787,0.006743236910551786,0.0662109375,-0.0029284111224114895,0.0013850682822521775,-0.007257174700498581,0.05256970599293709,243,51,218,0,0,0,0,0,0,512,5,0,512,2,0,269,0,0,243,5,0,,0.1347766340477392,960880e4566ffffee4f651925481705e:0:0,739d1fe97ec1310d75bd46bd2d7e519a:0:0,88cc71d75b0489eee50aa3e88982232a:0:0,d1ecfbde33c8544ebde1d68ac213da8f:0:3537194781,36a1d91aae181538339f95315effd5aa:1:76556786,1.0
906,2,906,1,legacy,0.0003,0.0,3.6616129127533394,18.932007976629883,0.0067934682592749596,0.0767578125,-0.006211120635271072,0.0016968774201814086,0.005902241449803114,0.05838919058442116,256,50,206,0,0,0,0,0,0,512,0,0,512,1,0,256,0,0,256,0,0,,0.13936795003246516,71eae08183f2a36ed8a22c1ff4fe8c5e:0:0,e21afc40c23313aad4319b83abcb4b85:0:0,c5832014bd9293fd372e58cf983c83b4:0:0,d825fb2431ecab3ebc5f2f3ef56de68f:0:3947916050,69e3ab3c1c7582904140039abded1062:1:1713683594,1.0
907,2,907,1,legacy,0.0003,0.0,3.664962501627869,20.546106267889954,0.003065185621380806,0.0318359375,-0.0008033552672713995,0.0020027924154419454,-0.011143418028950691,0.06386002153158188,221,55,236,0,0,0,0,0,0,512,0,0,512,1,0,291,0,0,221,0,0,,0.14166566298808903,17a823e6bf77ad2235eac1a5a7bba85e:0:0,2e4e793d593d02d12001e147e36e5249:0:0,1ad777b943cf136370d96551f490b070:0:0,5b353f176d793b2a26ff1e347c07f28f:0:4213609975,1bf69c5969e8a3bb797e4c6fa934671d:0:2575967040,1.0
908,2,908,1,legacy,0.0003,0.0,3.5620978916603026,19.479652502390586,0.009859979152679443,0.049609375,0.0009111606050282717,0.0017503257899079473,0.0061020017601549625,0.05922739580273628,254,58,200,0,0,0,0,0,0,512,2,0,512,3,0,258,0,0,254,2,0,,0.13920809607952833,8606b686e2ce97bfd913aebf6cb8c45e:0:0,3cb2977a29e73317a6f788101cb64204:0:0,1f2d31f98f8c97746e7c3a003779107b:0:0,218c4ceb481f6dda533e2af755e1fe8f:0:1433580134,b4b92a03063ed0bc60c0783cd4695769:0:2449380028,1.0
909,2,909,1,legacy,0.0003,0.0,3.7855303571095886,19.483965056916052,0.00734908040612936,0.05625,-0.0023521705996245148,0.0016368531389161945,-0.0037731851916760206,0.057109344750642776,242,59,211,0,0,0,0,0,0,512,1,0,512,3,0,270,0,0,242,1,0,,0.1304515270749107,43f2c4b6457f0250e4fad00943f5e05e:0:0,34951a95f3122aa21669e3b4a9f796d5:0:0,326c0818be7c76ec5b8844718f738e18:0:0,3110c3932e82b4e437941d1382fc0a8f:0:3870320717,18e14c82dffc8eb4c5408a25f6a64574:1:58099482,1.0
910,2,910,1,legacy,0.0003,0.0,3.710980813688694,16.824496696450563,0.0049317823722958565,0.097265625,-0.0028066491708159448,0.0015512491285335273,0.0036390365567058325,0.05559477582573891,266,45,201,0,0,0,0,0,0,512,3,0,512,4,0,246,0,0,266,3,0,,0.11013274907600135,12175188d9d3466cdf18421f2d72fc5e:0:0,8e5837ef2e99ba87a05e63ad42595b4d:0:0,ed0e6578637b5565e74cdfd5c73b086c:0:0,f7e66da64d80fe8d7773fc150356168f:0:78417306,2768770776ee18f8c6d3ca35be655947:1:3757104606,1.0
911,2,911,1,legacy,0.0003,0.0,3.6619830053930045,18.835464929548575,0.0033572055399417877,0.0408203125,-0.0005950283142738044,0.001987709413515404,-0.005856528878211975,0.06389093399047852,251,55,206,0,0,0,0,0,0,512,4,0,512,2,0,261,0,0,251,4,0,,0.11955334607046098,cd15d1a2dd1130a5cb7e619d2930185e:0:0,0a2a593b04c636e4448fa046e2ce271f:0:0,5b23d7e327148b5057d63afc39c767af:0:0,77d6b77c0258cdf16f4c0f87d6f0228f:0:2772925424,c3980bbfa7228f178087bdfce9c9c5d7:1:3057864427,1.0
912,2,912,1,legacy,0.0003,0.0,3.6031435639458955,18.823452733151804,0.00675703352317214,0.048046875,-0.0026668512262403967,0.0017716663423925638,0.0019318832783028483,0.06052687391638756,244,53,215,0,0,0,0,0,0,512,1,0,512,3,0,268,0,0,244,1,0,,0.14250126690603793,d1331a72467cdb3448d9cb1f372d345e:0:0,42e5817c7b8b8010d09322b856400fcd:0:0,9a34c10c08ddb7e78486ef188a4c73d1:0:0,ff99a3337838f6664085def7fdca2e8f:0:2117663625,7165b12cb4b283587123051e1105e95d:1:1534500944,1.0
913,2,913,1,legacy,0.0003,0.0,3.7913117384956276,16.838427419607726,0.023111607879400253,0.08203125,-0.006571173761039972,0.0013072019908577203,-0.005007419269531965,0.05191349238157272,269,40,203,0,0,0,0,0,0,512,2,0,512,2,0,243,0,0,269,2,0,,0.1389588509919122,bfd243f160c1aae3ac715b41576a505e:0:0,eb415cba3bdb11f9a642f5f320f02611:0:0,e9f926c3544d277c474742b8e198aea2:0:0,21c8eba425c5fa21dd8631f177e43a8f:0:2935770842,bed7ca68d049a1e6ba57c46d6cd9ec8f:1:470513952,1.0
914,2,914,1,legacy,0.0003,0.0,3.5943027889165884,19.194127336803792,0.010934188961982727,0.053125,-0.0024147838354110717,0.0018806351465173066,0.005407380405813456,0.061274535953998566,250,60,202,0,0,0,0,0,0,512,3,0,512,3,0,262,0,0,250,3,0,,0.1369171820115298,983305bd395d6e3e1e262e9f89e76c5e:0:0,849eb8c0b3202a680c17e86a1da55b67:0:0,c2b174e193947f04ccf1f0bee54a652a:0:0,48faaa801d210c1f15ad1000453e468f:0:3533969237,20cc9ed02fecbd73634c7bb66e586d30:0:1128497381,1.0
915,2,915,1,legacy,0.0003,0.0,3.578912739825677,17.611455081393967,0.0029400833882391453,0.0556640625,-0.005521034519188106,0.0014470065128989519,-0.0059900409542024136,0.053952980786561966,269,51,192,0,0,0,0,0,0,512,3,0,512,4,0,243,0,0,269,3,0,,0.14271514699794352,d9e11ef4d1a99ef8b473a1d5cea4885e:0:0,5d001aa9e940d6d09b3571ab2bac414c:0:0,d572f65026a54f6959228349c2abffff:0:0,76a5853c60fcb542a155c0b065d8528f:0:690437742,8f53c51f6295c66c585a840e36c88608:0:713795596,1.0
916,2,916,1,legacy,0.0003,0.0,3.8567235732979146,20.89693467069982,0.00705012958496809,0.0669921875,-0.0017237287014722825,0.0014986310561653227,0.005765283480286598,0.054926615208387375,235,65,212,0,0,0,0,0,0,512,2,0,512,2,0,277,0,0,235,2,0,,0.1429540429962799,12557b003d1ec59f906f518025a1a45e:0:0,c8d77d098d7a3a402465ea57d034f2fe:0:0,f5d9d790f642404ccb948a3b49d56d73:0:0,5a451f9eb14b1cc02dd6cb8dd9b25e8f:0:3842588126,87682ae8ec43998a23fa116b95e78648:0:3167883233,1.0
917,2,917,1,legacy,0.0003,0.0,3.585215023558919,18.34408049979801,0.00615672068670392,0.055859375,-0.004197485325857997,0.0018866728292778133,-0.004503562115132809,0.061390601098537445,257,45,210,0,0,0,0,0,0,512,3,0,512,3,0,255,0,0,257,3,0,,0.1398567040450871,fab80409186dff81f9c91a3a8edec05e:0:0,efa67671e34591c5711545d752a4e796:0:0,cfbde18300d5dd1a9415ab52996d8e75:0:0,f2fa5a1b8211f3bf6981f824a0cc6a8f:0:3082429426,7b625aba9a74f9229ad465e7b052dd67:1:2828570903,1.0
918,2,918,1,legacy,0.0003,0.0,3.75401424800879,17.319191088131383,0.006570679601281881,0.0490234375,-0.00016319146379828453,0.0010974115604767576,0.00017210416262969375,0.04700188338756561,271,44,197,0,0,0,0,0,0,512,3,0,512,2,0,241,0,0,271,3,0,,0.13613440899644047,58ba6e98050ca6de7acb18a10a5bdc5e:0:0,59231976d006278077605ee4f96e9e01:0:0,a68ecccfac209f958ff29fdf364eb111:0:0,4ad7b57a0ef004410fa44e00bb26768f:0:2629013852,6012991236084646a209c241f51fe858:1:397287106,1.0
919,2,919,1,legacy,0.0003,0.0,3.767403772598916,18.42978352622968,0.0052955010905861855,0.04375,-0.0020588376559317113,0.0013183251314330847,0.0006020112195983529,0.051825910806655884,250,47,215,0,0,0,0,0,0,512,8,0,512,1,0,262,0,0,250,8,0,,0.10631937102880329,6068c07514ce1d4efc59a94f9818f85e:0:0,b3b8cb9b4a66b4c7298df2ae66e768ad:0:0,e6ad9e93eff5d311f6a3ffb029bcf6f6:0:0,836f147fbde06343f48614ae28c0828f:0:2501960140,4900160b508b63ab97a622d5cdbaa681:1:1900722089,1.0
920,2,920,1,legacy,0.0003,0.0,3.6915334929465486,19.11720412157094,0.003792460775002837,0.0265625,0.00019154418259859085,0.0015236780396662652,-0.004622874781489372,0.05568503588438034,251,55,206,0,0,0,0,0,0,512,1,0,512,2,0,261,0,0,251,1,0,,0.11029052303638309,8ecbe7935127b874e1f368e23816145e:0:0,b372381f4455e2409fecdc94b8e25ea9:0:0,bf1104ff6e34fbc5c1564b5eeaac35fc:0:0,524affaf43c7462a116ad3b8e99a8e8f:0:3700053042,078217db79fbd1b9b062a27da8205bab:0:1542478547,1.0
921,2,921,1,legacy,0.0003,0.0,3.776568845460372,18.696586824080107,0.003586574923247099,0.060546875,0.002695620758458972,0.002207203715806827,0.01309463381767273,0.07218761742115021,247,51,214,0,0,0,0,0,0,512,2,0,512,4,0,265,0,0,247,2,0,,0.14440231304615736,10956479c9bad0e525b133f4ea53305e:0:0,18bfe2d1f9eb2903ad953bfe59622d28:0:0,ce0192c073bef8d4fa3ba5d5ce949b37:0:0,250286733d547b5d909152acfdb49a8f:0:3915041258,4d793be8efaccb7e55ff42b568c093ae:0:2333737744,1.0
922,2,922,1,legacy,0.0003,0.0,3.734188280650715,20.07459443918338,0.0021465711761265993,0.0677734375,-0.0025150465313345193,0.0015977995877619832,-0.010045558214187622,0.05742768198251724,227,58,227,0,0,0,0,0,0,512,2,0,512,2,0,285,0,0,227,2,0,,0.13755031302571297,f700d646d5c0f35474462723aed04c5e:0:0,4afaed6c3a11db9c4776b0a319101de3:0:0,735551a2de7a4032b8850ff538236a3d:0:0,62cbdc572ec78635d9339916650ea68f:0:3374365371,e7b07453654c8a16655c172175f3d7f5:0:1982970120,1.0
923,2,923,1,legacy,0.0003,0.0,3.744678688312767,17.44092127707648,0.02604542300105095,0.1029296875,-0.00457807092461735,0.0016290831903461368,0.006120940204709768,0.05735209211707115,265,56,191,0,0,0,0,0,0,512,4,0,512,1,0,247,0,0,265,4,0,,0.13603778707329184,f1e91d1473f6340348ff9f0a858d685e:0:0,d01b82bab3db5e8dd028d257266b01c7:0:0,26a7de835e20b31fa764c12bcbff7c71:0:0,9816e03d1d215e1c9b86ee811fa8b28f:0:4027197362,f2b4a9a70a050cf716349179eb267998:1:1208192494,1.0
924,2,924,1,legacy,0.0003,0.0,3.8241194751674765,20.562664373633897,0.009661690331995487,0.0904296875,0.00011164584429934621,0.0017161833413410932,0.006571706384420395,0.06061603128910065,237,64,211,0,0,0,0,0,0,512,2,0,512,3,0,275,0,0,237,2,0,,0.13749562401790172,32faca2ef49da46a09c538456e8a845e:0:0,cc7d33c7b1625a6c17dbaaf549d3b056:0:0,f330c0ff2b9eb11a5ca9969040b2bcc2:0:0,bb0dd6c9334fd0f2dcbbda792d82be8f:0:851475253,00f5617a94ccfd1313c1138817bb15a3:1:322204402,1.0
925,2,925,1,legacy,0.0003,0.0,3.802868899894539,19.115807962551656,0.004099834710359573,0.04609375,-0.0005172064993530512,0.0016123211942613124,-0.004940308630466461,0.05717088654637337,256,52,204,0,0,0,0,0,0,512,4,0,512,2,0,256,0,0,256,4,0,,0.1458029979839921,b534b439593beb252318cf7069c7a05e:0:0,24aa7aae9d328b0032ef0f7ac4c8e88a:0:0,a295192b341e32387714c8d24cfa4e16:0:0,191fc88825de88b602fe248a8e9cca8f:0:3832514480,39a9f7eda5f544f9663a798acc14da18:0:2072346190,1.0
926,2,926,1,legacy,0.0003,0.0,3.757900289223244,19.59808228953952,0.02470182627439499,0.1228515625,0.004849587287753821,0.0014384690788574518,0.007808096706867218,0.05399355664849281,255,58,199,0,0,0,0,0,0,512,4,0,512,3,0,257,0,0,255,4,0,,0.13763083994854242,97c9c00515a3fe21241681277744bc5e:0:0,fd2b05652172c9486ee02591e7ea28ef:0:0,cbf7bd4de23ddbd0398ebe5caf057bcc:0:0,d12d27a047b9b464e174d44142f6d68f:0:2671644756,df0998abe4cdc160dd64aa0611574b38:0:3664075755,1.0
927,2,927,1,legacy,0.0003,0.0,3.9121228390018636,19.737978866911266,0.0046716611832380295,0.0837890625,-0.00497832540422678,0.0015056103817187249,-0.004883138462901115,0.05515805631875992,254,50,208,0,0,0,0,0,0,512,3,0,512,6,0,258,0,0,254,3,0,,0.13570427696686238,be34458d1df1ff06da74aa069701d85e:0:0,542ff3a4753aac3f92977704e93a5ea7:0:0,89f50ff0110196f7d5852aa5a0317f5c:0:0,f6d4a028828e5424c44231294a90e28f:0:2494859278,1946f19dce786ececb5f0a19ab79bdb9:0:3746064366,1.0
928,2,928,1,legacy,0.0003,0.0,3.7905302455400873,18.739203753130298,0.015153453685343266,0.0802734375,0.0017195498570799828,0.0016773194016423076,0.009104658849537373,0.05812898278236389,251,57,204,0,0,0,0,0,0,512,3,0,512,3,0,261,0,0,251,3,0,,0.10284765996038914,ab23eb2e6d1039e76e83e6a9c8fef45e:0:0,9b297a471ddee3ec735cdf52446f57e8:0:0,7cd6c5a82a5b11cf3be7da1d55dc6776:0:0,8cf3418ba55428a67c83c2cea56aee8f:0:2684868805,0a42e22ac1401b32c2cf47cd03cca6eb:0:1914923385,1.0
929,2,929,1,legacy,0.0003,0.0,3.7554739808547177,17.952413680970068,0.002367218490689993,0.058984375,-0.000986532145179808,0.0015507936011999845,-0.010848567821085453,0.05640600621700287,247,43,222,0,0,0,0,0,0,512,2,0,512,4,0,265,0,0,247,2,0,,0.10185535997152328,c3225fe26f6246287f2f13ad0d3c105e:0:0,569657fc2362261b43d717138a082ee9:0:0,fc8084737a59866be7256ee93139ac24:0:0,62f086a9bb8d45cb6c5250bd5384fa8f:0:163529742,1afb90ec022b3654be45f17c9b91ad93:1:512948614,1.0
930,2,930,1,legacy,0.0003,0.0,3.810844931046101,17.623297410024463,0.003582993056625128,0.0248046875,-0.002850684500299394,0.001469698455184698,0.006121750921010971,0.05433681234717369,253,50,209,0,0,0,0,0,0,512,4,0,512,1,0,259,0,0,253,4,0,,0.13798414601478726,009a07e9fd3249b03dfb4dac63b92c5e:0:0,6514c5496dc69d9ad1ad5874c66a5aeb:0:0,e8ee27441bc97c9599edc5d6aefc2b82:0:0,7d2425b45fc7488a92c1e28154df068f:0:372284427,8d8ebb504ef404063f42a7c27e1f4ccc:0:1176332569,1.0
931,2,931,1,legacy,0.0003,0.0,3.827489291600685,18.324533423749067,0.004339490085840225,0.01484375,0.0014508139342069627,0.0013230284588644282,-0.00259456317871809,0.051651470363140106,252,58,202,0,0,0,0,0,0,512,6,0,512,3,0,260,0,0,252,6,0,,0.13793620199430734,d7937601d07c5e518b07f143cc76485e:0:0,30ebee4b3f304908b54a27b47ee93916:0:0,37039978773dd51e456fa99abcc5d2f4:0:0,ffc9000e3bea301597e1bfa6a979128f:0:3495001937,34908c652beabfacdaebc57f002d3c78:0:514290650,1.0
932,2,932,1,legacy,0.0003,0.0,3.8014900378857948,16.803337499176152,0.023723391816020012,0.141796875,-0.005123895988799631,0.001153664747835137,0.00207983679138124,0.04826437309384346,257,47,208,0,0,0,0,0,0,512,6,0,512,3,0,255,0,0,257,6,0,,0.13521096797194332,c6436de3a1b41978110e9b0f4773645e:0:0,b4f38136d4e7523c01e922ec0311bda4:0:0,4f0764b08c4f871597bce74cac05972d:0:0,88c605c129e0da3dd8bc6fb951531e8f:0:506261804,85e03e68f786bdfc7974a28a18a0c6bc:0:2006138272,1.0
933,2,933,1,legacy,0.0003,0.0,3.6748972632104535,17.1483690653784,0.001800872152671218,0.0509765625,-0.0007626880891621113,0.001675123121822253,0.0015592265408486128,0.058120738714933395,264,55,193,0,0,0,0,0,0,512,1,0,512,5,0,248,0,0,264,1,0,,0.1360687370179221,0aa32b8157203614616327aad4b0805e:0:0,5e479f2239700b7fa23cba6e003d32af:0:0,45390e97bbfa369dca4a29b53782a84f:0:0,725b6769a72723197357ba454c6d2a8f:0:3030423904,8156fbafe0ae6847c9444923050bbc8a:0:3852850381,1.0
934,2,934,1,legacy,0.0003,0.0,3.665441823308628,18.212236941150707,0.003937363158911467,0.042578125,-0.0011308297049254178,0.0016906932229176163,-0.0004940441576763988,0.05847307667136192,260,55,197,0,0,0,0,0,0,512,6,0,512,4,0,252,0,0,260,6,0,,0.14057699195109308,5f07c511f26860c80ff3b3b2742d9c5e:0:0,a59da4a8ab4d1893fbd930308949cbeb:0:0,d638eb7844e6db50ad63c3fdbf4b0553:0:0,92b804c18dc9a7e852b4a6d69ac7368f:0:1903225110,48034602b8c000fa272feb09b5c989cb:0:1649171403,1.0
935,2,935,1,legacy,0.0003,0.0,3.6540189718943035,17.55014437099005,0.007734013255685568,0.0865234375,0.0003716493723914027,0.00135323156719096,0.0008674976998008788,0.0527426078915596,258,52,202,0,0,0,0,0,0,512,3,0,512,3,0,254,0,0,258,3,0,,0.1378816559445113,aa43b4b227f12651cf489bc225eab85e:0:0,526ca167415163b90e826e1b9c2d12be:0:0,94677ca256e4b708d951656cf58f28d9:0:0,a5e0a53f45632d393acf7cf93c61428f:0:3812393271,2ff5adee9cd87813773abbafc2be69c5:0:986388962,1.0
936,2,936,1,legacy,0.0003,0.0,3.728628908261168,17.18852983241621,0.0013939064228907228,0.048828125,0.002317494247108698,0.0015777114895172417,0.0026032417081296444,0.057144202291965485,257,54,201,0,0,0,0,0,0,512,5,0,512,4,0,255,0,0,257,5,0,,0.13527255004737526,6d8ee904cba204398c847c75e9e7d45e:0:0,3668545519aba2a6919b856d810a8e73:0:0,76d1a63aa9f4ccafc2caf4ecca71b5d4:0:0,9b683389dea3a84ed49fc439313b4e8f:0:3284034459,a83d80022bfe01412a1a4d60a8389c70:1:1486942631,1.0
937,2,937,1,legacy,0.0003,0.0,3.65035710168778,16.822816204686376,0.002794163767248392,0.0283203125,0.00018391547491773962,0.0013272376032546162,-0.007498181890696287,0.05265488103032112,250,50,212,0,0,0,0,0,0,512,3,0,512,3,0,262,0,0,250,3,0,,0.1190385059453547,9d7e2ae97eb19bbc8b643269c024f05e:0:0,32c0e65b50a6c2fa0b099683a59e0547:0:0,d4a20b74698415e4cc4a507e383b4c26:0:0,737debcdcbecebc4ba18442279555a8f:0:731583676,b9008a7e00f86129994910bba49f21db:1:1796641181,1.0
938,2,938,1,legacy,0.0003,0.0,3.7539204788721436,16.203732952832638,0.0029570767655968666,0.05703125,-0.00521074365824461,0.0014277940266765655,0.006833771243691444,0.05347422510385513,258,47,207,0,0,0,0,0,0,512,6,0,512,4,0,254,0,0,258,6,0,,0.10257027007173747,adfa310a4a1406f9823eda39a8a20c5e:0:0,4b4887413798f3c76a1cc33312f954ca:0:0,1ae12d37472cc1a66c10a0e9beb53015:0:0,220c30492990f7748227044114af668f:0:4221578036,1fe10bd8029bce3a79072377f0125862:1:2966277201,1.0
939,2,939,1,legacy,0.0003,0.0,3.8623559727527246,18.105575316642096,0.013926581479609013,0.0998046875,-0.006540244724601507,0.0017653820454142989,0.004992413800209761,0.059623755514621735,253,48,211,0,0,0,0,0,0,512,4,0,512,3,0,259,0,0,253,4,0,,0.11819016397930682,1da960ab1127505cb605d081a35f285e:0:0,525f30bb8e14b70ae217ad15c297620a:0:0,e24ecbab1c954550e2cf58dee990d055:0:0,064886b1c83deb9accb54c210349728f:0:3850298696,d9201d476857efc25ecb8b891c3a9692:1:2925214161,1.0
940,2,940,1,legacy,0.0003,0.0,3.830225263749124,16.95735226309263,0.0028375873807817698,0.056640625,0.0004347968613728881,0.0009805483947275206,-0.0037869862280786037,0.04516010731458664,253,52,207,0,0,0,0,0,0,512,5,0,512,2,0,259,0,0,253,5,0,,0.13931069104000926,eddcfdd0083a0c4c1644b1ddb05c445e:0:0,56f24a6862e7aada72a1d8493ef948a6:0:0,c351b8a841d1a4116d667e89fce85ca5:0:0,dc6b1c626c239f3c4ea7a34e45237e8f:0:2575194194,29d8b799501a2321ace618fafb814427:0:3248574379,1.0
941,2,941,1,legacy,0.0003,0.0,3.748564362664494,17.905101848457104,0.007021508179605007,0.04609375,-0.00273998836055398,0.001820715074427426,0.023965802043676376,0.064104825258255,263,60,189,0,0,0,0,0,0,512,4,0,512,7,0,249,0,0,263,4,0,,0.1365045680431649,630b6b7a9a88151359215ae9cf99605e:0:0,029980859cd75cbbfd0df2b3417b4d09:0:0,e2c6a85f342ad87777f819b94c43e4b7:0:0,998a1687f35ed9caddddd154da3d8a8f:0:1285918029,40efc0fcf47015ea178e5a8f4a62cb12:0:3740817249,1.0
942,2,942,1,legacy,0.0003,0.0,3.780529487669724,17.13356084816866,0.0016954840393736959,0.0541015625,0.0005332327447831631,0.0018523500068113208,-0.009792364202439785,0.06107982248067856,273,53,186,0,0,0,0,0,0,512,5,0,512,11,0,239,0,0,273,5,0,,0.1334298320580274,597517666b496910175be84201167c5e:0:0,deb1963863b3ef39d6a2fb877b0a5bc4:0:0,ab8d7dff2c85173e03c9a6f67e4182f7:0:0,520ae6d25636300a7d32ddc0c297968f:0:443044595,a473f28b373b0ef5ab16cec258e53506:1:616034077,1.0
943,2,943,1,legacy,0.0003,0.0,3.712426386216065,16.47624253836786,0.0038388632237911224,0.061328125,-0.00016390546225011348,0.0014496100106043742,-0.0036307191476225853,0.05377957224845886,278,51,183,0,0,0,0,0,0,512,9,0,512,8,0,234,0,0,278,9,0,,0.13792712904978544,9c00c35a5d6f2b1de84eb68244d3985e:0:0,e06329d948851f89c03345bc5ef3bc33:0:0,4d29ebc9022886c552ef341daa9bf832:0:0,1501dc78b3b48436687d101dfe31a28f:0:3421234787,0d507a8942fa19069800d234f3e5a887:0:850007319,1.0
944,2,944,1,legacy,0.0003,0.0,3.7836208396278,16.98095820860599,0.004668896086513996,0.0822265625,-0.003818231378681958,0.0013446601282339544,0.0068482933565974236,0.051897771656513214,266,50,196,0,0,0,0,0,0,512,2,0,512,4,0,246,0,0,266,2,0,,0.1383888010168448,32e610cbcdaac5427dee62469ad0b45e:0:0,bf84b29a48eb4328ec483bb12bc0dfd5:0:0,6aef4fcfe3121961dece63de175649d5:0:0,7d6e34aadd2d2966208deff88d0bae8f:0:2689404882,8f5eb71f978e470a2189c035661ac67e:0:1580372014,1.0
945,2,945,1,legacy,0.0003,0.0,3.729937282892324,17.168036587176758,0.0022780101280659437,0.0537109375,0.0008099911734461785,0.0012199134274851532,-0.00441763736307621,0.049527574330568314,248,49,215,0,0,0,0,0,0,512,7,0,512,5,0,264,0,0,248,7,0,,0.13438938301987946,bea2823c6a5b2d99c0c9c82b030dd05e:0:0,1a2fd022a772b14a6ab4356a5d66ec2a:0:0,2a997c1b2a58b0a309d919a2a07cd680:0:0,90c704d61335aa32773244dc6f25ba8f:0:2814443787,24a0526aabbfdb1c04d9ed863e626633:0:2542812383,1.0
946,2,946,1,legacy,0.0003,0.0,3.8377250354228716,16.68209994770342,0.0028201588429510593,0.0548828125,-0.003884218307211995,0.0013699087547138333,0.00012077187420800328,0.05350010469555855,265,57,190,0,0,0,0,0,0,512,6,0,512,5,0,247,0,0,265,6,0,,0.13625797594431788,dc35906554fc4d81ec0a04cb7d8aec5e:0:0,70e527ac91f3be1457c0ce81c9777410:0:0,036bdcd33d71ad28944df202caaabd5f:0:0,4c037c6de6a1329a9b321655a47fc68f:0:3733109478,fe2aa9178e4459b796db3cdcd22fee06:0:3521325974,1.0
947,2,947,1,legacy,0.0003,0.0,3.77877544342374,18.66040278394896,0.005303236655890942,0.0564453125,-0.00532719437032938,0.001818175334483385,-0.008531252853572369,0.0609697550535202,237,49,226,0,0,0,0,0,0,512,7,0,512,7,0,275,0,0,237,7,0,,0.10742987703997642,73fbf7ec78b48b07a97274c40a48085e:0:0,29a0c1fc97a7e70fdeb356b7f346105f:0:0,18e82b1a7d09d58b1f0eedffbc27e91d:0:0,f06f2b3570099d292450abf02d19d28f:0:1140329557,792650f5b2e0f0ca8c11fec0d4a03414:0:2567115643,1.0
948,2,948,1,legacy,0.0003,0.0,3.6602724365900867,17.366408682828105,0.001078234170563519,0.0625,0.0016712084994651376,0.0014847576327156275,0.009494191966950893,0.054609790444374084,253,48,211,0,0,0,0,0,0,512,2,0,512,6,0,259,0,0,253,2,0,,0.10948736604768783,e6f9070b419c74922d60b4b0a945245e:0:0,7084f6fb2c9fb5546a20c5a384fc730d:0:0,e0e0f67428ed4ecadbc525ba8bfb69df:0:0,ab713450507223591f4c8d3808f3de8f:0:1511399551,107c873232696767434050da358f919e:1:2503200126,1.0
949,2,949,1,legacy,0.0003,0.0,3.8092828398252916,17.024780301898225,0.018665602430701256,0.0669921875,0.0003963070921599865,0.0017514632258098573,-0.006696181371808052,0.05970964580774307,254,49,209,0,0,0,0,0,0,512,4,0,512,5,0,258,0,0,254,4,0,,0.14584456593729556,812e7138205c8ecf52cca12d5a82405e:0:0,8ef93ef3ecaff27c8316adf76446dc67:0:0,bc955a459514b26f161db90c0656809e:0:0,8b339dae2d8fb13b19df81b9380dea8f:0:3311441645,344972d7e80bc509f11aa8484a4582a9:1:1023814302,1.0
950,2,950,1,legacy,0.0003,0.0,3.7044258670676387,17.60157609753805,0.0049806092865765095,0.0345703125,-0.003982690209522843,0.0018840327567886562,0.009335859678685665,0.06186294183135033,244,40,228,0,0,0,0,0,0,512,3,0,512,6,0,268,0,0,244,3,0,,0.14205626701004803,9d10098e85bd44dfb74856d61dff5c5e:0:0,51d90d91d8db90cac899d55ffce5cd55:0:0,64cda4506f2623c71345e68fcd66f51a:0:0,c90e3eae9c42dc5a2ebe90ffba67f68f:0:731138441,f9cb072e307e1c637a41b21d3982f9e7:0:237688012,1.0
951,2,951,1,legacy,0.0003,0.0,3.7230118643948815,18.141060838930944,0.0030555780977010727,0.0767578125,-0.001469031278975308,0.0017574645229615272,-0.0034483817871659994,0.059274278581142426,243,62,207,0,0,0,0,0,0,512,1,0,512,5,0,269,0,0,243,1,0,,0.13899551099166274,ae68bb5b41c4fac2d7003246f3bc785e:0:0,14154b581f06d3a0c476adfd1878b15f:0:0,41d9bcad8d88880ad24154785fac0518:0:0,3cff3026abcf7de1119a02979002028f:0:4275854026,892e8607a4cccd648e1d9a9357f1c54f:1:1020215818,1.0
952,2,952,1,legacy,0.0003,0.0,3.7424402526935117,18.226638232586968,0.008235342800617218,0.1337890625,0.0014605488162487746,0.0017795170715544373,-0.004088312853127718,0.060290466994047165,244,57,211,0,0,0,0,0,0,512,6,0,512,4,0,268,0,0,244,6,0,,0.1407127019483596,2c692add7200420328bad01bdbb9945e:0:0,c7bf30834dd5b9163c4db40083215d14:0:0,ae865e1dbc39a73fbffe227dfbf5a48d:0:0,3e910b3c845defff1b1d5e0cb8dc0e8f:0:3269479192,6d9f396f64fa165560a5c936afdd22d1:1:1692831873,1.0
953,2,953,1,legacy,0.0003,0.0,3.8045512578388885,18.430661978935568,0.011638675816357136,0.1064453125,0.0061173452995717525,0.0016976687242276967,0.003561584046110511,0.05889805778861046,240,61,211,0,0,0,0,0,0,512,6,0,512,7,0,272,0,0,240,6,0,,0.14051547402050346,3d5696f66a9030a239d90cf0d5f6b05e:0:0,62f78e7d8854245d2b6af63dde647586:0:0,656c8b1325f9db626e931e6b73aeb144:0:0,4295bbd8cb51ee8d54ef6aeb34f61a8f:0:4093777530,68acacb95ab669e2aed0f4d140af0a72:0:2253972529,1.0
954,2,954,1,legacy,0.0003,0.0,3.8345477424281027,18.642869206377235,0.008436929434537888,0.065625,-0.0007466503884643316,0.0018105199211277067,0.002354916650801897,0.06010870635509491,246,64,202,0,0,0,0,0,0,512,4,0,512,3,0,266,0,0,246,4,0,,0.13953902502544224,4ca9df2d459ada44ca560561e273cc5e:0:0,4a3ba5a17f66ad7e576a2cdfe4b20ba8:0:0,e7b901c196adcb0080a4cd01b941f4d2:0:0,1d532eb8c0031af385b230bf0450268f:0:4180787772,5260b8a9873b5e2e3abeff34c4fbcb6b:1:156522125,1.0
955,2,955,1,legacy,0.0003,0.0,3.7672307598668366,16.80238228605446,0.00495574064552784,0.0544921875,-0.0021993182599544525,0.0016123231675010175,-0.0042413584887981415,0.05744084343314171,247,44,221,0,0,0,0,0,0,512,5,0,512,6,0,265,0,0,247,5,0,,0.1378492939984426,88a2f81504b9eb9ee8c7160b0130e85e:0:0,d52270616fcaabe20cfcf64d146646d4:0:0,c3a1e9b0bdd6077f5462bc33717fb3c4:0:0,e965b2774363234d3d02f71426ea328f:0:433150169,969b151443e6d522dfbaa488a54783a3:0:3879013044,1.0
956,2,956,1,legacy,0.0003,0.0,3.6548889716096187,17.283783474858815,0.015083905309438705,0.1271484375,0.0025548164267092943,0.0015015231212601066,0.0027317567728459835,0.05507881939411163,259,50,203,0,0,0,0,0,0,512,4,0,512,4,0,253,0,0,259,4,0,,0.10886750603094697,d8a49ace700368200e5bdb88322e045e:0:0,a3987642327bde3304f0a6b288360617:0:0,2015c29e471f4a0284e67c2ff0354a1f:0:0,1ff27e2e3d1d8ccedf7a45769cc43e8f:0:2206273654,bb38a5ed7990a3c86fef9cd1aca85d8c:1:3841152227,1.0
957,2,957,1,legacy,0.0003,0.0,3.8862851871754547,16.762321564219906,0.0018261661753058434,0.0595703125,-0.001631283899769187,0.0016113016230519862,-0.0007923870580270886,0.05717200040817261,252,45,215,0,0,0,0,0,0,512,5,0,512,2,0,260,0,0,252,5,0,,0.11019957798998803,64569b091e4889df3ade3275756b205e:0:0,7b83315e1ff3b36afad693490f1ffede:0:0,bca29b802c92fe0e1f063723bb5bb644:0:0,620b779d10bd216ab2abe37265de4a8f:0:1668015568,9d8e660c566ddd900e124a1ba190efb5:0:804256356,1.0
958,2,958,1,legacy,0.0003,0.0,3.69962300816109,17.717702063239017,0.003656264627352357,0.0513671875,-0.0007551295915618539,0.0016892324143555014,0.004827415104955435,0.05836625397205353,258,59,195,0,0,0,0,0,0,512,5,0,512,5,0,254,0,0,258,5,0,,0.16315492999274284,6ed309915226c3c710b2376ecae83c5e:0:0,f3a4aa0e806f911ff7ee0766e722386a:0:0,80276e3caba84bf28986ceedae454ae6:0:0,c09c060c156300b5e926d8938238568f:0:3735000923,44555f80bf6021267db4ec667066f2e6:1:1776295152,1.0
959,2,959,1,legacy,0.0003,0.0,3.693168118778269,16.410025143881413,0.008114649914205074,0.1044921875,0.0015023144544102252,0.001753873034613207,-0.002985595492646098,0.059359971433877945,278,52,182,0,0,0,0,0,0,512,8,0,512,6,0,234,0,0,278,8,0,,0.16867146000731736,4b4320229786e601f0d6471032a5585e:0:0,561fc80edf505ba9f2ba109dddf0e561:0:0,b72e5d17721abe7d55fe821e12ddcdc6:0:0,eb1d7e70429b540dae756c65f1d2628f:0:1510245740,7d4fecc69360fbc9a0ccc68807ba8421:1:699727825,1.0
960,2,960,1,legacy,0.0003,0.0,3.763254538739954,17.086865449345837,0.014261679723858833,0.1001953125,0.004001322295516729,0.0014105333015322686,0.005716967862099409,0.053201623260974884,264,48,200,0,0,0,0,0,0,512,5,0,512,6,0,248,0,0,264,5,0,,0.1658659140812233,bb8ce5e14d2664a616e2fdf5aca2745e:0:0,9f9d679f32275ed5b154a67c7c2a8a11:0:0,376c116cc7eae2bfd0e40629039c76a7:0:0,88e8809d84dba5fc331d2675b4ac6e8f:0:203289308,e8d0e9e81997981bdc89ab9d8e6241f8:0:374381925,1.0
961,2,961,1,legacy,0.0003,0.0,3.8657421759739075,18.438361972310766,0.010615069419145584,0.0728515625,-0.005729580949991942,0.001672569935908541,0.0024282948579639196,0.05844777822494507,252,55,205,0,0,0,0,0,0,512,3,0,512,3,0,260,0,0,252,3,0,,0.16806947300210595,50498a8785c6c0a1b50b38bb38df905e:0:0,47092d085b7316cf2f8e4dec04705f67:0:0,c0aeb9c7f009aa930b02c49abd2f5d1d:0:0,107f74a16c36dcddb89ece4ecac67a8f:0:713956270,858ec64e47a0d0b8ed454b3831542052:1:997881973,1.0
962,2,962,1,legacy,0.0003,0.0,3.8812250504169894,16.3753247048958,0.00360222440212965,0.045703125,-0.0022920568007975817,0.0016610771359410136,0.002596337115392089,0.05848199501633644,268,50,194,0,0,0,0,0,0,512,12,0,512,4,0,244,0,0,268,12,0,,0.1674521379172802,956ea0fbec9f12e7101c13fcd75cac5e:0:0,c41daf4f1f9860cf96121c5feec23691:0:0,63f205fa0d5825cd395df94497a121db:0:0,a6e53aab27d2d8c59d766b7d3420868f:0:3943299375,591abe933b7080c866c6df78115bb6b2:1:2899962111,1.0
963,2,963,1,legacy,0.0003,0.0,3.6581946472720146,15.577592274970087,0.004735064227133989,0.0552734375,-0.003913294989615679,0.0016543092380743474,-0.003807487664744258,0.05739928409457207,272,43,197,0,0,0,0,0,0,512,3,0,512,11,0,240,0,0,272,3,0,,0.16593691403977573,2b21a8b398abb9d89b7cec568819c85e:0:0,5ee6e2deec1bda1a9d934736d9d026ec:0:0,bd32dec2ef361063af7d528bcb2f7c81:0:0,e23a0f3100abb4a3691b458cf0ba928f:0:558546416,a63ff0bd4b4813707c969d6ca22cdefc:1:3908350566,1.0
964,2,964,1,legacy,0.0003,0.0,3.746334084207466,17.581295126907914,0.004751643165946007,0.0693359375,-0.0028462911024689673,0.0015489003504626452,0.0019799801521003246,0.055797576904296875,264,48,200,0,0,0,0,0,0,512,6,0,512,7,0,248,0,0,264,6,0,,0.16556592797860503,9055b7e9fa7828f5152f5e644b16e45e:0:0,eff57007aeff0d7736fbbeb56afe2212:0:0,0de6e5db0a2b31ab45001f99447a0de8:0:0,a9afa04ec630aaa7d7ffe40a00949e8f:0:288467213,ce6590922313e4b3d7bae6d4b162ad9f:1:4006138446,1.0
965,2,965,1,legacy,0.0003,0.0,3.8021641549488563,16.409806374073632,0.0038036140613257885,0.0583984375,-0.0048673963639885185,0.0014804723032284528,-0.00830010510981083,0.054538581520318985,275,54,183,0,0,0,0,0,0,512,3,0,512,7,0,237,0,0,275,3,0,,0.1643651359481737,8f5697644ffedac3a1cf46c22054005e:0:0,d6a893fc9fd039307b6e6f29b6e0c699:0:0,999e4b009cf73d2c111b0de199a3b1bb:0:0,ccac58a3df469be9e7920e8063aeaa8f:0:3401873309,60955f32cf77e59a3eb4b66e944734f2:1:819030110,1.0
966,2,966,1,legacy,0.0003,0.0,3.825643447095887,17.276867051777934,0.019499951973557472,0.088671875,-0.0013655561255291105,0.0015782100497744977,0.012158333323895931,0.05588586628437042,263,47,202,0,0,0,0,0,0,512,5,0,512,5,0,249,0,0,263,5,0,,0.16224606696050614,1d833b204a3b64ffe892c20c07d11c5e:0:0,388b6ac13eed32cdbe0f1b2e254bd5c6:0:0,e1ce27ab405a3ac1b360ab237d196f8f:0:0,3eecf742f23c3b4be23acc7c1a08b68f:0:462010796,b7a92084729a2908f5c91d20bc08422f:1:3978720403,1.0
967,2,967,1,legacy,0.0003,0.0,3.7891074462340497,17.43866180837641,0.002401364268735051,0.0576171875,-0.001237647607922554,0.001346594950882718,-0.003170614829286933,0.05188379064202309,261,55,196,0,0,0,0,0,0,512,4,0,512,5,0,251,0,0,261,4,0,,0.16641506098676473,497339f7d00aaf062f4a2cde018e385e:0:0,b6fa4a87026d5bc824df000ca5471761:0:0,0625d5a6bdc9a71f92664497bd91263b:0:0,22daab90563bdba06b5e658923a2c28f:0:793347278,bb9d956bdddd16d6463dd0e7dd05533a:1:372245345,1.0
968,2,968,1,legacy,0.0003,0.0,3.8391470622454222,16.105829946509488,0.008196594193577766,0.089453125,-0.0055874336510896684,0.002022312593180686,-0.005933435168117285,0.06364785134792328,289,54,169,0,0,0,0,0,0,512,2,0,512,4,0,223,0,0,289,2,0,,0.16397014202084392,b7d7b8ee09f54a7f766023d40d8b545e:0:0,4aa9d87adb2d6f36539ccb168ec55f7b:0:0,1d73103a51a69fee7d41f5c51c7b7475:0:0,e1631737c0c6e10f8b5c6133807cce8f:0:1064698944,e4bae844c865fcf37191f59f49763331:0:2509172160,1.0
969,2,969,1,legacy,0.0003,0.0,3.7544519698477794,17.24087664034586,0.007699028588831425,0.0705078125,-0.001398834853898734,0.0017234962549991905,0.004339034203439951,0.05882437899708748,257,47,208,0,0,0,0,0,0,512,5,0,512,8,0,255,0,0,257,5,0,,0.16733826498966664,61d82d84227fee4d94d9838a2bc8705e:0:0,d71f64d9e8049fb082b5652b275e2a2a:0:0,9c93cbcceac6557d91e49b7a2b60d378:0:0,72a6cface1c6d5bbbb8f87073096da8f:0:352383820,b1eb93f63732e7f7dae6f4ce251220d1:0:1937842700,1.0
970,2,970,1,legacy,0.0003,0.0,3.7786816524381677,16.65242557687845,0.011830976232886314,0.1087890625,0.0032697465270757676,0.0014837211987469346,-0.0018619473557919264,0.054344162344932556,255,53,204,0,0,0,0,0,0,512,7,0,512,7,0,257,0,0,255,7,0,,0.16263833409175277,f9b6651e669e13b75455689c5c458c5e:0:0,3125affcb97fd01fe691ea622743671e:0:0,f6598291bb0e87eddd983c0ea41a7f42:0:0,a00a3bf5e0c021a6f24dde9033f0e68f:0:1708339399,963e57b89f4a05ce1748d23c00739ecb:1:620350680,1.0
971,2,971,1,legacy,0.0003,0.0,3.687679492234839,19.477700684859055,0.013597066514194012,0.0595703125,-0.0037395362742245197,0.0016903255658689887,0.007896962575614452,0.058621570467948914,246,65,201,0,0,0,0,0,0,512,4,0,512,6,0,266,0,0,246,4,0,,0.16272412100806832,be6b662cb1e2b5d48d0d2fa69f02a85e:0:0,28168171252e64632bc71688dff89c19:0:0,eb719bd32a496beccf4d46a499f3418d:0:0,61dbfac9edb265d7aee8af5a8a8af28f:0:949442767,c5b8773d204867614b7c35bfef126c2e:0:557934509,1.0
972,2,972,1,legacy,0.0003,0.0,3.768954533437716,17.512008493568466,0.008375425823032856,0.05703125,0.0012429628521203994,0.0015728725411463529,-0.0072706760838627815,0.05622833967208862,256,47,209,0,0,0,0,0,0,512,3,0,512,6,0,256,0,0,256,3,0,,0.16392181301489472,cef00273520b333a41d47544f3ffc45e:0:0,80d7db24ed25d060cb0b24e07706f2fc:0:0,1948432d78e986489d564d97e9328103:0:0,7c1b585958327abe05ac80f23464fe8f:0:3635218530,ae3d3ef033a98be75cba27a5420af0bc:1:716059759,1.0
973,2,973,1,legacy,0.0003,0.0,3.7224355373326588,18.074334046118757,0.002824721857905388,0.0484375,-0.003024622146040201,0.0016462628205772488,-0.000542403431609273,0.057528771460056305,264,56,192,0,0,0,0,0,0,512,3,0,512,7,0,248,0,0,264,3,0,,0.1582309720106423,6c40507bcd8051e6bc1916135b3ce05e:0:0,fb106749ec96061148f722f079ea2677:0:0,b7070992fa907b94a85dcbc5bf46cdd8:0:0,1a30c25fdf4a11d8abe11ae3317f0a8f:0:1590118242,7fc6f312168deba91f6f2d5d21e52e15:0:1859226488,1.0
974,2,974,1,legacy,0.0003,0.0,3.8687382048541252,18.045972379853772,0.00732391607016325,0.0951171875,-0.012032249802723527,0.00211983424378559,0.0017188775818794966,0.06523576378822327,256,55,201,0,0,0,0,0,0,512,5,0,512,4,0,256,0,0,256,5,0,,0.16224542493000627,4020bcdf3869656da7e32eadd4b9fc5e:0:0,ce2d59dec39a290d7020bbadd512980b:0:0,ebccd6667ea2f15da65eb274d29c7ccc:0:0,53e19c6d2ca8fa9a03c984b981d9168f:0:515986690,6c7bf1d5f81e81cc1f37a823b983521b:0:867859182,1.0
975,2,975,1,legacy,0.0003,0.0,3.753616505155728,18.11567439441264,0.011851691640913486,0.0595703125,-0.0011645773891359567,0.001670273079071194,0.0010970609728246927,0.05788682401180267,252,56,204,0,0,0,0,0,0,512,3,0,512,9,0,260,0,0,252,3,0,,0.16847399598918855,e07dfac603ed97642fd51bb06077185e:0:0,2f00f39f147c222a7fd4f72bf314775f:0:0,9b5b05fc0caf1a9e338c579f99aeb19a:0:0,31b0559aadb40a8d28a406012573228f:0:2149683525,164fef237d209b7c7d29cdae7c839821:1:3948622100,1.0
976,2,976,1,legacy,0.0003,0.0,3.7183156737317384,20.03460746356822,0.001254733302630484,0.0669921875,-0.00505280839279294,0.002016082126647234,-0.004020825959742069,0.06327378749847412,242,62,208,0,0,0,0,0,0,512,4,0,512,5,0,270,0,0,242,4,0,,0.17082246101927012,962ecda3733f520d192b79b6fe74345e:0:0,df5753d1bf8e1a6a013c5ff64058658f:0:0,94e6b04c251c2af5a71e5824ca2cfa54:0:0,e7712c313cfda8bafaaa26461c4d2e8f:0:3984931728,219c2775a2a0bea76807862a4f227366:0:3242826657,1.0
977,2,977,1,legacy,0.0003,0.0,3.784895981999922,19.379649681262137,0.003103422001004219,0.0763671875,1.607229933142662e-05,0.0015996120171621441,0.010421591810882092,0.056554414331912994,244,47,221,0,0,0,0,0,0,512,3,0,512,6,0,268,0,0,244,3,0,,0.1693564640590921,1c2774dd220dcd44dfbd255daeb1505e:0:0,51db84063320124d73b394836e40ffb2:0:0,da8eef9a45f14bcf4df52004fa1a22a7:0:0,8463a30c4eb3fc4f2b10ad1466673a8f:0:342516576,9e66e15b13cca954f552de3eb8b37954:1:3411476384,1.0
978,2,978,1,legacy,0.0003,0.0,3.8626180025241537,18.118785179562245,0.0021978835575282574,0.0484375,0.001986707327887416,0.0017430440115276725,-0.003224476706236601,0.05931944400072098,257,51,204,0,0,0,0,0,0,512,10,0,512,6,0,255,0,0,257,10,0,,0.17020842200145125,cc126cb947f8bdadd1fb3b40712e6c5e:0:0,79a89cda86e1fed507cb5c6c47eca4f2:0:0,b98157bd0a101dad63c7a41a978d339f:0:0,3bd84fd39290be7d4807a1f803c1468f:0:3821653887,870a6b31c3436d3f802247390f8097a7:1:1717697868,1.0
979,2,979,1,legacy,0.0003,0.0,3.7965702383095996,16.51187184125018,0.017924347892403603,0.0869140625,-0.002933674235828221,0.0012764975952450186,0.0035420814529061317,0.050826359540224075,270,37,205,0,0,0,0,0,0,512,3,0,512,9,0,242,0,0,270,3,0,,0.1697947740321979,b1013e98a4a2261c2cf117fb45eb885e:0:0,5429a0c009d51d8eed646850d11ac1e0:0:0,8c179880da5145111c6b578391f44a39:0:0,9b92586f3dd6afa5c8ba4c7cf45b528f:0:1327904756,05844945b637469c985747b099187c37:0:3471411066,1.0
980,2,980,1,legacy,0.0003,0.0,3.622253579225111,17.859616363493224,0.002365726977586746,0.033203125,-0.0017423290759325028,0.0016943689493928104,-0.006546936929225922,0.0588255412876606,250,42,220,0,0,0,0,0,0,512,7,0,512,8,0,262,0,0,250,7,0,,0.1696797279873863,72c23d2b3ffa4b423844582a2ce8a45e:0:0,0d8369f5a932b122a4920bd1aadbf5a9:0:0,4bf27f50f4f57c6e414caec90a57ca8f:0:0,78ebb1666fe8afbb194f342f38355e8f:0:1601684689,04abe2173ae4028bdb9246cd9e6f9648:0:4020032109,1.0
981,2,981,1,legacy,0.0003,0.0,3.7284510141610863,17.963415083949297,0.006858836859464645,0.0625,-0.0015941539779305459,0.0015255344042088836,-0.012139949016273022,0.0574810765683651,255,57,200,0,0,0,0,0,0,512,2,0,512,2,0,257,0,0,255,2,0,,0.17568474204745144,2e9d47f96a61c99c6234d8692625c05e:0:0,9267072637965a8ad2b84fa04af91965:0:0,9885f66c93bc718384dcd95ba37c969c:0:0,068af622640679e6a6e8209acf4f6a8f:0:3492899676,fe438618fc39253a83d3f0377b485b2b:1:4213238879,1.0
982,2,982,1,legacy,0.0003,0.0,3.6037414940620796,17.707023649780254,0.01237515453249216,0.068359375,-0.006321555189788342,0.0015323614177759736,-0.0017770095728337765,0.056171711534261703,271,60,181,0,0,0,0,0,0,512,3,0,512,5,0,241,0,0,271,3,0,,0.167498298920691,4f0a0c44a83dcd9d5b9cb55431a2dc5e:0:0,ac9eeff8581fb7fe6e4aacd1a0be357e:0:0,a94ec73f5148869deb427e26bbe52bf1:0:0,5571875c62bb036deba2194bb9a9768f:0:2477725174,44d4f2086187cd10ff1b477b6056b2ec:1:3221118439,1.0
983,2,983,1,legacy,0.0003,0.0,3.7020177717768092,19.16995767604195,0.006087694317102432,0.048828125,-0.0018895575311034917,0.001914761937223375,-0.004238742869347334,0.06222609430551529,240,46,226,0,0,0,0,0,0,512,1,0,512,5,0,272,0,0,240,1,0,,0.16715687396936119,7d9dafee749a6e1a33f04b874f5ff85e:0:0,2c1733f7c1608de70f0166b5e2e5ed1b:0:0,1f972de83d3a1486be3926205c30c468:0:0,70907b47a5887dd77a9565cdf743828f:0:750777728,78c4b51a7a4c9a781494e0ccf0c21708:1:708457921,1.0
984,2,984,1,legacy,0.0003,0.0,3.774986034364121,18.153089592673744,0.009199028834700584,0.0767578125,-0.0057899744249880316,0.0012791254266630858,0.004814872518181801,0.0506267212331295,264,54,194,0,0,0,0,0,0,512,5,0,512,4,0,248,0,0,264,5,0,,0.1655732470098883,133465bd067728f6753e379e7f5d145e:0:0,a14a0ccc0de4e2426995afd2e83ae563:0:0,a7270159534d096e532f00cfc2d7638f:0:0,3d2ad6539f5dfc500bd58dad881d8e8f:0:3854462462,ae54848bbdabe80526bf4766dd5f97a2:1:2108432015,1.0
985,2,985,1,legacy,0.0003,0.0,3.8709173872079603,17.178643138812966,0.016125304624438286,0.0984375,0.0029197333031333985,0.0012010644481051714,-0.005546885542571545,0.049474336206912994,259,40,213,0,0,0,0,0,0,512,5,0,512,3,0,253,0,0,259,5,0,,0.1637895570602268,247d190084598210402f5635c19a305e:0:0,0e331951090cb7dcac0fa1edb6deb785:0:0,8f79bf6cb762cce1dfd60a720c302403:0:0,47537aae5c62bc4f887158766c379a8f:0:2472568721,5e429c3d07d3fa535745b0d7c25532a5:1:227666962,1.0
986,2,986,1,legacy,0.0003,0.0,3.7342034107403976,17.678263626187473,0.010630817152559757,0.126953125,-0.0035641063936054707,0.0014480012643616647,0.005538011901080608,0.05449001118540764,263,47,202,0,0,0,0,0,0,512,5,0,512,2,0,249,0,0,263,5,0,,0.1631719379220158,a6ca294551c1c46c6806c3e916174c5e:0:0,99cb92d0f955da5658ece95800c92de3:0:0,7012aee016f0bc17b3e8fd5685a4c8e9:0:0,940d3ff9eba3117e1672cdb4a391a68f:0:1782683071,5708a1ddf307c54f5645ed820f18b988:0:4226168842,1.0
987,2,987,1,legacy,0.0003,0.0,3.6870703208394016,19.165638505294446,0.002143281977623701,0.1044921875,0.0004007529467344284,0.0017034174234140664,-0.00279861968010664,0.059008002281188965,266,60,186,0,0,0,0,0,0,512,0,0,512,3,0,246,0,0,266,0,0,,0.163310230942443,5ca2156a621de5a28ea1dd547cd4685e:0:0,380b369981b0b97708567ad916087f16:0:0,a1c9fccde4552e4287c212c7f0a3302b:0:0,6d3bb3f3052af4d924df34f42e2bb28f:0:1613286089,e77b0d763969774ec213b25a2218ce3c:0:3026163213,1.0
988,2,988,1,legacy,0.0003,0.0,3.7748193052801744,20.29747566938609,0.0009247506968677044,0.069921875,0.0002867425326257944,0.0015400838572531938,0.0009988413657993078,0.05594336614012718,247,59,206,0,0,0,0,0,0,512,3,0,512,2,0,265,0,0,247,3,0,,0.16206720494665205,753df81cbcd68b8940783f13f5d1845e:0:0,e75d160a54946c22ce201ccd35bd0925:0:0,772bca5ee524c96dafbba312a4eea8fb:0:0,d1eb20125f1a371877b715c10c05be8f:0:3277665585,2b9a938fcc4be6b0120390d2ef49b2e7:1:365848128,1.0
989,2,989,1,legacy,0.0003,0.0,3.6176405884967835,20.957030938011243,0.009163741953670979,0.0736328125,-0.005473954044282437,0.0017925535386893899,0.001751383999362588,0.05989016965031624,235,48,229,0,0,0,0,0,0,512,4,0,512,4,0,277,0,0,235,4,0,,0.16149326204322278,4031d6639e123422109bc5c3810ea05e:0:0,a895e502bd522963153619010650d50d:0:0,8523a7c2057f3f47f4759e97bc8266f7:0:0,babe977d643e565333f637a73d1fca8f:0:2204722310,9563b6d076359b0b9cead0c89fe907a5:1:3343836389,1.0
990,2,990,1,legacy,0.0003,0.0,3.824389120760401,20.601867079272232,0.005705935414880514,0.118359375,-0.004307884024456143,0.0016427057329565288,-0.0036468389444053173,0.057544004172086716,235,58,219,0,0,0,0,0,0,512,4,0,512,3,0,277,0,0,235,4,0,,0.1617392459884286,3923fb92dfca7fc5b4b88dff1e8bbc5e:0:0,94fb7537d79222d02adc07e99ac79dc8:0:0,52aeade1fa1186e61d679b31b9524eec:0:0,a9cb03e63ebdf6e4eb93a232c179d68f:0:1967124744,29aedfa668ba4a0a4b701eb9813fba3f:1:223918000,1.0
991,2,991,1,legacy,0.0003,0.0,3.8189095863675164,18.66343147611349,0.0038854582235217094,0.08046875,-0.008715479681268335,0.0015158690919633954,0.003950629848986864,0.05523410812020302,248,42,222,0,0,0,0,0,0,512,5,0,512,2,0,264,0,0,248,5,0,,0.16635955101810396,30fcf4a396cf9d902114f462ce48d85e:0:0,10beda094fd0d1293df0b94cc2570af4:0:0,a7cc0e0c203912a7771d6ad75a542c78:0:0,fa0e67466961ff92a9819cef9913e28f:0:1312812711,b06b81988ad65b13e0f69c65d8b1597f:1:3755288176,1.0
992,2,992,1,legacy,0.0003,0.0,3.7579290187501915,18.65964459587064,0.004407487343996763,0.025390625,0.0001555915456265211,0.0014708884671563282,0.003923137206584215,0.05472652614116669,247,48,217,0,0,0,0,0,0,512,5,0,512,4,0,265,0,0,247,5,0,,0.16512298805173486,ac992f9d0f55da0ca491958a9045f45e:0:0,cc3aeed27aaede217464e472b54ad475:0:0,36572505915657f8916d79af2f2d068e:0:0,084ad3aa3a0858effdadaf69c3edee8f:0:1031397168,1e91e80eb179330a12c18f25ac91db5b:1:2719523022,1.0
993,2,993,1,legacy,0.0003,0.0,3.686556095718952,17.258424013153274,0.011107178404927254,0.082421875,-0.00494060693308711,0.0016516143863555045,-0.0003444954054430127,0.05761558562517166,276,47,189,0,0,0,0,0,0,512,3,0,512,5,0,236,0,0,276,3,0,,0.1674734919797629,e6ffd26294a9502204a94e126483105e:0:0,680f8ff196ecdac385832c7921590bae:0:0,fcadb43238fa1286efbaf10526844973:0:0,9094f18f17cc50040900a12d4207fa8f:0:626834088,484f415cd156efa99bdaef46e9cdda76:1:3447190757,1.0
994,2,994,1,legacy,0.0003,0.0,3.651167475027332,20.394092131499875,0.010099162347614765,0.12890625,-0.003638946823775768,0.001756091823335737,-0.0012272443855181336,0.05923779308795929,235,53,224,0,0,0,0,0,0,512,5,0,512,4,0,277,0,0,235,5,0,,0.1663688140688464,70b806e4afa3bc3e99713a964b002c5e:0:0,84766c4e7ceaf43e5fea39497eab3fc0:0:0,f84dd97f31041e4c51fa1b1d62c356ed:0:0,6c9e50a14f709c2e895e79c61362068f:0:2186499132,9780f2ae89f7d8a166ec9a4f37b4fe3d:1:233969972,1.0
995,2,995,1,legacy,0.0003,0.0,3.714351154545332,18.4322798407486,0.007828583009541035,0.105859375,-0.004067951580509543,0.0015980706317350267,0.004551262129098177,0.0584401935338974,268,67,177,0,0,0,0,0,0,512,2,0,512,3,0,244,0,0,268,2,0,,0.1625920319929719,5946c15ec78071c46998b7b243bd485e:0:0,42727cf7a86d20adbcfd483804aeb82a:0:0,f7a43b76b47dfce140a486f5a9ceff9b:0:0,31ec2df1b897084ce5a680c037fc128f:0:2889696426,039154b2c1c381daeb5c9d8d4d99e846:1:3905800511,1.0
996,2,996,1,legacy,0.0003,0.0,3.757709197870322,19.511397475069202,0.00623114500194788,0.0435546875,-0.0016037521418184042,0.0015677292481996118,-0.002860581735149026,0.05598995462059975,249,53,210,0,0,0,0,0,0,512,5,0,512,8,0,263,0,0,249,5,0,,0.16387449903413653,5d6ae7f450aa72b5466962024eba645e:0:0,756c44e4f35aaa3357148638efcb8901:0:0,579a5681af5325ee179814dbe4ff95df:0:0,f803d6069e51bf1f39b33da7afd61e8f:0:113487492,adda398251fe078af8b1f9b2ff1b29a1:0:102096037,1.0
997,2,997,1,legacy,0.0003,0.0,3.8273028933669577,19.533143944293396,0.005610427353531122,0.0771484375,-0.004105802066624165,0.0012907521333545447,-0.001957088243216276,0.05151740461587906,251,52,209,0,0,0,0,0,0,512,2,0,512,9,0,261,0,0,251,2,0,,0.16363351605832577,ee94c1aaf520a99ee7c716226bf7805e:0:0,461b23e428a7f70921f8cfacb6d35b13:0:0,92a62a1b0f6ea89b98c491307df96696:0:0,c05e50769d9a3aed625a78087af02a8f:0:679405418,1baad22d89099d30ec85fa5c2391d942:1:3420241057,1.0
998,2,998,1,legacy,0.0003,0.0,3.6294012463415184,21.707992464529767,0.007915348745882511,0.051171875,-0.0016588586149737239,0.002111802977742627,0.0029867542907595634,0.06510498374700546,228,70,214,0,0,0,0,0,0,512,2,0,512,2,0,284,0,0,228,2,0,,0.16373989102430642,4097ad69620c45c7082ff0ae9b749c5e:0:0,99cb810f2c4bd34e414bd90aa3b15a6f:0:0,be38c6306f38a16fdf9ad02a15413ccf:0:0,87ed96076c39d86c096d376e994a368f:0:4206491505,b2b3a13eacb8e226ce09505487c64f0e:1:379762666,1.0
999,2,999,1,legacy,0.0003,0.0,3.7643777198398967,18.700696542305792,0.008653887547552586,0.0791015625,-0.001999734272249043,0.0013699567352887243,-0.004779961425811052,0.05229578912258148,249,45,218,0,0,0,0,0,0,512,1,0,512,3,0,263,0,0,249,1,0,,0.1642921599559486,13f2584ca625399780bc4e42dd31b85e:0:0,ae1edd2361fffd52935f19773c6f3379:0:0,799e960ac69fc182549fda1b4a94d943:0:0,e7663195bab00ce1b1b7c3660ae4428f:0:1761180120,f658a2f051d8df43ed28750d7ecc8189:0:3683041257,1.0
1000,2,1000,1,legacy,0.0003,0.0,3.857585943361292,17.588677053151656,0.010183450765907764,0.0578125,-0.0011545992456376553,0.0014722914638696238,0.0029302085749804974,0.05434494838118553,279,46,187,0,0,0,0,0,0,512,2,0,512,5,0,233,0,0,279,2,0,,0.16732003795914352,df81fd504c80db4a651ecb7b312ed45e:0:0,8e5281c59e4d7aced3f31db693c22201:0:0,28e9ffb0f989e8e1148ce266c5b77029:0:0,4798d756a3a23f8bc301a37acfbe4e8f:0:948060748,0154b494fb89bef2032b66e5b764a477:1:41931377,1.0
1001,2,1001,1,legacy,0.0003,0.0,3.7554613108995545,19.586944503639845,0.003470409894362092,0.0560546875,0.002747931657359004,0.0019503165909554808,-0.013811144977807999,0.06436778604984283,241,60,211,0,0,0,0,0,0,512,2,0,512,2,0,271,0,0,241,2,0,,0.1660870190244168,7e48a6ef9f66a7d61fa444f3976bf05e:0:0,2427c70b208003042c9ba060a7ffae75:0:0,91ac1c16fd309cbab9f2c3d3ff506747:0:0,0530354e5b614643960d9f38e7d85a8f:0:1235146043,bf56f334b559919b5579ddd487be5b88:1:1572890063,1.0
1002,2,1002,1,legacy,0.0003,0.0,3.7542435721484075,15.740593747863807,0.004556376487016678,0.1099609375,-0.0043662856332957745,0.0012359587475657464,0.0063829426653683186,0.04975514113903046,289,43,180,0,0,0,0,0,0,512,2,0,512,0,0,223,0,0,289,2,0,,0.16344919695984572,cf5cf610bec728198d33d7480fe90c5e:0:0,5a95caa3dafa613405f8e392f4b1dd7f:0:0,ae764c7de0883cade47a1edacb8f0398:0:0,5e600323121085638099be2c5332668f:0:1170725309,05510469183579c81346bf44792a0c06:1:185326998,1.0
1003,2,1003,1,legacy,0.0003,0.0,3.7490638608127647,18.44183511183317,0.002723309677094221,0.0603515625,-0.0045822132378816605,0.0013354138063732535,-0.005073440261185169,0.05198844522237778,256,41,215,0,0,0,0,0,0,512,5,0,512,1,0,256,0,0,256,5,0,,0.1634974709013477,f963983475f0f848194edf149aa6285e:0:0,038ab966617f347e601601460f99e6ee:0:0,d00a33ebf82404857c97ff68c230490d:0:0,a0bb26be3afab2ebe15f47e111cc728f:0:1596667584,b7332339b18933458d447c04176f859c:0:4193072949,1.0
1004,2,1004,1,legacy,0.0003,0.0,3.95337545097531,17.80812016292372,0.013640726916491985,0.073828125,-0.005254765786230564,0.0011540652951225639,-0.0007518593920394778,0.04794057086110115,248,43,221,0,0,0,0,0,0,512,2,0,512,2,0,264,0,0,248,2,0,,0.16334562900010496,7257598ffc1ff195da10f8f537a3445e:0:0,294f9e4c39a1d7a8ea7346a9cdc3297a:0:0,9f5674b1af2d25f4eccba272107171a2:0:0,b8bf9e79aba03ce82c12c3e323a67e8f:0:1986666521,8dd17785b3f4725aab7c9b2a83282f45:0:3860564899,1.0
1005,2,1005,1,legacy,0.0003,0.0,3.636875025441981,19.752782759373712,0.007221517618745565,0.067578125,-0.0033752334769815207,0.0016481762984767556,0.0008349150884896517,0.05751983821392059,243,63,206,0,0,0,0,0,0,512,5,0,512,5,0,269,0,0,243,5,0,,0.16552553907968104,ba249e600b827623ac300185e6e0605e:0:0,7c639e5ed1763429847f7383c761ae1f:0:0,5e30353c5bf3cd1fafc05f00d6a87b51:0:0,f2efc8e1450b5313f563f9be88c08a8f:0:2026051068,e7ad8258f2dbfcefb58b21b7063dea07:1:324139002,1.0
1006,2,1006,1,legacy,0.0003,0.0,3.7239962241019398,19.209880746806384,0.0074733407236635685,0.0740234375,-0.0038716278038918974,0.0014820908982073888,0.006878930144011974,0.054946817457675934,246,58,208,0,0,0,0,0,0,512,3,0,512,1,0,266,0,0,246,3,0,,0.16796578699722886,14f8096efa50df2b4efc1562a85d7c5e:0:0,ad6e02945cb204bd8d4d8dd6e8a35318:0:0,e3da32798b447df46beaf7b6bc9dc6fe:0:0,62c9955d19f593bffefdf0ff411a968f:0:4010094748,f267c5126e0e276a58228df40252d9c5:0:2757004902,1.0
1007,2,1007,1,legacy,0.0003,0.0,3.699882189820014,17.86799144925746,0.0024570871610194445,0.0609375,-0.004130073031410575,0.001289820915553719,-0.00927753560245037,0.051419250667095184,251,47,214,0,0,0,0,0,0,512,4,0,512,6,0,261,0,0,251,4,0,,0.16112442198209465,b3562c71c1930d6b805f91277c1a985e:0:0,71b768ca9c4d4054111a1b2b641a3ec0:0:0,88424d5c777de11bf5ab6f4b1682c49c:0:0,f1d52863444b5bf74386f1314cb4a28f:0:624792864,a695b6ccd4b7d4450e2b12e253812ca3:0:390306684,1.0
1008,2,1008,1,legacy,0.0003,0.0,3.6383140861483456,18.870766244800596,0.004522310569882393,0.0607421875,-0.006338564492762089,0.0015599834208842368,0.0031578652560710907,0.05593395605683327,246,57,209,0,0,0,0,0,0,512,1,0,512,3,0,266,0,0,246,1,0,,0.16421530197840184,cc63518a1d301bd418df11706217b45e:0:0,87932447175f633fccb43cd5d763ab51:0:0,cd1f288b49748083b3b7eded1d8a4063:0:0,839d891bdc98bae402a081e0ab8eae8f:0:1997935723,94daa4209deae48ba753f144c4b0da96:1:583717360,1.0
1009,2,1009,1,legacy,0.0003,0.0,3.748738375304245,16.31452182117352,0.006321616470813751,0.0359375,-0.0005375634878873825,0.0015953416528645902,-1.0799994925037026e-05,0.05689428001642227,276,41,195,0,0,0,0,0,0,512,1,0,512,4,0,236,0,0,276,1,0,,0.16861096594948322,6c6ebbe630e43472279972d95a54d05e:0:0,addb63ec065db1adc7e917f52212b349:0:0,6f399166ce914ff1541e9d141ac37cdb:0:0,d5ef05acc5ec0874cce76a995da8ba8f:0:1132047554,3dc182c45a5e03a8d0c242e31feaac57:0:1610603015,1.0
1010,2,1010,1,legacy,0.0003,0.0,3.669115746055724,19.86323702068782,0.012890788726508617,0.0521484375,-0.0002704688347876072,0.0016023866133764385,-0.0022416417486965656,0.05687250569462776,259,60,193,0,0,0,0,0,0,512,5,0,512,3,0,253,0,0,259,5,0,,0.1679002409800887,511c28205db8879c0e47d1fe64d1ec5e:0:0,e08373e389c416c1eee2537722ebe31c:0:0,b59887da661917eb9bf4807b06c18f81:0:0,c2701eae40ba1f418ff3b2e76302c68f:0:2890474424,2b92826cce2e9740572b6efa804a404d:0:3277794939,1.0
1011,2,1011,1,legacy,0.0003,0.0,3.712536094107068,19.789936117622876,0.01209342572838068,0.0693359375,0.0038363310042768715,0.0015050405985675753,0.002619845559820533,0.0551491342484951,251,54,207,0,0,0,0,0,0,512,1,0,512,3,0,261,0,0,251,1,0,,0.1667537740431726,4fa8dbac3399655d9d3d8b7b818f085e:0:0,3c0fe5396a1cc5262ab737e4f09ed873:0:0,15693aca1e47df4da2b8b75d0294e255:0:0,3ad2f994775039b0a258a256bb9cd28f:0:2902352425,d0e0340dcba117ddddfab91e34eaf1a5:0:2832285684,1.0
1012,2,1012,1,legacy,0.0003,0.0,3.6530310189802666,19.396787728218445,0.012141023762524128,0.095703125,-0.008598707499913871,0.0017368467932101339,0.004516671411693096,0.060155920684337616,251,57,204,0,0,0,0,0,0,512,5,0,512,3,0,261,0,0,251,5,0,,0.16995348001364619,a3073547aaa679242f683becb08c245e:0:0,f54e46185c05a3b8a7703ca6faaec652:0:0,f5fc9934aa93f4702f2846f78718ba7b:0:0,b6b69525765f725bcfa4c0736776de8f:0:2863696205,fd62d81990a79a4347ee99eb97dc7acd:1:1964540900,1.0
1013,2,1013,1,legacy,0.0003,0.0,3.7744249946069197,17.897841392788493,0.006212039850652218,0.1064453125,-0.001493673212826252,0.0017157927621155977,-0.004893688950687647,0.05924004688858986,270,56,186,0,0,0,0,0,0,512,2,0,512,0,0,242,0,0,270,2,0,,0.1693221990717575,51246f120fd927aac64fbfedf1c9405e:0:0,19c952a53406da1181acd661e43ca62f:0:0,a1dd21ba12f5e21b4fe756e0ac3d77b6:0:0,c518425e442de7b56461d4c96690ea8f:0:3410727262,73ddf5a583718a07caeecf61ae14a9fe:1:3595714459,1.0
1014,2,1014,1,legacy,0.0003,0.0,3.7756316402368126,18.739470724505725,0.0035919605288654566,0.094140625,-0.006079947482794524,0.0014017003879416734,0.0031997738406062126,0.052945442497730255,256,54,202,0,0,0,0,0,0,512,1,0,512,6,0,256,0,0,256,1,0,,0.1676281139953062,cae01d94509d0f262616341b45465c5e:0:0,dba946b3ea8d29e89bc04e8e8881cf25:0:0,dfe6d44eef0c517eb220ef6885e7117d:0:0,fe2f377508f982ed3a14e6e4b8eaf68f:0:2289541923,037ecfbfdcbd4dc91107015162c62f92:1:309972718,1.0
1015,2,1015,1,legacy,0.0003,0.0,3.7661282800333136,18.699911800928717,0.004293141886591911,0.034375,-0.0009534597862511873,0.0014824613754171878,-0.007210652809590101,0.05456990748643875,240,58,214,0,0,0,0,0,0,512,3,0,512,3,0,272,0,0,240,3,0,,0.16730812995228916,334bedb090f6a9b0f177f510ab03785e:0:0,118fa7a28f4307e2b3c7dbde0f022be9:0:0,9c0556d4b6173c07d785d0ac35b34991:0:0,a0f571f17b186215c33e3e515e85028f:0:2686819680,2722845e5cbdbf3095df2fad4476d7bd:1:1188658901,1.0
1016,2,1016,1,legacy,0.0003,0.0,3.620855997400813,18.13357333912866,0.0053964038379490376,0.0474609375,-0.00030320025980472564,0.0014769222994800656,-0.00015592807903885841,0.0545307919383049,255,49,208,0,0,0,0,0,0,512,2,0,512,3,0,257,0,0,255,2,0,,0.16509119200054556,8af4361937d411f7c5cb9f6a2300945e:0:0,4d76a889e2cad4cd9ec6589c1085087a:0:0,5c4f9047fcc4aeb2cec35dea8a8f9d62:0:0,acba88200162e5891759629b575f0e8f:0:1466615741,405e694fa990e544e13eaeea376b2e45:1:3405881696,1.0
1017,2,1017,1,legacy,0.0003,0.0,3.708890963476949,20.341229608419084,0.00846223346889019,0.0458984375,-0.0016746812500059605,0.0018778246245346963,-0.0018627028912305832,0.06123651564121246,242,57,213,0,0,0,0,0,0,512,3,0,512,6,0,270,0,0,242,3,0,,0.16597920202184469,85771f99dd23ea2557020fc3ad3db05e:0:0,86284baf9459172ef3920caab87a237c:0:0,91c5fb859d99a5ce73a1f211bf6dfe2f:0:0,3626816f3e73608dfedd1b4ea3791a8f:0:3491121116,20213701915afecc39f231d675519cb6:0:2048512774,1.0
1018,2,1018,1,legacy,0.0003,0.0,3.788415319986404,18.997744727178436,0.006607593968510628,0.04375,-0.0022688704077154396,0.0015753901621792465,2.515569212846458e-05,0.05624528229236603,245,56,211,0,0,0,0,0,0,512,3,0,512,5,0,267,0,0,245,3,0,,0.17219747405033559,44d07226c54e650e8ba662b949bacc5e:0:0,ec64f14d54d18ff2a29fa26ba935eeb6:0:0,28c3c9f8f0781470cacbc2e991b7a46f:0:0,034c5092f7476d3cff3b6ff742d3268f:0:4235673445,62effd14fd3c21f78368f79dcfea7cb4:0:3596436449,1.0
1019,2,1019,1,legacy,0.0003,0.0,3.73726356877366,17.593273066356517,0.0033426685258746147,0.0546875,-0.000972461886703968,0.001471656368812546,-0.0012834721710532904,0.054356176406145096,257,49,206,0,0,0,0,0,0,512,2,0,512,2,0,255,0,0,257,2,0,,0.16622467909473926,c8bb7b51d5ac719e98ddf4e6f877e85e:0:0,2e86f64d2f6a4c0141606953757be472:0:0,108f0086a675358d342601e685015652:0:0,1715199287cee3a566e1a821356d328f:0:1401922957,e858605ead1eda3f94ba8c6d3d5e86ab:1:951782628,1.0
1020,2,1020,1,legacy,0.0003,0.0,3.8374787369637824,18.143844437155977,0.006911489646881819,0.08984375,0.003845826839096844,0.0012450053181964904,0.003230156609788537,0.05063650757074356,244,45,223,0,0,0,0,0,0,512,0,0,512,3,0,268,0,0,244,0,0,,0.16782084200531244,c3a3056e2d9908831e6862e8b975045e:0:0,2463ba72ed4d98d5b8015f838b7949a3:0:0,14dc4717891f50b2940974c81a55aa62:0:0,b4a7093457f4743259384b587b473e8f:0:325150106,3debefdf9409501919464b1a85b174c1:0:1236289883,1.0
1021,2,1021,1,legacy,0.0003,0.0,3.5598726787972907,18.999737553582328,0.0016466983361169696,0.0689453125,0.0020497866440564393,0.0016543363162782043,0.01253221184015274,0.05857256054878235,236,44,232,0,0,0,0,0,0,512,2,0,512,3,0,276,0,0,236,2,0,,0.16856998100411147,ec08f555cfb89c18429f895a8cb2205e:0:0,99f5de8b3b904aae08f251a3e99936d0:0:0,1d085b2a7b81c8b42637af33b6a9ef78:0:0,7ab42a8303abe54fdaa3212914614a8f:0:1596636930,718615b837896eda5330fe44795b2976:1:3978590914,1.0
1022,2,1022,1,legacy,0.0003,0.0,3.7596482714854687,19.555926239607935,0.00932870339602232,0.0853515625,-0.0012210014741867782,0.0018533004564233123,0.0017273800913244486,0.06148023530840874,249,59,204,0,0,0,0,0,0,512,1,0,512,4,0,263,0,0,249,1,0,,0.1672254930017516,fb5bdf6f0712aa94ce7784d8722f3c5e:0:0,0a3c693e6a47cad5446ed71a538ee969:0:0,8e2a8d925f838c76cfd8167a9b015bbe:0:0,78175a742891f44fdc81311f00bb568f:0:2695531266,931216d816c75608dc4886d8c57c4017:0:222015841,1.0
1023,2,1023,1,legacy,0.0003,0.0,3.7351085844598915,18.98578662460073,0.012154537253081799,0.055078125,-0.0008592891506850719,0.0015596500219544397,-0.00022599485237151384,0.055973898619413376,259,55,198,0,0,0,0,0,0,512,0,0,512,4,0,253,0,0,259,0,0,,0.16795779194217175,8c18bb3973997276497eb1fe69ec585e:0:0,3ddc42e3388fa80d2584c08606cda056:0:0,5293ad110ae44fedc6fa727206241353:0:0,7a0f39040ba9d98f492cc2c64055628f:0:804449280,6b8e88c0465f2794d4a9b3628df453b5:0:3940354159,1.0
1024,2,1024,1,legacy,0.0003,0.0,3.680044754418861,18.092269187552578,0.0070190043188631535,0.046875,-0.00087737578433007,0.0017393198504578322,0.0027821888215839863,0.05906879901885986,251,45,216,0,0,0,0,0,0,512,3,0,512,2,0,261,0,0,251,3,0,,0.16743310703895986,2319cf54e9bbc92d15ddad6873e9745e:0:0,9dc71ff160284eddb095ec24d7a03247:0:0,f15f71c79e5e48086a2e517d3bbdebda:0:0,4400c26489c46fdb0ffb5daad32f6e8f:0:2158634493,6bc461e550d0a3de2bafb11b32d9dd52:1:2187305744,1.0
1025,2,1025,1,legacy,0.0003,0.0,3.7137687645516055,18.8565408546159,0.00701103312894702,0.0708984375,0.0007054087589494884,0.0015929621469695121,-0.0028276946395635605,0.05690116807818413,251,62,199,0,0,0,0,0,0,512,2,0,512,2,0,261,0,0,251,2,0,,0.1697446119505912,1551fe9e909d14088c5753b29026905e:0:0,6fb61f2551b5fc78392d19fd58259f7e:0:0,ee1bfa35d179b9537a490f29bb561f43:0:0,d4351229051cff15313dc958b9497a8f:0:1188793826,4b935d0429ded046ed6d591f8b379b46:0:1388325311,1.0
1026,2,1026,1,legacy,0.0003,0.0,3.593735550469234,20.31588950186649,0.00856308825314045,0.0693359375,-0.004622546350583434,0.0019005843147169798,0.002357200486585498,0.062097735702991486,217,48,247,0,0,0,0,0,0,512,1,0,512,0,0,295,0,0,217,1,0,,0.1632277009775862,de2cc9aaea8f63631848c178bea3ac5e:0:0,c9fd1e3241e1716fb84a488bcf99c2b7:0:0,e929a4e63b8265803a970535924069b5:0:0,43bfb5a442b7aa19ca400d5bf2a3868f:0:748063231,8b1f04a5f29bd092288920cc885de1a4:0:1588694093,1.0
1027,2,1027,1,legacy,0.0003,0.0,3.595902717686581,18.69705812470317,0.01350319106131792,0.1236328125,-0.010262360377237201,0.0015138311544433236,-0.0016507359687238932,0.05520261451601982,257,55,200,0,0,0,0,0,0,512,2,0,512,5,0,255,0,0,257,2,0,,0.16216030903160572,0d9f9e8db36bb00e53a95356ff60c85e:0:0,9936bec453703706f2088f5382e19561:0:0,9e880cb0ec7f5aea1d9274dc1b24e759:0:0,24e4e1f86a0d7fe4214971407f3d928f:0:3045250760,c6abd34b19c95618d0237fafe85732b6:0:1450342607,1.0
1028,2,1028,1,legacy,0.0003,0.0,3.7343727962641937,18.596461036471435,0.007322445511817932,0.0982421875,0.00149965756572783,0.0017110090877395124,-0.0012468977365642786,0.058542076498270035,252,52,208,0,0,0,0,0,0,512,1,0,512,4,0,260,0,0,252,1,0,,0.1610330130206421,69e8738ac0643aff230aa5e9525de45e:0:0,6ebda3cdba2e99a11748cd6b0b4c2d7b:0:0,b69057074802499a171e10c7eef88922:0:0,7630dda499922ff3b19c7c925f179e8f:0:875400166,cdd10753e147824ad4111482d54674f7:0:41559680,1.0
1029,2,1029,1,legacy,0.0003,0.0,3.6872697568542936,17.198745694775752,0.012186107225716114,0.0451171875,-0.00206489278934896,0.0012624563940335065,0.0003261039964854717,0.05057438090443611,263,47,202,0,0,0,0,0,0,512,6,0,512,2,0,249,0,0,263,6,0,,0.1590938320150599,6a4027f54ced0f39d19895cbb79b005e:0:0,5491f7a49453cae8136d93ea41e2ef86:0:0,ca50a531955dd8cbaa4050c4d0d3b14a:0:0,443bf4a6c29f61f13776f6dd9231aa8f:0:1707030950,9a94a363b445bd04b11412ce961d26b8:1:3028902510,1.0
1030,2,1030,1,legacy,0.0003,0.0,3.7539587076359306,17.913932621365845,0.007789185270667076,0.0900390625,-0.0078097119927406315,0.001833080279175192,0.004438718780875206,0.060939352959394455,252,52,208,0,0,0,0,0,0,512,4,0,512,1,0,260,0,0,252,4,0,,0.16264922509435564,ffacc12d6056a5fe2d193f9a2f181c5e:0:0,f2d8272032d135ddaa5e52387b230fa7:0:0,2107dff6fa60ee467f33c2c30c733d63:0:0,dc106193bf51b093bc11e7ae188bb68f:0:51149647,3b2d2bb4ec6053e7e31f04b0d813ce8e:1:1973903560,1.0
1031,2,1031,1,legacy,0.0003,0.0,3.63041753495608,18.336984801503206,0.005166038870811462,0.0576171875,0.00036287885159254075,0.0012257561727892607,-0.006353908218443394,0.04966768994927406,245,42,225,0,0,0,0,0,0,512,4,0,512,2,0,267,0,0,245,4,0,,0.16300760093145072,e9e0505537b6ad33a1ecfff0b8d5385e:0:0,2816a5fad68cd661a7278d3aa251cdbc:0:0,a76bc6b9f17689228e7a5a1fe662f212:0:0,ef91b552d4e347c5a1a1968ff225c28f:0:3322182564,a54ffde3a46029a55807e6f7f51ec2ba:1:2317926261,1.0
1032,2,1032,1,legacy,0.0003,0.0,3.7946761374741946,18.02627168690163,0.004811661783605814,0.0353515625,-0.0018604826414957642,0.0013807702343910933,-0.0020494097843766212,0.05269075557589531,252,45,215,0,0,0,0,0,0,512,0,0,512,4,0,260,0,0,252,0,0,,0.1596018000273034,c9ed2002dfbaf015570e736b54d2545e:0:0,ae3db1c782fdb88779008f19a6f39fe6:0:0,1cbb1779c84512924902991ee2adc16a:0:0,375f727515102609af558b0f1effce8f:0:1144307799,3bee073f5532a2b677788bc7d4802348:1:133771866,1.0
1033,2,1033,1,legacy,0.0003,0.0,3.737993046794868,17.971095258936323,0.003016914939507842,0.0322265625,0.0009225792484357954,0.001681611646199599,0.004957615863531828,0.05839749053120613,248,45,219,0,0,0,0,0,0,512,4,0,512,3,0,264,0,0,248,4,0,,0.16231462394353002,f5ceb7dc6a02621e4a1276a6030f705e:0:0,ac49ecbc7639a21b3ebdb3646292b201:0:0,da6db5ceb1f0ffa23159ec2a01c975d6:0:0,e5b6c86c511001201d588cb79f19da8f:0:1998745063,f6569eeabc707bc02a77389ce4d6bd17:1:3775738802,1.0
1034,2,1034,1,legacy,0.0003,0.0,3.6630701694919168,17.182707384125862,0.008590007200837135,0.0951171875,-0.001956102508120239,0.001529366517206654,0.0014586892211809754,0.0558185949921608,273,52,187,0,0,0,0,0,0,512,2,0,512,3,0,239,0,0,273,2,0,,0.15934896399267018,f0994eb769984c356b28263cc38c8c5e:0:0,b3153dc69d4bbfc2b7bebb36c9de02b6:0:0,2ce70097243c1912b50dedb1a8092af9:0:0,97119e3090b1cdeba0d0a3157273e68f:0:789975387,645bcc164e6e84f54921aca87538d95c:1:2871973014,1.0
1035,2,1035,1,legacy,0.0003,0.0,3.735649682230649,18.596753216572946,0.0032810703851282597,0.0556640625,-0.005656025325879455,0.0018618812377098949,-0.004389007575809956,0.06084855645895004,253,57,202,0,0,0,0,0,0,512,5,0,512,5,0,259,0,0,253,5,0,,0.1625088460277766,8dce6a7ea22d9c19b918decb9649a85e:0:0,6a5f86b0bbc65fd3054bb8d0e1e7b479:0:0,e7c3a9a8573f21735b1e313f5b7cc918:0:0,4aeb6b2e4024eb9677df15b4990df28f:0:1179012941,a01f0b8a253403205807aafad84b310f:0:1895661362,1.0
1036,2,1036,1,legacy,0.0003,0.0,3.8264316809055106,16.73543391793604,0.016008678823709488,0.089453125,-0.006485795648768544,0.0010753337817732244,0.0017970438348129392,0.046299517154693604,259,44,209,0,0,0,0,0,0,512,2,0,512,2,0,253,0,0,259,2,0,,0.16124472010415047,5d1dafcb15ac560e5d483cee7b46c45e:0:0,1262d090e4899502cd63d4b3af235ef3:0:0,30ff8ef9125844398aea0dd403725a5e:0:0,446eb8a286fbf1f775a06c2112e7fe8f:0:129767655,7d36e88d7e936843ab75e5eaedbe5d87:1:643459977,1.0
1037,2,1037,1,legacy,0.0003,0.0,3.726621076721747,20.412934456380327,0.017136400565505028,0.07890625,-0.003968274430371821,0.0020959879271686076,0.00437500374391675,0.06499947607517242,242,62,208,0,0,0,0,0,0,512,2,0,512,2,0,270,0,0,242,2,0,,0.15920788201037794,38fc41c7dbc128c6c7b41d417283e05e:0:0,860dc4a29c253867ce99b0ec2fce4c95:0:0,7ea5bd741ab4f230335e435b9d1eeb20:0:0,73188cd67af523370e2c6de6e0020a8f:0:2943523719,b7ae2381b97a98877c1b3dd071479e6a:0:4069409256,1.0
1038,2,1038,1,legacy,0.0003,0.0,3.7958814202906233,18.66144478566134,0.0040127853862941265,0.0419921875,-0.0028709180653095244,0.0017795025603845715,-0.008951999247074127,0.059915196150541306,252,53,207,0,0,0,0,0,0,512,1,0,512,1,0,260,0,0,252,1,0,,0.16255116707179695,e83b8da26ef72392caf49c607c00fc5e:0:0,d9bc3b3ce95d3f890df8ab8ea7a93b9d:0:0,3fded118234f0d42f61c6634bf95b475:0:0,21d974f5211480b462962292005c168f:0:994266966,34a04ea398da46de649741665a0d1a54:1:3830612408,1.0
1039,2,1039,1,legacy,0.0003,0.0,3.7200353832013695,18.93512637397012,0.009702865034341812,0.0529296875,-0.003100266167894006,0.001801910949870944,0.006584287621080875,0.06029126048088074,246,55,211,0,0,0,0,0,0,512,3,0,512,3,0,266,0,0,246,3,0,,0.16937273100484163,e361f3735b018ecab83c16e797be185e:0:0,b94921a1a9b021f16138a063b2f43600:0:0,7ae87490493266a0675b388553a7101e:0:0,1b2661836f9b832a4cebd1ae73f6228f:0:2506045120,d13e57bd0a00ca6e0578af6fe9a7c9f6:0:1871523386,1.0
1040,2,1040,1,legacy,0.0003,0.0,3.819412357627415,18.3078832255954,0.007602997589856386,0.066015625,-0.0035453998134471476,0.0017374848364852368,-0.005970671772956848,0.05905165895819664,269,57,186,0,0,0,0,0,0,512,4,0,512,1,0,243,0,0,269,4,0,,0.17166686011478305,ac3c713577cfe67b7b572972c5bb345e:0:0,7391b0d876dcfb3a659b4dc4326af0d8:0:0,a35c21af74a97a602d95ccacf8fd798d:0:0,250614ccc36a76146c3702c83ad02e8f:0:1302632587,beb5005d662eb4da2eef2228a1265203:0:1156288017,1.0
1041,2,1041,1,legacy,0.0003,0.0,3.631241477565598,18.352705478291863,0.0030275580938905478,0.0685546875,-0.0027191346045583485,0.00174471081700176,0.0021282320376485586,0.06171868368983269,247,50,215,0,0,0,0,0,0,512,1,0,512,1,0,265,0,0,247,1,0,,0.16983643209096044,f330430c1d07f752b6acb09e05f8505e:0:0,f75f2c11028adf219d44c7b2ac36dad7:0:0,8a4277fcfc9b5afc4b6d9834fba2bf91:0:0,a4b279e17b577654307c7d6b54ea3a8f:0:1159192230,b97f7c00a025a7650d393cae269b37f8:1:45751034,1.0
1042,2,1042,1,legacy,0.0003,0.0,3.658735252667519,17.648199854515198,0.019156111404299736,0.068359375,-0.0036304245702922346,0.00185015486786142,-0.0029873172752559185,0.06324055045843124,257,59,196,0,0,0,0,0,0,512,1,0,512,1,0,255,0,0,257,1,0,,0.1654670509742573,347e56c2f9821dcadf3dc90558756c5e:0:0,c34be52cc6cd40bf81e4d36f66a78a44:0:0,68b2b4368f97d31af8389b3dc777604a:0:0,511fde10ac071415e6bc4923c244468f:0:891923322,86a22e72caf610b0d9bdca7576c2618a:1:3726260381,1.0
1043,2,1043,1,legacy,0.0003,0.0,3.7921881699627558,17.077557378783716,0.008328340947628021,0.0740234375,-0.0057603869587183,0.0016316496359650046,0.008324242196977139,0.057066161185503006,274,42,196,0,0,0,0,0,0,512,3,0,512,0,0,238,0,0,274,3,0,,0.11008069303352386,ba30771c7a63a79758a5cf44bd32885e:0:0,04af2060577583f5a36c19c3548eba15:0:0,7dc77de7626fc31c73a3122eb167b24d:0:0,11e6b6111ed297f5c4f1ad7d82de528f:0:2907795894,7e44bee184adebf87cbf1b43980b8b73:1:961331478,1.0
1044,2,1044,1,legacy,0.0003,0.0,3.8536698887173375,16.656021685165666,0.01689181476831436,0.060546875,0.0010338452644646167,0.0014388678420800716,-0.0049353730864822865,0.053620487451553345,257,40,215,0,0,0,0,0,0,512,1,0,512,3,0,255,0,0,257,1,0,,0.10260188102256507,3809362ded735750911a5ff8342fa45e:0:0,73e929017592cc54e98b37cbd3ddb0c4:0:0,323ff11276be258dd89f22e8b2629a8d:0:0,6fe753590e47eb64f613320496b85e8f:0:536264051,e41e5ebc05b1a011d4a14b37febd7c4d:1:1602930173,1.0
1045,2,1045,1,legacy,0.0003,0.0,3.840686604616703,17.976282972334445,0.004168138839304447,0.0572265625,-0.011178493732586503,0.001483190234284848,-0.0014252250548452139,0.05443268269300461,265,55,192,0,0,0,0,0,0,512,2,0,512,3,0,247,0,0,265,2,0,,0.10927779995836318,b7cbdcb2ca440a601d6b57bbbd6cc05e:0:0,433ba23690ff7f642106da76e3eab14c:0:0,fce2ce34b4408426177f7761c711383b:0:0,49c9b56f52cf244ea6129e44fdd26a8f:0:1404074998,e393aab5c5bbd9eafc46db0c14c809d8:1:3581000145,1.0
1046,2,1046,1,legacy,0.0003,0.0,3.8369076169720984,17.040533115851364,0.0037966298405081034,0.07109375,-0.0006601136643439532,0.0012547957769129426,0.000887150876224041,0.05006479471921921,262,50,200,0,0,0,0,0,0,512,1,0,512,2,0,250,0,0,262,1,0,,0.15766098792664707,77c8feeacdd1812cd502d32b58e9dc5e:0:0,71ee8f46cb8230718dde8ae4a306c47d:0:0,e0c727910343bc25375346f31161a076:0:0,c376764bf201b3fd0ddcf9cab82c768f:0:2407615021,11aa48fed8a9590a4482d9afb4ee6e17:0:3578956053,1.0
1047,2,1047,1,legacy,0.0003,0.0,3.7188596990789256,19.836763994830473,0.003678731620311737,0.075,-0.0030262260232120754,0.0017608621390536427,-0.0014063708949834108,0.0594283863902092,241,64,207,0,0,0,0,0,0,512,2,0,512,3,0,271,0,0,241,2,0,,0.1694024110911414,e60ece40d42b4986ede52ee306a6f85e:0:0,ff18f3b1967721a125e7e756f2cf349b:0:0,c5fa13cbf5bd99bd4942f245227bf6b5:0:0,9810b029433f393e7f5a8c21c5c6828f:0:572253934,e8f019f67d9e1bfa3db43ac9751c1825:1:1359531970,1.0
1048,2,1048,1,legacy,0.0003,0.0,3.881453806353148,17.228479322085665,0.005481122527271509,0.01640625,-0.004181033163331449,0.0013377301453147083,0.009010663256049156,0.05234554782509804,263,34,215,0,0,0,0,0,0,512,3,0,512,3,0,249,0,0,263,3,0,,0.16840627591591328,3a29d1a29bc9cb5418b1077ec6a4145e:0:0,8025dd270a1c000c9bc41e799aded087:0:0,9cc69e79696f6621200106421fcd7ef6:0:0,0513a6721c0bf5ca716edcd626a08e8f:0:3124673874,10776d86c3d6c85639fd1bd982d94d50:1:1654171493,1.0
1049,2,1049,1,legacy,0.0003,0.0,3.7277694898854525,16.977040027323053,0.004495623987168074,0.0712890625,0.0007450151490047574,0.0012912427715491503,-0.0028332711663097143,0.05097930133342743,270,41,201,0,0,0,0,0,0,512,4,0,512,4,0,242,0,0,270,4,0,,0.16653933899942786,884b5d1bde29777b9c9f399a98e1305e:0:0,4652acab2ca8a77e6b0cc624450118ad:0:0,8753eb721ebd53a30d4efc6bd8d8e1bd:0:0,6641f2c4b6c4e6e68bf8b373daba9a8f:0:1061041398,5d1783f5bf6c137e692e5a2b8c53a084:0:2137519208,1.0
1050,2,1050,1,legacy,0.0003,0.0,3.724671813793047,18.011905091987867,0.005458066239953041,0.08828125,-0.0031565609853714703,0.0016480409598443658,0.0010566448327153921,0.05760975927114487,250,45,217,0,0,0,0,0,0,512,1,0,512,3,0,262,0,0,250,1,0,,0.17719975404907018,b52eebf1694819127382e1d27d5e4c5e:0:0,f716dc23894ca7b79a1ffba7993670f7:0:0,ee05064f8422fd874ff8ba9ec94dd488:0:0,404efa4d4635814bb3d21786e214a68f:0:667218844,3e9f19a52da961a879b8071248c9dcb5:1:2050657870,1.0
1051,2,1051,1,legacy,0.0003,0.0,3.703717068745668,18.11205678954122,0.006184023339301348,0.0380859375,-0.0021990860579535363,0.0014421042113099247,0.001646069809794426,0.053980689495801926,244,51,217,0,0,0,0,0,0,512,4,0,512,4,0,268,0,0,244,4,0,,0.1659523450070992,a476672325a048c765c95cc2741b685e:0:0,160b6065142e7dc819400be1b8ca9879:0:0,7853630178f29d8c447f9d9f6e44c9f0:0:0,d6d67f06689b104b16d0509b3caeb28f:0:830270113,4c12775c344cf8f5fefaba354db18cc0:1:2928064093,1.0
1052,2,1052,1,legacy,0.0003,0.0,3.676510924875533,17.96203337996598,0.00813321489840746,0.0849609375,-0.002462151006329805,0.0017806782270781696,0.00276114116422832,0.059638939797878265,240,48,224,0,0,0,0,0,0,512,2,0,512,2,0,272,0,0,240,2,0,,0.16644078900571913,85af64e6343f028f267a47067d18845e:0:0,efcf74b8e666f811ae83f18b85c58226:0:0,0e802abd001b7ce1f741ca77fa1e3bf6:0:0,74913bb8eca1b83337c3e63cea88be8f:0:826815970,4df8f2d0045deaa5be62b2470aaa0cd2:1:4241423987,1.0
1053,2,1053,1,legacy,0.0003,0.0,3.766339376429021,16.289670464033488,0.0022554732859134674,0.0388671875,-0.005320801120251417,0.0011704804026521742,0.002342396415770054,0.04854265972971916,252,45,215,0,0,0,0,0,0,512,2,0,512,3,0,260,0,0,252,2,0,,0.1655970240244642,79088c52908f5d906f377d3a9855a05e:0:0,a64b730271e852c68acf9d29b116ed41:0:0,256ab10a72a338650860d129fc2d22fc:0:0,3600a0df9ae71bf4fa789ff7eba2ca8f:0:2346607553,e0a6bd475c316282a6421ff5236ccd55:1:3835867775,1.0
1054,2,1054,1,legacy,0.0003,0.0,3.630871072471833,19.112651286513383,0.017297575250267982,0.1349609375,-0.005199975054711104,0.001994658447802067,-0.0029984733555465937,0.06294400244951248,244,63,205,0,0,0,0,0,0,512,3,0,512,3,0,268,0,0,244,3,0,,0.16613051493186504,162e8329e17866501c3d1bfac5d2bc5e:0:0,85025924690301da0fa394323874f972:0:0,bbb1ace81a0e933dd70d9a377005ad94:0:0,6246fbdef68ea608afb585583ffcd68f:0:1919977421,abd022f32656e2336543a51596d72244:0:4188807280,1.0
1055,2,1055,1,legacy,0.0003,0.0,3.693996271339664,17.650283635487042,0.007448816671967506,0.0478515625,-0.002798740938305855,0.001367948728147894,0.004785971716046333,0.05220753699541092,246,46,220,0,0,0,0,0,0,512,2,0,512,0,0,266,0,0,246,2,0,,0.16577987105119973,e013224765691b1d48617fe3058fd85e:0:0,3050c94f7eb7f0ee7b8aa8fd78695179:0:0,704029d2cd0c66a58230207f37dcf8b5:0:0,1ecc914c27737493213cdde9e796e28f:0:947904665,e381967d1e3bacfb7cea5a9a2b784e5e:1:1808590645,1.0
1056,2,1056,1,legacy,0.0003,0.0,3.707362445567564,18.64934540258245,0.016370056197047234,0.09609375,-0.002031674713362008,0.0014044921554159373,-0.0026638805866241455,0.05293538421392441,234,52,226,0,0,0,0,0,0,512,3,0,512,4,0,278,0,0,234,3,0,,0.1662087889853865,91c81ff324ee8abd6915458f578cf45e:0:0,737d8790e18745ebfdcd9473838f906d:0:0,0e01c5ca82a0e79d97bfc77d996a0659:0:0,83ed7e498083e8ca9dcc3138e270ee8f:0:1660094021,66d946a5587d0db0a895a0dae33c5117:1:2695779303,1.0
1057,2,1057,1,legacy,0.0003,0.0,3.84521435699008,16.304599600707228,0.002143841702491045,0.068359375,-0.005562950251623988,0.0012713673000689595,-0.0014137851539999247,0.05049123242497444,269,49,194,0,0,0,0,0,0,512,5,0,512,2,0,243,0,0,269,5,0,,0.16589956101961434,a557edfcd77015586a63499bbbca105e:0:0,197413743e0eaf2ecbe7d54fa00aeaad:0:0,7fc335f38f19b1eace979906ac407125:0:0,be778c4a54d2d99c051c46d1308afa8f:0:2503395504,df8a373ead5c58fc9346b2fe60f96a9d:0:2567668123,1.0
1058,2,1058,1,legacy,0.0003,0.0,3.613391802030585,18.045359248719926,0.00883149541914463,0.051171875,-0.0009749183431267738,0.001801157812587917,-0.0019910121336579323,0.059963155537843704,264,52,196,0,0,0,0,0,0,512,6,0,512,5,0,248,0,0,264,6,0,,0.16827226290479302,afe4342d25adcfa4caf0a8a432472c5e:0:0,f37f6b8f5ec36cf9fb7db5e1aca2098f:0:0,a9289fd1a6f40b81c14d538231770c5b:0:0,ee7a85db0dea698fd3e1263ed1e5068f:0:3010755771,ed576ce5bc1a36be67985d1f4229a795:0:1508261727,1.0
1059,2,1059,1,legacy,0.0003,0.0,3.668924962225848,16.995696405021967,0.00822681374847889,0.0662109375,0.0026232984848320482,0.0014229809399694203,-0.0034133973531425,0.05339502915740013,253,44,215,0,0,0,0,0,0,512,4,0,512,3,0,259,0,0,253,4,0,,0.16543350100982934,60891646359d0853b7fcbf44bb04485e:0:0,80971900d3db29b5eae02dfb7acce985:0:0,cd9e6e681f74b45c966e7907c6e0a97e:0:0,cb190a55b5ec7fef2fca170dc67f128f:0:3344309476,38c36b150e50366d4cfed3ef641a7ec7:0:581554422,1.0
1060,2,1060,1,legacy,0.0003,0.0,3.719839502962907,17.274827661307945,0.014799663797020912,0.1189453125,-0.007399061508476734,0.0013815768936183304,0.00181988172698766,0.052615340799093246,262,46,204,0,0,0,0,0,0,512,5,0,512,4,0,250,0,0,262,5,0,,0.16459050599951297,4bd75776ab3eefbd29612a195601645e:0:0,82eefcce25da25e49ec0a6f6c176abc5:0:0,57bfa6ef7eee72f2a0516363c559e849:0:0,afe359b6680ce528f381a0ca0e591e8f:0:797756095,8b35ef3369ffb41d294cb5b8e99980ac:0:3759770924,1.0
1061,2,1061,1,legacy,0.0003,0.0,3.6626191496855913,19.9951118195927,0.009738669730722904,0.078515625,-0.0023495617788285017,0.00208500677254051,0.018527014181017876,0.07808704674243927,235,62,215,0,0,0,0,0,0,512,3,0,512,3,0,277,0,0,235,3,0,,0.16376677399966866,66656bcc8a0d61cbfd91c5be033e805e:0:0,93ef7f16b2afd885ff4895b2f0819a64:0:0,7026ce8b7e18134d6c7c0d360fc70d8f:0:0,8e11190e59f10276baad8affa9732a8f:0:1041253663,adb8285cb73c94b85d1e1ab25eeb08ce:1:1574779635,1.0
1062,2,1062,1,legacy,0.0003,0.0,3.858284033042055,18.527181925022475,0.0026686692144721746,0.051953125,-9.196843020617962e-05,0.0015038996119983495,-0.007732896134257317,0.056182779371738434,248,61,203,0,0,0,0,0,0,512,3,0,512,4,0,264,0,0,248,3,0,,0.16635089903138578,5840a2dfa299d22a159caecec2bb9c5e:0:0,9598fc5a95bebbecf9f56595f3c9e222:0:0,6c4e517b662d9ff4dff6f2bad1d0ae03:0:0,3deaa35f708144c1edeedd3a97cd368f:0:3835535368,bf011ab6a81de0658eb5469399068d50:1:3091882550,1.0
1063,2,1063,1,legacy,0.0003,0.0,3.7844317694992617,19.205902532860787,0.003769742324948311,0.0578125,0.002953025605529547,0.0017078894074074925,0.0015747067518532276,0.05866282433271408,264,58,190,0,0,0,0,0,0,512,1,0,512,4,0,248,0,0,264,1,0,,0.1668279661098495,db2bcd9577fa5aac712a41e79478b85e:0:0,7b97b8b8fa7dbe2abf969ceacbf9d428:0:0,439648a1db38a3036870d88ca16cbc1a:0:0,ce1e19f592b822c8cee1df06d967428f:0:4175325563,1ed92b2e0174ed01a12ea7ad8532da53:1:2776624921,1.0
1064,2,1064,1,legacy,0.0003,0.0,3.7756258540562504,17.596733523378138,0.0037141127977520227,0.0490234375,-0.0013698470080271362,0.0015030481154099107,-0.010032585822045803,0.055582594126462936,244,42,226,0,0,0,0,0,0,512,1,0,512,0,0,268,0,0,244,1,0,,0.16724403097759932,50d8138ac8a0ebff4a7d1ba47875d45e:0:0,2513565b09528b944fb08cc8c54f89cb:0:0,fe78c7777c6db286eacdccbfa0f06418:0:0,a2d8129e2cfac683841e17f06e414e8f:0:1849867144,35cf541e1ef1dc3d87de1f58782447ff:0:3725955210,1.0
1065,2,1065,1,legacy,0.0003,0.0,3.846635412279408,18.831186658355147,0.014294546097517014,0.0705078125,-0.004360662959516049,0.0014991147094406188,0.008325573988258839,0.054971225559711456,249,48,215,0,0,0,0,0,0,512,1,0,512,4,0,263,0,0,249,1,0,,0.16448808007407933,dedf1b592638a092327218a16eb2f05e:0:0,ab32c03bedad61f7b217f9187f173f7c:0:0,9c6594bae4773e3ccc3892ff711e0d5e:0:0,70837969978759c925364f83565b5a8f:0:499135589,a4ee66332529cc7b1f125a11ab9935cd:1:289888380,1.0
1066,2,1066,1,legacy,0.0003,0.0,3.8108389975012305,17.288531035691747,0.008314104750752449,0.0671875,0.0008372869342565536,0.001666725502582267,-0.0006123002385720611,0.0577508844435215,268,59,185,0,0,0,0,0,0,512,6,0,512,2,0,244,0,0,268,6,0,,0.1625145369907841,d67b3399482531c42c80557a77300c5e:0:0,ce0d06040f3ee33fa5d96b0bd4c843ec:0:0,73ff5ec73245e5cdd1d03101689a4a73:0:0,514ffeed5284f634c6b88d4b91b5668f:0:420198783,58c00722fcdbdb3a293c85713d4abad3:0:1166517703,1.0
1067,2,1067,1,legacy,0.0003,0.0,3.685693635508386,17.228729325713356,0.009645260870456696,0.0865234375,-0.0027132357470691206,0.0013848678267095239,0.005364300683140755,0.05275489762425423,262,48,202,0,0,0,0,0,0,512,1,0,512,1,0,250,0,0,262,1,0,,0.16507367498707026,300ad12d04408f4fcab92ecb91ed285e:0:0,0312132c517e1d3cfe67833a77a80bf6:0:0,8531df762920f2fee9841590efedab60:0:0,544a3b494a41384a862e18d5204f728f:0:1918250643,f4cc4ef6702024fffb66c044b62a4ead:0:2102687126,1.0
1068,2,1068,1,legacy,0.0003,0.0,3.7963503940724763,18.998954691548974,0.0024919845163822174,0.0498046875,-0.00019361977465450763,0.0015301212202757596,-0.00045972567750141025,0.05555354058742523,230,49,233,0,0,0,0,0,0,512,3,0,512,0,0,282,0,0,230,3,0,,0.16317864193115383,a0987a06197298f749c84130beea445e:0:0,3124420c0afb2dc0b7dabfb7fad64c09:0:0,5ef45a7e001285a03a987dbba17a83d2:0:0,e42c897d962775dc961b79ac02297e8f:0:469264586,fc3b888e2246280e4d2787ec1f527f98:1:1647845060,1.0
1069,2,1069,1,legacy,0.0003,0.0,3.776296582072316,17.519798654912798,0.011671592481434345,0.0697265625,-0.003735265042632818,0.0013949587882962078,0.006778876297175884,0.05294184014201164,266,53,193,0,0,0,0,0,0,512,2,0,512,2,0,246,0,0,266,2,0,,0.1643399029271677,7c27124937befa70acf36945fe27605e:0:0,e00e44c084cf5572020d5811791319e3:0:0,2227fd628ba30f98aa36e1eaf868a5fa:0:0,365b85e964fd97b04a00775c37438a8f:0:3925598943,315cbb84ef0851d78436ae10c5b9c535:1:1311463073,1.0
1070,2,1070,1,legacy,0.0003,0.0,3.907497332104351,18.168688090767546,0.005532989278435707,0.082421875,-0.006101296003907919,0.001653969520702958,0.0018924213945865631,0.05811605975031853,254,51,207,0,0,0,0,0,0,512,9,0,512,3,0,258,0,0,254,9,0,,0.16604321997147053,64a47c56f1652991da1ac3a74fa47c5e:0:0,c92a7b3c6c6a4294b9dc2d5deaa5505e:0:0,8719a7a8bede76824ffa4fe77621519e:0:0,8afd0e1708f2966322581971bf9d968f:0:2916859963,28510d3636e699f16256d0076b342776:1:2714927607,1.0
1071,2,1071,1,legacy,0.0003,0.0,3.8320273070306707,16.632608393789727,0.013280893675982952,0.0998046875,-0.005425391404423862,0.00144792576902546,0.0028816424310207367,0.05415200814604759,265,44,203,0,0,0,0,0,0,512,2,0,512,3,0,247,0,0,265,2,0,,0.16570139094255865,e56192ee80ae86bcb5b8acf0b361985e:0:0,4cc65daf400271055cdfe65f814e099e:0:0,65dbc1d33edf62204678e63295bf21eb:0:0,59049f44560a9a8fd898a7789b37a28f:0:4108321286,a59bfa9f6e572f26b793f82055184885:0:1604167603,1.0
1072,2,1072,1,legacy,0.0003,0.0,3.7727587226328474,19.78338415646015,0.012732872739434242,0.0857421875,-0.005928385932929814,0.0014265440870076418,-0.007942150346934795,0.053564734756946564,227,57,228,0,0,0,0,0,0,512,2,0,512,0,0,285,0,0,227,2,0,,0.16460193693637848,c006b7488e069f8b3ee1c1be295eb45e:0:0,bbf59668c3510bf7b62f7d8061f43e47:0:0,d4f2dee9e8d548fcf6a51e44408485b6:0:0,7fabfc61c574c0336b33a8fcca11ae8f:0:516611448,9d8c281b2f1f03dcff2be47b4913d649:1:3234601387,1.0
1073,2,1073,1,legacy,0.0003,0.0,3.7553629652124467,17.799081959646035,0.0019467700039967895,0.1484375,-0.004863900691270828,0.0015301009232643991,0.004732901230454445,0.05553952604532242,247,43,222,0,0,0,0,0,0,512,2,0,512,3,0,265,0,0,247,2,0,,0.16458174597937614,0c6f7bb261f993bbab44deabb19bd05e:0:0,82896ff7804be23fe51b5bb3253caae3:0:0,63e0e37bef849aa5784775b491da366b:0:0,355b1b8e10567d522995e58a4c2bba8f:0:1055450743,ced7ad7907c88c969eb081e93cfa51bd:1:3851552614,1.0
1074,2,1074,1,legacy,0.0003,0.0,3.8126340330606756,17.105650993797195,0.007944406010210514,0.08984375,-0.001270868070423603,0.0014618490473367273,-0.00030614016577601433,0.05529126152396202,256,53,203,0,0,0,0,0,0,512,1,0,512,1,0,256,0,0,256,1,0,,0.1710463589988649,92e65ddc2eb49c5c832b20554c18ec5e:0:0,e2f7f2bde4d18cb8e9f6e519f522d9f9:0:0,0e5b97db0f04d0a8d102581cab605c73:0:0,9dbe7e5f3498abdcc02764ad2185c68f:0:3827972826,3d67e1f4fc7254a147a8ed30ecbf63d0:0:1860367774,1.0
1075,2,1075,1,legacy,0.0003,0.0,3.7225061940571207,18.302834054757454,0.007835200987756252,0.065234375,-0.001860144827514887,0.001540799206122756,-0.0015067856293171644,0.05552047863602638,253,53,206,0,0,0,0,0,0,512,1,0,512,3,0,259,0,0,253,1,0,,0.1731575099984184,2a230ab75ca4b538bd77e356f8d6085e:0:0,d2e504bf6148da9f62b220bf07378d3b:0:0,5b2d80542a8101a28cf4bf6a47e6be3e:0:0,a8f74795164236d5444b6df14a1fd28f:0:2568427385,f7c2a483e176d635ceae091e4bd44842:1:3412421869,1.0
1076,2,1076,1,legacy,0.0003,0.0,3.723219029396959,18.000370080146855,0.0033071667421609163,0.1068359375,-0.0022516480181366204,0.0015347004227805883,-0.0032351044937968254,0.05544162541627884,251,48,213,0,0,0,0,0,0,512,2,0,512,1,0,261,0,0,251,2,0,,0.16466282296460122,9272486c05cf6883dba8c44cb7d3245e:0:0,6adc192da6a550ef00693477e0acc244:0:0,b318405dba17a3d54e691d39ef653bae:0:0,0fac9c1d2fec6ab4406088e2c5f9de8f:0:1777959583,a30d8e9552419924876fc8064c520198:1:2468221848,1.0
1077,2,1077,1,legacy,0.0003,0.0,3.77895098006758,16.3980242599731,0.0016757547855377197,0.05390625,-0.0026021876838058233,0.0013117983238771559,0.0031493129208683968,0.051068246364593506,271,54,187,0,0,0,0,0,0,512,4,0,512,2,0,241,0,0,271,4,0,,0.16482644597999752,77ce61970b81bcc605d59fd28910405e:0:0,422baeb36a455d1f3b7b7874b363b8da:0:0,8e69e3a47547df48f8b2b760e8050307:0:0,de92249a04dce90dbfc07d0d9513ea8f:0:2763206435,036e293253b69b45183c133173f880f8:0:458373635,1.0
1078,2,1078,1,legacy,0.0003,0.0,3.7426883271242377,17.514277689619195,0.005092297680675983,0.0337890625,0.0002668010070919991,0.0013591421593446285,-0.003527372609823942,0.052444424480199814,274,51,187,0,0,0,0,0,0,512,2,0,512,2,0,238,0,0,274,2,0,,0.16367462207563221,27a9c7ac71f1450826b092846c8d5c5e:0:0,256f81620137073c930d83fb2089c455:0:0,4b69ac6d4f01fea76b9120df0897d1c6:0:0,02f3d7ec47513f765ac051fdb76df68f:0:1479771665,58c1e575993c08c01a36d0f20dbda8e1:0:109085963,1.0
1079,2,1079,1,legacy,0.0003,0.0,3.797081332594031,19.217559610148573,0.004203472286462784,0.081640625,-0.0050394178833812475,0.0019207701261620969,0.0012253327295184135,0.061968185007572174,251,51,210,0,0,0,0,0,0,512,5,0,512,7,0,261,0,0,251,5,0,,0.1636647810228169,4f039903ed6b53400785f8fe624a785e:0:0,9dbaa3a1c560c1987b3c093c08c7081c:0:0,cea905af10e55c14d983e22243ba5acd:0:0,9c439686e58821a842b04f3f2d08028f:0:1938882630,741b422673bf1f10b090f659efb32dad:0:3764491758,1.0
1080,2,1080,1,legacy,0.0003,0.0,3.639510771153728,18.061358542842832,0.0031434628181159496,0.0490234375,-0.0024003205355256794,0.0016550848900806158,0.003554478520527482,0.057400576770305634,267,57,188,0,0,0,0,0,0,512,3,0,512,5,0,245,0,0,267,3,0,,0.16416685795411468,f44ec9bfccae4cfc6c3c6fdc6a47945e:0:0,00acec2d54425cecb88b42a90b5842f6:0:0,38832ed121d8cb1f8666bc663aff2ee9:0:0,6fc189a2701446e84ddbfc5df5e20e8f:0:3200847076,47120dca728feda0bfec2275f5bf8853:1:855243903,1.0
1081,2,1081,1,legacy,0.0003,0.0,3.821108298601652,16.072210664994646,0.013633515685796738,0.07265625,0.0006731468718498945,0.0011608424334554,-0.001997035928070545,0.048964280635118484,265,39,208,0,0,0,0,0,0,512,7,0,512,3,0,247,0,0,265,7,0,,0.16211901302449405,0900dd68ac0922512f54d3ba8484b05e:0:0,797d4448c04f67cb0213f0a6ce39c284:0:0,fcbe2dad06829b2e3acaad1ba7b9f1cc:0:0,ae64b0af8c04eaab038a20e611fc1a8f:0:154386206,2be8c91e8227e476415df7706f3d0267:0:2220535119,1.0
1082,2,1082,1,legacy,0.0003,0.0,3.6373089715008815,17.68531262234918,0.004025327507406473,0.0412109375,-0.0006665377411991357,0.0017312372918240726,0.0036296937614679337,0.059020861983299255,250,47,215,0,0,0,0,0,0,512,3,0,512,6,0,262,0,0,250,3,0,,0.1669561000308022,928469c29cdce7035dea4134b101cc5e:0:0,f2d76821478b5bffcf0d12a8f299df42:0:0,ed5962b748cbf768e8726f9d85ecd380:0:0,3d658ab3636ff079a7fcc4638156268f:0:2918004018,7e30378ce04bc47aff403e714ecbd9bb:1:1560296323,1.0
1083,2,1083,1,legacy,0.0003,0.0,3.7153782000033235,16.709242755520414,0.011771196499466896,0.072265625,-0.0023036266211420298,0.0013229643867816777,-0.0004636291996575892,0.05154180899262428,256,50,206,0,0,0,0,0,0,512,7,0,512,0,0,256,0,0,256,7,0,,0.16542132303584367,bc0e020aad1c8df553b214e6efbee85e:0:0,30c49a87517ba814ac019752602c48c7:0:0,469f25fd740152dc8bf2267ec98be303:0:0,d279588446e9ab1748712e6243f0328f:0:2272157777,4132092c8585c2ade61f1701672d94fb:0:1448519469,1.0
1084,2,1084,1,legacy,0.0003,0.0,3.7080962659267285,18.771120521241613,0.016779117286205292,0.1521484375,-0.00678984746336937,0.0014547141327057034,-0.006511839106678963,0.0541437566280365,255,60,197,0,0,0,0,0,0,512,0,0,512,5,0,257,0,0,255,0,0,,0.16276327101513743,54afac75fa66c6d2d6fbeb6d40bc045e:0:0,08208c1d532c0f2d2cd01319a9db0dc0:0:0,48fa5010176cac30a59486ce828a4385:0:0,69291027f27646e5c71fe66e59ca3e8f:0:4011727531,5d2c50e96c518a4a08618995920252a6:1:2813450410,1.0
1085,2,1085,1,legacy,0.0003,0.0,3.7942241267088006,15.751379300991708,0.007198687642812729,0.0537109375,-0.0018844823585823177,0.0011224311805563048,0.011630154214799404,0.04744422808289528,271,35,206,0,0,0,0,0,0,512,4,0,512,4,0,241,0,0,271,4,0,,0.16244307800661772,813fa275bc55fdfd34b1a163a3f9205e:0:0,661fd572e757d95d691a63a4064187bb:0:0,e23e16ee3bfe06f56f5f716d3b70ccee:0:0,d1fbc0e02880d78ae73cb413c2e44a8f:0:2001682086,1a1cc0f5515c1eb26775fc5153b41ece:0:4059407602,1.0
1086,2,1086,1,legacy,0.0003,0.0,3.6691875399009803,17.649389895459787,0.01079008262604475,0.078515625,-0.00506801251322031,0.0016655265644658357,-0.0048301792703568935,0.057793986052274704,258,62,192,0,0,0,0,0,0,512,5,0,512,2,0,254,0,0,258,5,0,,0.16203361900988966,f27ad6edf1a27eb75c57536619763c5e:0:0,5532f90460451715ca41286ad789f3fb:0:0,125d99749de75bc737bc147d8eb0b91b:0:0,51a8dabd956408d558f69ede7f3e568f:0:2783289493,5bf9f218714c42aaaa5ad48edfbb26a7:1:3717216198,1.0
1087,2,1087,1,legacy,0.0003,0.0,3.7297513607344386,18.753638702268873,0.004835990723222494,0.066796875,-0.005296928761526942,0.0015815091494005174,0.004213823936879635,0.05621101334691048,240,52,220,0,0,0,0,0,0,512,6,0,512,4,0,272,0,0,240,6,0,,0.1607243720209226,ef7a94369bb2b791fc0b5e10a133585e:0:0,a94bceddc2825328df94f6c95e184895:0:0,916647da0b5d7353779f02efdb90e6e8:0:0,69738bdc2e1072e1c577ee5a8ed8628f:0:839130027,317ca453222a327bb10b5dc3a79e776f:1:1363675007,1.0
1088,2,1088,1,legacy,0.0003,0.0,3.812350760796537,17.810616643850175,0.008260230533778667,0.033984375,-0.00017888532020151615,0.0013791712408419698,-0.009711150079965591,0.05279417708516121,247,47,218,0,0,0,0,0,0,512,4,0,512,5,0,265,0,0,247,4,0,,0.16212038393132389,2d5e7669b435a1179c865dff3b30745e:0:0,aad256afccf544957c010e3886a24617:0:0,3139416878eff2e38ab8c48155759d2d:0:0,e56d30b77c5c917fdae62a13f1b26e8f:0:3314373190,887ff32366616d278417276bb29fbae0:1:893367793,1.0
1089,2,1089,1,legacy,0.0003,0.0,3.733145713813889,18.98861049480798,0.016022728756070137,0.0732421875,-0.001081173773854971,0.0020975116349291056,0.008352060802280903,0.06494057178497314,251,63,198,0,0,0,0,0,0,512,2,0,512,5,0,261,0,0,251,2,0,,0.16356878692749888,f131152a486346b8bd1b2fcde76d905e:0:0,8b47f87f77419c62fd10d685da5f7109:0:0,65698dff29e3b9d3d79f0bb425f76014:0:0,24e9ac508b8a5ed758621996a7cc7a8f:0:742278618,85fe805026b40b995414acee51aed36a:1:999124089,1.0
1090,2,1090,1,legacy,0.0003,0.0,3.772010019347869,19.511119839807822,0.006297015585005283,0.0564453125,-0.0039930845145136114,0.001575430593220517,-0.006903466768562794,0.05614106357097626,235,53,224,0,0,0,0,0,0,512,2,0,512,4,0,277,0,0,235,2,0,,0.1624035390559584,8acddabb657f71f7efb6f018a5eaac5e:0:0,26c4737492020a66678bd90b7039eb1f:0:0,a2d90680d763c00603a4904e702c5c66:0:0,302d602a678e914d1a07c46eb126868f:0:2082644650,ab6de67c0ea3270b67a0bc0004872474:0:2667743488,1.0
1091,2,1091,1,legacy,0.0003,0.0,3.8415271281584813,17.968360076092125,0.008480741642415524,0.0634765625,-0.008164828596636652,0.0016525716811884195,0.00499034533277154,0.0576167106628418,241,46,225,0,0,0,0,0,0,512,0,0,512,7,0,271,0,0,241,0,0,,0.16157769097480923,0929cce7c23a77d5f4e0fb7b76a7c85e:0:0,b8ace541737be1cbc14dfc39025c2d89:0:0,fdd9d7ebbc3d105a04af367fd3b60217:0:0,87896b6d61a57ca824ee72280dc0928f:0:3056793363,bc31fd833b80ed5400f4ee0d972deef6:1:656234842,1.0
1092,2,1092,1,legacy,0.0003,0.0,3.6994784970942423,17.717901569172746,0.0029316532891243696,0.072265625,-0.001229553483426571,0.0013472740247379988,-0.0013384000631049275,0.052727364003658295,253,48,211,0,0,0,0,0,0,512,2,0,512,3,0,259,0,0,253,2,0,,0.1604494369821623,4c176ee5508c287dd7baee9259a4e45e:0:0,083f023aab2003e05e30ddcca55cca11:0:0,d2854ed9f8cf228476220ed2e76ecb16:0:0,9ef7d3cc8cc19676b328aa4ebd9a9e8f:0:73578001,f54f7b95b87a2b5f322c750af6fcd465:1:991458554,1.0
1093,2,1093,1,legacy,0.0003,0.0,3.795210155437724,18.852326711527787,0.0104234479367733,0.1046875,-0.0028513089753687383,0.0018072887498419732,-0.0035820172633975744,0.06094572693109512,250,59,203,0,0,0,0,0,0,512,2,0,512,1,0,262,0,0,250,2,0,,0.16008240799419582,7faf620a23a4e1310a00a5f94ee2005e:0:0,8562dc9a28c5b0b2c5d53c331370b615:0:0,0afa5a37d6018b315b123042aa345042:0:0,a1164214245f9db33fc4346ec0b4aa8f:0:2061822775,82cfc60a7405e39b459dbf171cde6664:0:1759217151,1.0
1094,2,1094,1,legacy,0.0003,0.0,3.7677570275906724,18.694818130249203,0.007870638743042946,0.0921875,-0.0044914723839610815,0.0015054013521876187,-0.0021915817633271217,0.05488447844982147,238,48,226,0,0,0,0,0,0,512,3,0,512,2,0,274,0,0,238,3,0,,0.16221226996276528,cc3405d25590c07380083e4c565f1c5e:0:0,cac56c70811f8094fc32eefbce101cc4:0:0,469406a2cd7ce18b84d6d7498427d382:0:0,505b0f92d04c65a992ca1814170eb68f:0:758279209,f67e01f737cb99b3c027e5f79bc48e6a:0:2999918597,1.0
1095,2,1095,1,legacy,0.0003,0.0,3.7471096980880265,19.720161381442104,0.00429951585829258,0.083984375,-0.002863969630561769,0.0014977641054429113,-0.00045623420737683773,0.054854150861501694,237,66,209,0,0,0,0,0,0,512,2,0,512,3,0,275,0,0,237,2,0,,0.16271059901919216,ccce0e60d828fc77ccc21427701c385e:0:0,dab5eadd349f9c8aa3efd0622b46da95:0:0,dfa086b9f5c14883ceb68ff8fb9020da:0:0,a0cd80daf7e8441bcd3e9ccac0a8c28f:0:272056454,d93db6d029e2ceca3e4b9b342f333c2f:0:3635908635,1.0
1096,2,1096,1,legacy,0.0003,0.0,3.6869900891221548,16.758177309477084,0.026019588112831116,0.1078125,-0.004560179030522704,0.0014129688846878708,-0.005889623425900936,0.0538153275847435,262,47,203,0,0,0,0,0,0,512,1,0,512,5,0,250,0,0,262,1,0,,0.16530562401749194,6222db4f5cef5bcb3db8c4269c19545e:0:0,8d344a2f92ce44145197dc31f970570d:0:0,2a74127808fb7094b92fc78552090446:0:0,e2a735a4977422a775214a1ebd82ce8f:0:2256517674,de799f51497a86896171264bb483eabf:0:292697595,1.0
1097,2,1097,1,legacy,0.0003,0.0,3.785187320114418,20.406205469817728,0.01398447249084711,0.11640625,-0.0021987523417919875,0.0013993187574669718,0.004780062008649111,0.0529172345995903,234,59,219,0,0,0,0,0,0,512,4,0,512,3,0,278,0,0,234,4,0,,0.1674801930785179,e5c3474bbf6fd041f7112ae5da56705e:0:0,62614ec5a1df4c43c37fe0eca49201da:0:0,4f22812af6dd02075191180f663ab48a:0:0,02520ce349f4336a816ce79c0d9cda8f:0:2201938815,9577a6d60c5bce18df545987a9ed8fbd:1:2368582157,1.0
1098,2,1098,1,legacy,0.0003,0.0,3.7528132609945786,18.39552082919349,0.0058262525126338005,0.0421875,-0.002049326244741678,0.0012092843593563885,-0.002270093420520425,0.04961667209863663,253,54,205,0,0,0,0,0,0,512,2,0,512,5,0,259,0,0,253,2,0,,0.16493864101357758,d30ab3ab9dc434230f8a65012ad38c5e:0:0,29459392326e323f42bb681a2eb32071:0:0,fbe6100912822dbaa701c0e07fe81214:0:0,6f72ff6f7a3448e866177cceb0f6e68f:0:1482018017,6a6b8ce4546a51ac571e95d7781414be:1:529613967,1.0
1099,2,1099,1,legacy,0.0003,0.0,3.7012940684043905,19.646138135728552,0.015049226582050323,0.0982421875,-0.003086216654628515,0.0015013364318292588,-0.0003752247430384159,0.0549115426838398,240,56,216,0,0,0,0,0,0,512,4,0,512,1,0,272,0,0,240,4,0,,0.16586934705264866,db7a39c90ad62994ac7dcf148d90a85e:0:0,1b2174c8b8c3d00659b5ce47f9c894ad:0:0,e9972835a8e4e7437f8c5993dbf13e66:0:0,9e5fc2eced79d12f20125142a790f28f:0:1553322567,47df047f292960cc77f0d72e50ee7df5:1:2392627223,1.0
1100,2,1100,1,legacy,0.0003,0.0,3.727191114738181,17.739129794321485,0.004800757393240929,0.0787109375,-0.008466107863932848,0.001409324526321143,-0.004211172461509705,0.053583402186632156,260,51,201,0,0,0,0,0,0,512,3,0,512,4,0,252,0,0,260,3,0,,0.1673239020165056,422b2ea585fb1c481ddf05bc028dc45e:0:0,29290e3a73f0f9379d3431f3304ee8e7:0:0,fc343cbaf91293b0bca0153d926bbf37:0:0,c0ba61e41a6f743c4149ec83f16afe8f:0:2372397829,8a2ae022141b7a8caf7b6b7a71350e1a:1:424385829,1.0
1101,2,1101,1,legacy,0.0003,0.0,3.710565000742718,18.05821649173782,0.0070235151797533035,0.0666015625,-2.297181636095047e-05,0.0015685679449234159,0.005814103409647942,0.05908925458788872,256,55,201,0,0,0,0,0,0,512,4,0,512,4,0,256,0,0,256,4,0,,0.15997135499492288,75de83faa3866565fa3be59389cae05e:0:0,4f740f7038cb949168a4eeb224ea69c0:0:0,9d3e2b1b267cc9eaf67064f594393fbf:0:0,363b5d4efed655a1fca6161e8e850a8f:0:4185281770,5ebab5a0fcf938c70b02fb4fb249f488:1:1637392043,1.0
1102,2,1102,1,legacy,0.0003,0.0,3.7489427318193895,19.05082669915299,0.006410710979253054,0.041796875,-0.00032405315432697533,0.0015749845479149371,-0.0029515749774873257,0.056343723088502884,233,55,224,0,0,0,0,0,0,512,1,0,512,4,0,279,0,0,233,1,0,,0.15875517507083714,65b40c8a11ed91ba3abc8b372347fc5e:0:0,c40dabe260a5feeb4a18fa803c3eab84:0:0,4da28ed71debdf95dfc63965ac22840c:0:0,49305f256688f96c3209d59e7edf168f:0:4227391182,cbf0447e8a8e0a36b9534d73781e9658:1:3259202724,1.0
1103,2,1103,1,legacy,0.0003,0.0,3.7499415841019204,18.158165205550937,0.011962329968810081,0.0912109375,-0.0023428482469171285,0.0015959445270709693,0.0003944668569602072,0.0566437803208828,241,56,215,0,0,0,0,0,0,512,5,0,512,1,0,271,0,0,241,5,0,,0.1574780660448596,2bf54028e71aca2057235342cf05185e:0:0,3247d2c8e6607b7ddf1488175a00d61f:0:0,11577958aff9f850a83a0fca5d4c7fb9:0:0,fe2304bfd65bcc457a53728fc279228f:0:148958304,f9d5ec392b104525d35c5a26b816b4bb:1:2854672510,1.0
1104,2,1104,1,legacy,0.0003,0.0,3.8811563202412165,16.73561283419611,0.017713263630867004,0.078515625,-0.0015954913571476937,0.0013764858711510896,0.004538292530924082,0.05282711982727051,259,36,217,0,0,0,0,0,0,512,3,0,512,5,0,253,0,0,259,3,0,,0.15980326395947486,96daceac61895e2f61ccda528d02345e:0:0,1948785dcba733e2b72f51060ff7aed2:0:0,f720175d338dac92e650b8d56a503634:0:0,06b8d3338d674edc335c747e59532e8f:0:2599572390,1225b436c86b6909bf6140ef2708e1bc:1:1523863373,1.0
1105,2,1105,1,legacy,0.0003,0.0,3.730065320858252,17.74339006133019,0.0038520176894962788,0.0525390625,-0.0027777744457125665,0.0012460901809390635,-0.003296072594821453,0.050489913672208786,256,51,205,0,0,0,0,0,0,512,1,0,512,3,0,256,0,0,256,1,0,,0.16055922396481037,030b1f8888c8712623affd025d3f505e:0:0,dbb6141954c8c8406451406a0e17587b:0:0,47d25473770c476c2d3858f0f952b839:0:0,386aff154f47e4878bf9a2f6436d3a8f:0:2015546957,521926b1bdd0016108a236a668e52390:1:1378817451,1.0
1106,2,1106,1,legacy,0.0003,0.0,3.7180799874026915,18.2653909845913,0.005042457953095436,0.0814453125,-0.003801118629053235,0.0017615738324820995,-0.0025298725813627243,0.059529565274715424,245,53,214,0,0,0,0,0,0,512,6,0,512,6,0,267,0,0,245,6,0,,0.1575998009648174,1901c69b58ffc917385dd7ee3fbc6c5e:0:0,711425e167a5a5b9139977a4c932ff6c:0:0,17a1e4ba001a5ba9dba612914386b52e:0:0,3372545be9df452c8ffb058380c7468f:0:976996501,93e31c44f2301019893396d41e2344a1:0:247543115,1.0
1107,2,1107,1,legacy,0.0003,0.0,3.6008460638798256,18.260356090139005,0.03029405139386654,0.1486328125,-0.010758039727807044,0.001607481628889218,0.004772230517119169,0.057263243943452835,253,59,200,0,0,0,0,0,0,512,4,0,512,4,0,259,0,0,253,4,0,,0.16244589898269624,7fdcfd496512c0552a01c7b23479885e:0:0,1c43911f96b57a67253a9ecef27e57f3:0:0,92c467882ee692b9bb68c042c7589903:0:0,20713a66a9239263342be3b21161528f:0:3960756953,dbd666bd50a7fc227d9cb29bf7408f0d:1:726702751,1.0
1108,2,1108,1,legacy,0.0003,0.0,3.686919524936158,16.411975556032132,0.004313909914344549,0.074609375,-0.0015691484790295363,0.0011678896000375972,0.0003169287519995123,0.04864849895238876,262,40,210,0,0,0,0,0,0,512,4,0,512,4,0,250,0,0,262,4,0,,0.1633148059481755,af7651bb1afd591e8d6168ea3b76a45e:0:0,6f7c74e1076683af56e8355aef7cdfcd:0:0,c79a0d8490ce8d4138fbc5ddccfaaa0d:0:0,87438b772b880fdb6252c50df53b5e8f:0:1868146858,b0048b9b1e20201e7f35a620e26fb751:0:3686778105,1.0
1109,2,1109,1,legacy,0.0003,0.0,3.8251651736453143,18.672684789461403,0.01628374680876732,0.115234375,-0.009547062357887626,0.0016070440935436637,-0.0001418720930814743,0.05700383707880974,246,53,213,0,0,0,0,0,0,512,7,0,512,3,0,266,0,0,246,7,0,,0.16405543207656592,eb6efcb41607738a1ddc983254b3c05e:0:0,d9dd5460dd9c3d68d126ffc902bed081:0:0,a54c996582f43afdbcf2ec927a62de4b:0:0,3229be39498b7f02053171232c556a8f:0:1490252172,5fcb890fb4e75eea693e835fa8420b9e:1:1252714605,1.0
1110,2,1110,1,legacy,0.0003,0.0,3.717085845252374,17.274582356171386,0.006940524559468031,0.1033203125,-0.004023118317127228,0.0013974492787383497,-0.003651692532002926,0.05294174328446388,258,48,206,0,0,0,0,0,0,512,5,0,512,5,0,254,0,0,258,5,0,,0.16480907192453742,4b36a9282a6a25b2d96d72268030dc5e:0:0,0989b01009063d4dee7289d0e1f8e693:0:0,49fd43dda33218dc28957d57ffd4922e:0:0,c982b33f02f81de61484ef7db6af768f:0:2534452501,6439aa5c7948aaf62ffd201559269fa8:1:924495653,1.0
1111,2,1111,1,legacy,0.0003,0.0,3.7035611836826803,15.720027177491213,0.02029300108551979,0.08671875,-0.0008713358081877231,0.0011852562369313092,-0.0002278402098454535,0.04898625984787941,278,52,182,0,0,0,0,0,0,512,3,0,512,5,0,234,0,0,278,3,0,,0.16388812905643135,ba4cef5c160336241ca85362bdedf85e:0:0,17eca23eeb0af73aea33eb3ced313d6d:0:0,b1c975714d1a10fcb9cac53b46da8f23:0:0,48b557a1a461495da10587a99449828f:0:854899308,55c893d43646fee3507365078f323708:1:2790217773,1.0
1112,2,1112,1,legacy,0.0003,0.0,3.8295229498234846,19.994140365303913,0.009724089875817299,0.044921875,-0.00029480168595910074,0.0015722459123935551,-0.002310198498889804,0.0581408366560936,242,60,210,0,0,0,0,0,0,512,2,0,512,3,0,270,0,0,242,2,0,,0.1664248090237379,4252580a01b2b885bebbd8830deb145e:0:0,7af91f3ee9e5ecbdf9490a5b2fdb2fd9:0:0,f9b6bb5d990fd48fa8149cb9695032c5:0:0,90093944976ac26ae066c132c5238e8f:0:1696896206,c2f5758f492fb17e893219fc402a99b8:1:1819478277,1.0
1113,2,1113,1,legacy,0.0003,0.0,3.7446257292999823,18.425374065710365,0.001875931629911065,0.0341796875,0.0014317779801785945,0.0015680555312428623,0.0015781230758875608,0.05681191384792328,263,58,191,0,0,0,0,0,0,512,3,0,512,1,0,249,0,0,263,3,0,,0.16386838804464787,e82d6aac3efecc882d70de237028305e:0:0,c526ddd07ce816fff978c48166486b41:0:0,fa4acf7f3f0e8f75498b88721c8dfe14:0:0,1c3b2081906596e1395763a5493d9a8f:0:3695892614,c01a93a4dec390bc25c4445e69741d6c:1:3623532471,1.0
1114,2,1114,1,legacy,0.0003,0.0,3.715389053843091,18.124092663254675,0.0029536073561757803,0.0443359375,0.0002432188019156456,0.0018303851480595767,0.004114473704248667,0.06050746142864227,265,51,196,0,0,0,0,0,0,512,7,0,512,5,0,247,0,0,265,7,0,,0.1635446920990944,20d314baed997f10892a80dfe4a54c5e:0:0,148370f89f86acd8c9a9b8a3e1f88656:0:0,64588dc5e3ab15002fb7caaa2d5766f2:0:0,46d8c6510bcead4a4f81768d2097a68f:0:2246214828,61dd154dfbed291b27e1cde84355729f:0:3093005382,1.0
1115,2,1115,1,legacy,0.0003,0.0,3.7827415004128184,17.504735889071977,0.010291794314980507,0.0685546875,-0.008276108046993613,0.0014291679719462991,0.004242919385433197,0.05373525992035866,266,44,202,0,0,0,0,0,0,512,3,0,512,1,0,246,0,0,266,3,0,,0.16333733208011836,93679e537464cda4c0e61d546b62685e:0:0,0867c08b1133d649652d73c0e28244fc:0:0,653cd4f0dcaa68515aaab52828c21f0f:0:0,551ccd4d4e3af40b0f8a41764b31b28f:0:1513366228,b5bf6ac9d26a95ef6d2c0e17b60163ac:1:653468511,1.0
1116,2,1116,1,legacy,0.0003,0.0,3.8043812695379398,18.473589888018637,0.004965616390109062,0.0908203125,-0.0011220462154597044,0.001299865811597556,-0.002338105347007513,0.051324132829904556,253,50,209,0,0,0,0,0,0,512,3,0,512,3,0,259,0,0,253,3,0,,0.16363816999364644,b7ae636af990cc17ae3b501d045f845e:0:0,8156f11981c45f23665f0c6621f414de:0:0,8d47c763ba541af7db50734e7c2d7831:0:0,f9623f39593d33c8bb124becc90bbe8f:0:163697494,250fb5d1bcfe79f6a0889982c824a1da:1:373474198,1.0
1117,2,1117,1,legacy,0.0003,0.0,3.737414585752042,19.409240814744955,0.011134394444525242,0.0953125,-0.002026348980143666,0.00138207784621045,-0.008836822584271431,0.05384376645088196,243,62,207,0,0,0,0,0,0,512,3,0,512,3,0,269,0,0,243,3,0,,0.16353008500300348,135aa757456fec75315bf5d5af9ca05e:0:0,01269ec876fb334c6fcaeee59eca0887:0:0,3f15e8c26e3f37ccb32c94d108ba28ca:0:0,b894f80087d1850df4b55d7c9a25ca8f:0:2515564497,3312b59508960367434162a69a0297d4:1:1261897021,1.0
1118,2,1118,1,legacy,0.0003,0.0,3.714111047164581,17.62069888042941,0.004468689672648907,0.062109375,-0.004609077121131122,0.0015037140226922929,0.008969402872025967,0.05645565316081047,266,42,204,0,0,0,0,0,0,512,4,0,512,5,0,246,0,0,266,4,0,,0.1621708389138803,990b1323bb9d692e4d142b1a6d19bc5e:0:0,0b66e97e82478ea6859c735fc169cc41:0:0,afacef6fcb60e5a6b08b04f7e30f75f7:0:0,d4829a6ec4da692fcc0a7db1be7fd68f:0:1195310037,03dd7497d88dd9fc772ce67b72242801:1:1961988844,1.0
1119,2,1119,1,legacy,0.0003,0.0,3.854172852243508,18.417521958981542,0.013525500893592834,0.0908203125,-0.002708929218351841,0.0014703103108331562,-0.0037164222449064255,0.05473148077726364,254,46,212,0,0,0,0,0,0,512,0,0,512,3,0,258,0,0,254,0,0,,0.162940344074741,2acbc5d25611d18542ca4c873cd6d85e:0:0,9e1c1b1cc79c830c9592327e1bb5a17f:0:0,49307304ad98700d527fd96f79ee8485:0:0,e0ddea2c8e3b8672c9a3f4183619e28f:0:2115908792,bfaa511a6547f62cc8afcd8d42d34273:1:959336233,1.0
1120,2,1120,1,legacy,0.0003,0.0,3.7445229491732293,19.146134097998925,0.003862530691549182,0.0673828125,-0.00031603979878127577,0.0012956028920598328,0.0022626800928264856,0.051018960773944855,253,56,203,0,0,0,0,0,0,512,4,0,512,3,0,259,0,0,253,4,0,,0.16531059297267348,b2285052cdc1b839ae7ef6b81ed3f45e:0:0,d238dd61e41588a5b57a51e30ae981a1:0:0,4aefa77098eaff16e197d7eb42de9021:0:0,f664b1d5371e076ffb0f483c00f3ee8f:0:1801441097,cc29c2b59f1d2ad1df8afd7786ba2a1d:0:1744323380,1.0
1121,2,1121,1,legacy,0.0003,0.0,3.830358975479294,18.013138021426922,0.0031790719367563725,0.030078125,-0.003214272460900247,0.0010909638018347322,-0.011859264224767685,0.04976402223110199,273,41,198,0,0,0,0,0,0,512,6,0,512,6,0,239,0,0,273,6,0,,0.16954092402011156,d35f85a45c628474a2cd06491311105e:0:0,c1051ad886c1117cb71e738290b90b8e:0:0,0e8b513bda64f5d40a9d0af41101d0b7:0:0,8126b3491bea9db9fed541a91f0dfa8f:0:82274102,de28d663e77ad938affa7c9aa97f5ac9:1:2773873308,1.0
1122,2,1122,1,legacy,0.0003,0.0,3.9270403359572645,15.975091897197213,0.012048258446156979,0.10859375,-0.005851672776043415,0.0011280493839876727,-0.00045790011063218117,0.04835895448923111,275,39,198,0,0,0,0,0,0,512,3,0,512,2,0,237,0,0,275,3,0,,0.16616960894316435,2a6eb240c2f164f4c4e997d6198e2c5e:0:0,15a6ccd5bc408e371157010032f5f80f:0:0,7d72fc4f2ac51f97933e5a2d9395d135:0:0,dfaa83a8ba8527c21079e7eb9068068f:0:2798159445,af2b2cff45f8b35b156fc2d94ea27ccc:0:3301010265,1.0
1123,2,1123,1,legacy,0.0003,0.0,3.6335306425711256,18.81447384318478,0.003867148421704769,0.0650390625,-0.0019917227094992996,0.001328565803123638,-0.0006465576589107513,0.051864683628082275,254,43,215,0,0,0,0,0,0,512,5,0,512,0,0,258,0,0,254,5,0,,0.1651374070206657,71a894998098657a68a407fb324b485e:0:0,a478f9e411a7004a03a99a84ba92fe1b:0:0,7e76fbec477bc0821a24e9f38e66985f:0:0,63dba3b0e155f9fd147c828f5502128f:0:1475048055,0c233c5254712f7b6c4916b4346604c5:1:3423421788,1.0
1124,2,1124,1,legacy,0.0003,0.0,3.7445193074439374,18.89417814214336,0.013778891414403915,0.0951171875,-0.007385938800871373,0.0013496428146027029,0.002125853206962347,0.051959216594696045,239,46,227,0,0,0,0,0,0,512,4,0,512,4,0,273,0,0,239,4,0,,0.16447063407395035,1ca6531a658da673ac65f3545d48645e:0:0,2ec3ed787a29295e7edb212660784ae8:0:0,de704bf9df89c85b11fa1febce546f8c:0:0,b78ba07b67accb48a45799206cdc1e8f:0:3403176838,d758f0f174febb16c74c0804d31eab7e:1:2814881087,1.0
1125,2,1125,1,legacy,0.0003,0.0,3.7180777871134074,17.207418363826175,0.0036279151681810617,0.03671875,-0.0008819847833365202,0.0013250297750346362,0.004897907841950655,0.051898520439863205,269,42,201,0,0,0,0,0,0,512,7,0,512,2,0,243,0,0,269,7,0,,0.16453302197623998,09d5aaceed88b6e89533367d9a85805e:0:0,62faebb4f9f72471680edef404cb2812:0:0,2953e7b0e2edb6f01a248aabd60f7bc8:0:0,201e8ff3220944901a80f32ad7f62a8f:0:523935356,19fa39a18351d9cf0b4550c10f2461b5:0:3897228709,1.0
1126,2,1126,1,legacy,0.0003,0.0,3.6871135178549874,17.910158792942042,0.011757566593587399,0.0806640625,-0.002836071839556098,0.0014455944299697876,-0.005219358950853348,0.053891297429800034,262,47,203,0,0,0,0,0,0,512,10,0,512,3,0,250,0,0,262,10,0,,0.16447810200043023,22f7ac720d6a10a72aa9ee12ea029c5e:0:0,c3d7f91d1de9f0a7d68e26051a97dc30:0:0,7b5f73b41e23511e9521dc6e339856a3:0:0,92f9cf9504d533b19e69983a9650368f:0:4180168787,bb62ded0c43934a86f938aaac6a27710:0:1374161517,1.0
1127,2,1127,1,legacy,0.0003,0.0,3.741579677353613,20.174032039313737,0.014469205401837826,0.0939453125,-0.004823119565844536,0.001630116975866258,-0.0018415641970932484,0.05785036459565163,231,47,234,0,0,0,0,0,0,512,2,0,512,2,0,281,0,0,231,2,0,,0.1661109470296651,4bce945a5fb0b6af930276b04bbfb85e:0:0,121356cf885219ba5358b321c1d77bd0:0:0,4ca34e66a779c7b05ce2620f7eab5225:0:0,f1ba8b63a81c61a3307dcfdba7ea428f:0:477383552,4d323e0ed48ce57c24ceb91cc238bc25:1:2334862655,1.0
1128,2,1128,1,legacy,0.0003,0.0,3.7701501205134598,18.50381597090356,0.008522340096533298,0.053515625,-0.0065219353418797255,0.0012251136708073319,-0.0016395591665059328,0.049834102392196655,255,48,209,0,0,0,0,0,0,512,2,0,512,1,0,257,0,0,255,2,0,,0.16498401504941285,083f9c5edb59f5e02f0f6cf1bfbcd45e:0:0,d2408eab7d97b9ffa7bc047f0335dcfb:0:0,9a94212decc56ddfbfbbdaee2fc407c1:0:0,0d583e3d9ece0bd7b625219a0cc44e8f:0:393192436,20a1590e080fff0d28c7d3e3dcca6097:1:2584241802,1.0
1129,2,1129,1,legacy,0.0003,0.0,3.844250463996146,17.91224082055487,0.013698099181056023,0.0849609375,0.0002572220517322421,0.0013857385376468301,0.001244537765160203,0.052762117236852646,266,50,196,0,0,0,0,0,0,512,1,0,512,6,0,246,0,0,266,1,0,,0.164448676048778,028f157a80c747e1b63dad7345f9f05e:0:0,dfa5778433b80fb7d826906d27936b5f:0:0,21e1395bd3bab44899e45efdba8d67e4:0:0,2d661412541400e405c25501c4de5a8f:0:1298470024,7172654b8133f6e9b5f07fa7a5e2c9bc:0:1293153628,1.0
1130,2,1130,1,legacy,0.0003,0.0,3.6659400434034106,19.204145382196945,0.008815096691250801,0.0876953125,-0.005594767327420413,0.001305671565933153,-0.0055719357915222645,0.051161542534828186,255,50,207,0,0,0,0,0,0,512,2,0,512,4,0,257,0,0,255,2,0,,0.16377832693979144,4159a19fa8465853529454d0de770c5e:0:0,287d1a9ed0b161e4da480450cd1599f0:0:0,7a67b99dcb827a91ba1fd0a5a9e84511:0:0,bfe4d9bc614b6063f2b3719ed038668f:0:1346724582,d3ac6e5405b1f94435f46095ad66ac96:1:2162956941,1.0
1131,2,1131,1,legacy,0.0003,0.0,3.7621026478567696,18.37218630030251,0.017974408343434334,0.103125,0.00015606191009283067,0.0012408860115101562,-9.841556311585009e-05,0.04981677234172821,253,46,213,0,0,0,0,0,0,512,5,0,512,4,0,259,0,0,253,5,0,,0.16363562096375972,9dc50cd5ddd72c36bcb4bfa68934285e:0:0,bff59204855022187414d302d300bba3:0:0,b4f2eae50435062f61ed3f9473cf2ddf:0:0,79c5f5938f2afe1f5951befd2ed2728f:0:2279748160,2a2437f6c6c9161360ddba8fe0f822fe:1:995278435,1.0
1132,2,1132,1,legacy,0.0003,0.0,3.799127995876078,18.684445220703296,0.01608475111424923,0.1154296875,0.010998412827029824,0.0011532345350133255,-0.00047219317639246583,0.04808920621871948,267,48,197,0,0,0,0,0,0,512,0,0,512,5,0,245,0,0,267,0,0,,0.16709210607223213,1756076775cc6b9c57da8a904631445e:0:0,65cb57dfcd75ee9ab9742f8f7daee377:0:0,ed3ce60b7a80aaf0cf1b19718b7a52ce:0:0,839ebf13f4a3686f2af1c4a8e0ac7e8f:0:336533216,a417a7b9698a3b16d1ed0dfc57bf4a5f:0:580852408,1.0
1133,2,1133,1,legacy,0.0003,0.0,3.779448988788042,18.030331366296103,0.01836959458887577,0.0875,-0.0025457671843469145,0.001211312026134692,0.009526574052870274,0.04984311759471893,255,41,216,0,0,0,0,0,0,512,1,0,512,4,0,257,0,0,255,1,0,,0.16470664797816426,2e25e18e45e1cd8f4ddb922a156e605e:0:0,e3bf634683d08cf0abc47ac2972bfbd9:0:0,a892868eed87d205bf7170f4867c74aa:0:0,445a7342e60491e279e34a2de5c68a8f:0:230072028,4d527c637a0ab45844ae3fbc80a4cff3:1:3480576319,1.0
1134,2,1134,1,legacy,0.0003,0.0,3.7773773668327753,19.079180476772972,0.012930622324347496,0.1275390625,-0.00691780224442482,0.0016431768715847283,-0.0014918819069862366,0.057578276842832565,256,54,202,0,0,0,0,0,0,512,4,0,512,6,0,256,0,0,256,4,0,,0.1657817050581798,a81c63b92e64a641ab27f30ff6eb7c5e:0:0,a53e9863aa516756bea898e8b53e145f:0:0,22c8509f680e91e1528163b5ac86fd16:0:0,e837f6c5a6f51e23857157183e20968f:0:1369995110,c4ed3230ca6ff27799773a88ffff75be:0:73145032,1.0
1135,2,1135,1,legacy,0.0003,0.0,3.7115114409658094,20.051357756804155,0.01085042767226696,0.0900390625,-0.0029196169693022967,0.0015744878794066608,-0.003914354834705591,0.05609027296304703,254,57,201,0,0,0,0,0,0,512,4,0,512,6,0,258,0,0,254,4,0,,0.16392446390818805,4495f52e5f0a97787aca09ddeaa8985e:0:0,7afef0d24aa778018e5c7a5fe37a96f6:0:0,45155138f30ba9af8a323718c14586df:0:0,d84f95e911c7521cc5e232f3e9baa28f:0:3063704545,37a43ddccb1ecc85f7a2b70e2e465b10:0:3165519924,1.0
1136,2,1136,1,legacy,0.0003,0.0,3.7997389628097205,20.307420584114723,0.004365530330687761,0.058984375,-0.004872194794006646,0.0016587856807745993,0.003989684861153364,0.05787922069430351,223,54,235,0,0,0,0,0,0,512,2,0,512,5,0,289,0,0,223,2,0,,0.16140896501019597,15bd757883126337e266732ff0a5b45e:0:0,5d1d13349c4d69f3dfaa6b87dd795b79:0:0,b7b3d82a1ef27954740c43fbede9ae8b:0:0,e97bfe24a6b7a75df877654ce894ae8f:0:1126619667,0f6bfbf8e6097ab90b8cf83af3f16d2a:1:1620893816,1.0
1137,2,1137,1,legacy,0.0003,0.0,3.8506784466551203,18.832540350803107,0.020993413403630257,0.11484375,-0.007409041468054056,0.001294449152192101,-0.0010210922919213772,0.051326218992471695,261,43,208,0,0,0,0,0,0,512,3,0,512,3,0,251,0,0,261,3,0,,0.16346575191710144,b21b7bb7404ae0af3e3c0ba208e2d05e:0:0,71740fb92def5dadbf391d682f88d4fd:0:0,d478e8a5ac870f77bf259b76826d17b9:0:0,0c10c3eeb5a102c12b6db5af3aaeba8f:0:3304042184,d3ca14043aa8cb6286ca8baa18e3215a:0:167436836,1.0
1138,2,1138,1,legacy,0.0003,0.0,3.7820977023851348,19.490875517431782,0.009000703692436218,0.05859375,-0.003822739340830594,0.0017571873147971928,-0.005947737954556942,0.05942264199256897,252,52,208,0,0,0,0,0,0,512,4,0,512,3,0,260,0,0,252,4,0,,0.16340099298395216,65b21995b49c13653d23efd0335fec5e:0:0,6a21d90181a7a08a906f80f04bc119ba:0:0,d61bd5d2e04e8863be24d3b0d40be601:0:0,ab87eb0294b28e4fc9fd2ba6e008c68f:0:689778322,d3108bf9629c68835433a7c476dc1515:0:851693892,1.0
1139,2,1139,1,legacy,0.0003,0.0,3.710660363788484,17.7460279634007,0.013466089963912964,0.0888671875,-0.008505022339522838,0.0014455248368903995,-0.0017666204366832972,0.053856443613767624,267,49,196,0,0,0,0,0,0,512,2,0,512,6,0,245,0,0,267,2,0,,0.16388240305241197,2aacc653ddae64a3fc917c56701d085e:0:0,0ce8b7e10b1449c1ff94ef78c48cab95:0:0,f0324e935aeb4bf700f2d2e453a26a07:0:0,a97f168516b33667a8590ebfd8a2d28f:0:246645881,4ffed48b726fb5af7e127a18fd5a3209:1:2968831549,1.0
1140,2,1140,1,legacy,0.0003,0.0,3.7295474092078615,17.314606235622733,0.006496130954474211,0.0662109375,-0.0028610164299607277,0.001284810109063983,0.0014587199548259377,0.05083784461021423,274,40,198,0,0,0,0,0,0,512,0,0,512,4,0,238,0,0,274,0,0,,0.1633450430817902,b077b8fa164bff2524924dd0bf1a245e:0:0,3858b3aad9c2b7fbefbecdd1a344472c:0:0,b9cb314b6ff7280330d2252073715c64:0:0,e53c41beb35eca200fafe686247cde8f:0:1238604875,6bc19962a9d00caa2b3168972e69d7da:1:4000766992,1.0
1141,2,1141,1,legacy,0.0003,0.0,3.8365693879809135,20.213470442177805,0.005084605421870947,0.104296875,-0.0007241636049002409,0.0016634323575999588,0.010321558453142643,0.059249524027109146,234,60,218,0,0,0,0,0,0,512,1,0,512,3,0,278,0,0,234,1,0,,0.16317575296852738,4738b77815184cfe03ce40db2057405e:0:0,756c89fc12577231f4c65df303c29547:0:0,c86a14d0751e43b4ff0cb53b984c473b:0:0,83c1296e1468beeeca2b7a85c396ea8f:0:3623769185,bec7347b0fa7700734826be035b91cad:0:3208016956,1.0
1142,2,1142,1,legacy,0.0003,0.0,3.7987198498230232,18.941024588095303,0.004929983988404274,0.059765625,-0.0010705425869673491,0.001570911705493927,-0.004377882461994886,0.055822283029556274,254,49,209,0,0,0,0,0,0,512,1,0,512,4,0,258,0,0,254,1,0,,0.17093499493785203,57653b1b183997cbab87721193d45c5e:0:0,50505c6a6517c6d0e7bf60c68983eab9:0:0,feb8723cc1e83aff5e6b4f3ed7716d75:0:0,9f73e100f9b0978d2ef0d24ab5f0f68f:0:2493022402,003046e3ada0db25cf639beead8e064f:1:3478379789,1.0
1143,2,1143,1,legacy,0.0003,0.0,3.826136441202364,18.25342075672507,0.009197989478707314,0.040234375,-0.001293024141341448,0.0015728006255812943,-0.004436657764017582,0.056173842400312424,262,49,201,0,0,0,0,0,0,512,3,0,512,3,0,250,0,0,262,3,0,,0.16926648397929966,53cec1712990cb1f0b9a3e101991785e:0:0,615f6bec6f93aa12aa642f821992e5b7:0:0,2b5e93f84f661839c1f9b8249f0bf009:0:0,9cd26e4ca733ee1d2e203560fb8b028f:0:1488548313,6cf6e3aa29d2c3d9aed617f204204285:1:3192925080,1.0
1144,2,1144,1,legacy,0.0003,0.0,3.832330746285015,19.590548631470295,0.00617745378986001,0.0884765625,-0.0009601331315934658,0.0015073029266204686,0.002722369274124503,0.055140458047389984,249,60,203,0,0,0,0,0,0,512,4,0,512,3,0,263,0,0,249,4,0,,0.1704115599859506,02363359a71b59290e7d4172b18e945e:0:0,3b5ca40e1bbedcf862b8cec89d58a7a4:0:0,155a9ac443bcf9ad0c7f7798bfeb6d1e:0:0,0ec6b1aa4f4a218e5cd52b5494650e8f:0:708997983,8c8ff7a717911708f71f2d83fb67fe19:0:2644434210,1.0
1145,2,1145,1,legacy,0.0003,0.0,3.825188017291609,18.416751367296477,0.0030773368198424578,0.068359375,-0.0012088322080671787,0.001540490472689271,0.0003799833357334137,0.055707406252622604,257,47,208,0,0,0,0,0,0,512,6,0,512,1,0,255,0,0,257,6,0,,0.17032617994118482,bd8a7aad7b1b41a6b54158d55bcbb05e:0:0,b507fac53fd7890cbc602c6ab53ea511:0:0,f951fad384eb69863ee63ab02969b5b8:0:0,cc3f57a72bb5a64301267bb1807f1a8f:0:629331321,37190ed1f9ac11dc41b537a6a627c33a:1:2536748385,1.0
1146,2,1146,1,legacy,0.0003,0.0,3.8148222545097195,18.2761335508983,0.0021113695111125708,0.062890625,0.0024357078596949576,0.0012107306043617426,0.002226712414994836,0.04941851273179054,251,50,211,0,0,0,0,0,0,512,2,0,512,3,0,261,0,0,251,2,0,,0.16635291907005012,27a4a993afa13b0d3391a0d41848cc5e:0:0,642e02a9a322b231e57ad2d57bc0ccbb:0:0,1cc9f88606f58ce5208b6b1c3e283452:0:0,8cf214c33816f9f51e262e03bfd9268f:0:284818415,567c216fd3dbcc281266d53005ff3f15:1:664398368,1.0
1147,2,1147,1,legacy,0.0003,0.0,3.822242609364933,19.09174650092902,0.0038892687298357487,0.0744140625,-0.003013715846464038,0.0013640041986946016,-0.005658787675201893,0.05234011262655258,257,56,199,0,0,0,0,0,0,512,2,0,512,0,0,255,0,0,257,2,0,,0.1647830920992419,d0dd7d414914fdf60bb3760ae705e85e:0:0,6537fc236bf416412a85cbb4323a2d8d:0:0,f78e4ec9d50644e08681c691c8fdcb3e:0:0,07dafb04c04d3adb7fe189d75273328f:0:1008580969,523ec99416924eee4991dda7da688cf6:1:2887877050,1.0
1148,2,1148,1,legacy,0.0003,0.0,3.7420273003589397,17.85417323843965,0.005502050742506981,0.071875,-0.009720217622816562,0.0015005566936451941,0.00343380612321198,0.05498393252491951,261,51,200,0,0,0,0,0,0,512,3,0,512,1,0,251,0,0,261,3,0,,0.16560152603778988,dc7c888d9357b2cb2a867515c803045e:0:0,25433d5aa3b9af67de80675c40bb8282:0:0,a0c72e1a12501d35331cd8a1acea888c:0:0,166c54723550620ec76116b8384d3e8f:0:243821078,ccc3941877ea81345c81a20e33cda8a2:1:1187170436,1.0
1149,2,1149,1,legacy,0.0003,0.0,3.632194017700428,18.765905931652682,0.003612604457885027,0.123046875,0.007438293797895313,0.0016186590946745127,-0.004024275578558445,0.05717560276389122,260,63,189,0,0,0,0,0,0,512,4,0,512,3,0,252,0,0,260,4,0,,0.16891505103558302,cc00f16e4d1c81b303847a90bb40205e:0:0,aa289ab879efd0f88d6f977f3e3bb345:0:0,6a64a8c3cc12d9251133b2ef4dabde40:0:0,beb214cefb11212e76a89c3271674a8f:0:301536492,ca2622a51e0f55fefe157367df9f519b:1:3564154980,1.0
1150,2,1150,1,legacy,0.0003,0.0,3.5967482256847076,17.956388844647762,0.007607778534293175,0.085546875,-0.007528716290835291,0.0016078165208455175,-0.0008877936052158475,0.05719076469540596,259,51,202,0,0,0,0,0,0,512,6,0,512,6,0,253,0,0,259,6,0,,0.17071091895923018,92de67195d1344bcacc1a317c0bd3c5e:0:0,5839d79d9052a0a577aed85a8398eaf8:0:0,93ae9b0b41cc51df0d73d559117c0efb:0:0,302ba84321ea6345fcb721d1fdc1568f:0:1554827720,4f19550b0f048b8b72c2b7cedc6dc5eb:1:701237179,1.0
1151,2,1151,1,legacy,0.0003,0.0,3.7873921621254327,17.90338775864102,0.005375100299715996,0.059765625,0.0011187224183231593,0.0012976658181287348,-0.004522178787738085,0.05074043944478035,264,50,198,0,0,0,0,0,0,512,4,0,512,3,0,248,0,0,264,4,0,,0.17070193798281252,12becd33fc815c4bfaec4b46d87a585e:0:0,04afc7a2bb4433c016e52e6db7b2933c:0:0,a9accd2f1901cb024f1fb8b9697e29bd:0:0,a60ea3e13e3070f1c186ef22dd5b628f:0:1643230601,b9be5e7b959f40bb4fdc624a89161cef:0:4039406117,1.0
1152,2,1152,1,legacy,0.0003,0.0,3.851316291495336,17.342907778555826,0.015889283269643784,0.06328125,-0.0017192014958709479,0.001628731982782483,0.0022134387400001287,0.0571649894118309,262,47,203,0,0,0,0,0,0,512,2,0,512,3,0,250,0,0,262,2,0,,0.17054726695641875,57ea0b2182e4a5c59d4d0fba0277745e:0:0,7a1c308f240fd3159ad8b774de8211b1:0:0,358a7650912cef86eb0d4942aaacde10:0:0,b944a848d069b7c4320d8bb110356e8f:0:2414281075,ca13834e9797bdae2570b76e9d8c30c6:1:3439854214,1.0
1153,2,1153,1,legacy,0.0003,0.0,3.793056702612362,18.012896481910154,0.026513632386922836,0.1263671875,-0.006410189904272556,0.0014324232062790543,-0.005072240252047777,0.053393684327602386,257,49,206,0,0,0,0,0,0,512,3,0,512,5,0,255,0,0,257,3,0,,0.1682195500470698,90617d2e3e3c947b39c6cd0d3eb4905e:0:0,f8b2ce611c6f171fd1860a4d16febd4b:0:0,014feae21ef16849681313f4fb965fd8:0:0,e8069deef0bd34eacc3bbf08964f7a8f:0:256424345,c3e6b14038c81fe5804c989e8d36c974:1:702461438,1.0
1154,2,1154,1,legacy,0.0003,0.0,3.6192160146843717,19.013314815875695,0.0042239404283463955,0.079296875,-0.0037158620543777943,0.00181375514366664,0.00043365079909563065,0.06060660257935524,258,52,202,0,0,0,0,0,0,512,3,0,512,2,0,254,0,0,258,3,0,,0.16529511206317693,f8c3affd03956cd788d69fdc8d31ac5e:0:0,0e67c329c5eb66585aff7209f377b89f:0:0,56a1d5798593d80357fbb22a7ee52d18:0:0,ebb755e2302283132afd90b56fa9868f:0:1387353559,6ab0d4ffc47424170b8aebc727a21d62:1:4119747928,1.0
1155,2,1155,1,legacy,0.0003,0.0,3.859609066579698,20.61158767219564,0.008504358120262623,0.076953125,-0.003220353974029422,0.0014087201794609427,0.0014877896755933762,0.05310637503862381,237,60,215,0,0,0,0,0,0,512,0,0,512,4,0,275,0,0,237,0,0,,0.16341712197754532,0a6f55486371a1ca7193e4c3edeec85e:0:0,0ecce1f9a45474e8cca044f1a6e03b15:0:0,4145dd947ca4878be7e65556b05969ff:0:0,d2cf8929e1df8b90123a48439c43928f:0:1544988633,bce07de6590aa7ac5cd2d7f6f77130e0:0:1411472631,1.0
1156,2,1156,1,legacy,0.0003,0.0,3.7806769812384218,17.033421272420423,0.009978575631976128,0.103125,-0.0026440114714205267,0.00128326237318106,-0.0041685281321406364,0.0509195476770401,259,48,205,0,0,0,0,0,0,512,3,0,512,2,0,253,0,0,259,3,0,,0.16739179007709026,48d9c3b2adad547525b0385f60ebe45e:0:0,63f46c940018b46a1849cdf6ca4315c4:0:0,c451cccf6a1bd5c3d85b1b6380cf0cad:0:0,af8d2c2c3fdfdabe7ad46d3f1c1d9e8f:0:577009736,7af77281dc4ea5321d9ddd739d5fc02d:0:71668861,1.0
1157,2,1157,1,legacy,0.0003,0.0,3.780577397945341,17.88059265359874,0.015478938817977905,0.0349609375,-0.002417075075209141,0.0011864683852763846,0.0052142757922410965,0.04860840365290642,255,54,203,0,0,0,0,0,0,512,3,0,512,4,0,257,0,0,255,3,0,,0.16619704791810364,52e5d20a3077f6163d77774ae629005e:0:0,b9e690e16a6b7826d7b4d5e8afded4d7:0:0,28be6920a1418ab4accddbd366f61192:0:0,f7e812d21c7197aa9ea9c733ef37aa8f:0:1242476303,35db52a0cc18d93b633b39b462c68715:0:4050827011,1.0
1158,2,1158,1,legacy,0.0003,0.0,3.6964415879544097,18.689038905766875,0.003304871264845133,0.0490234375,-6.777383387088776e-05,0.0014346544165164232,0.0036441865377128124,0.05363541841506958,266,58,188,0,0,0,0,0,0,512,1,0,512,4,0,246,0,0,266,1,0,,0.12249724694993347,8a7b79115e000c35d3cfbe227da61c5e:0:0,ed2e54fc4cecebe86b3038afc3770774:0:0,62c384b537e7a04390bb358b8093ce16:0:0,634df56a13f41ef504935dae1591b68f:0:1705540199,389bb7eb706295331ff2e019610017ae:1:175414693,1.0
1159,2,1159,1,legacy,0.0003,0.0,3.8517215890293626,18.6977705980252,0.011193811893463135,0.1185546875,-0.0052032946608960625,0.001473268831614405,-0.0028951119165867567,0.05447257310152054,256,53,203,0,0,0,0,0,0,512,5,0,512,1,0,256,0,0,256,5,0,,0.10415038897190243,eaef5d84c46d1711a23969822763385e:0:0,b1aa280ee81ec740358ced890700b6f5:0:0,c72174d519c2b5789c4e343510294b3d:0:0,1a180598710440f78c6578398f2bc28f:0:3797546486,990bf9951de8088bc68954db7bce615c:0:966302119,1.0
1160,2,1160,1,legacy,0.0003,0.0,3.814723265905984,17.55098606009604,0.0072688390500843525,0.0439453125,0.0016378849279135466,0.0010072879580548034,-0.003322373144328594,0.04498632624745369,249,41,222,0,0,0,0,0,0,512,3,0,512,1,0,263,0,0,249,3,0,,0.10454987199045718,b83336c303c39a491ccf1605e360545e:0:0,4947c391683734eb0516232df50369db:0:0,212d1047df0deacbb4e1272ecdce50f5:0:0,5ccc6dec35b2232a7aef9e625c05ce8f:0:1876642380,1cc8b5b332c56222a7d0944eae7f25bf:1:997601347,1.0
1161,2,1161,1,legacy,0.0003,0.0,3.79122168459984,18.149686037583514,0.006250037346035242,0.0658203125,0.0005920412018895149,0.0013863252534065396,0.006777354050427675,0.055808961391448975,238,49,225,0,0,0,0,0,0,512,4,0,512,1,0,274,0,0,238,4,0,,0.10629087197594345,bf8cf5252d4f47c98e45a049b19d705e:0:0,d51e456851943b1138cefc404338c113:0:0,4193a2254fa7617fef3bebec25a79948:0:0,594e4dfcfc4cc4c985fc97b47c1fda8f:0:1283005298,266a63329a1f765a86222608234821a5:1:4291830818,1.0
1162,2,1162,1,legacy,0.0003,0.0,3.5860485686123393,19.222397739902373,0.016995273530483246,0.0798828125,-0.0012079704320058227,0.0017288302071392537,-0.004978747107088566,0.05896200239658356,244,62,206,0,0,0,0,0,0,512,3,0,512,1,0,268,0,0,244,3,0,,0.11079004709608853,20f295c0382f4cfa33ec24e9921a8c5e:0:0,613ec766e4371d80ab7bf2a136cf1022:0:0,213e7c00c1310cfbd475269ee5c25965:0:0,a55f0840a24f26b8e0526bbbef79e68f:0:4255554400,0564cba58e3643c1ad61176ef471b933:0:1409478245,1.0
1163,2,1163,1,legacy,0.0003,0.0,3.762200054778832,16.920877582643733,0.008800934068858624,0.0755859375,-0.006358402781188488,0.0010311591875506565,-0.0020503222476691008,0.045411817729473114,263,48,201,0,0,0,0,0,0,512,1,0,512,2,0,249,0,0,263,1,0,,0.105566062964499,3863b7f276a0c22859ac008184d7a85e:0:0,405a2e7fa7505e33d1e97bb2c52b038b:0:0,5d5e99a005eafe617d88dd8e76d0cf34:0:0,bb840612effb16aa45b26204b613f28f:0:2421778339,349edad608d609d0c7f725cc632fd3e8:1:3519519567,1.0
1164,2,1164,1,legacy,0.0003,0.0,3.751451488087948,17.312610075213474,0.004282181151211262,0.0513671875,-0.0015356347430497408,0.0013430123217403889,-0.00015005723980721086,0.05183959752321243,258,54,200,0,0,0,0,0,0,512,1,0,512,2,0,254,0,0,258,1,0,,0.10415590100456029,72f04bca37a33c337608cfad89d4c45e:0:0,129f68af469c5104de0cd84fa7ff0552:0:0,b294df10f7ae552014b8f8be0844c24b:0:0,d4c471b4af2d9d8206d9021acfedfe8f:0:3952964358,9b1b635fb0860d28c570f2603cfe7bb2:0:4264681946,1.0
1165,2,1165,1,legacy,0.0003,0.0,3.74030970971927,19.597344284194882,0.014237514697015285,0.082421875,-0.0013597533572465182,0.001560035889269784,0.0038207261823117733,0.0556911863386631,242,55,215,0,0,0,0,0,0,512,2,0,512,2,0,270,0,0,242,2,0,,0.10408605891279876,d5cd0efd0093807946206f09a111e05e:0:0,3092129d03759a1c031abfdb0d1064d8:0:0,8a915e82678b9de611afbe7a867ba671:0:0,8202cd52e3f910fc157e138a3d080a8f:0:3740342899,e2392dc941e8b11edc79759ec298c54a:0:1079531395,1.0
1166,2,1166,1,legacy,0.0003,0.0,3.718219251100426,17.460375327283593,0.008496219292283058,0.0794921875,-0.007336575211957097,0.001407222155830823,-0.00789401214569807,0.053025778383016586,264,53,195,0,0,0,0,0,0,512,2,0,512,4,0,248,0,0,264,2,0,,0.10239866201300174,f12308d10a585b01e9aafb31ca8efc5e:0:0,6e795a12f8d1dc19ffa72f9c32ac9b5f:0:0,173b401bde29db2053907df7adc5f399:0:0,6e36c1721990c89110549ddefd62168f:0:2656814031,a607ee0447e2d5d0d438d607f7e31154:1:30933218,1.0
1167,2,1167,1,legacy,0.0003,0.0,3.7447763715402194,19.3320108374095,0.004652321804314852,0.075,0.0019518178422003984,0.0014567461388651282,0.006939814891666174,0.0540202260017395,225,51,236,0,0,0,0,0,0,512,3,0,512,5,0,287,0,0,225,3,0,,0.10838613391388208,166ecc04edbd96ebfefad0c2064c185e:0:0,8212e1d5e8e5420bc2e7d01c11b3cc81:0:0,7a0d4baa3c3459649f6953edd0a57d9c:0:0,aabbfc64f612759b4f0ae8a510fc228f:0:813284245,aa511982b0fb550eecf221dc714163e1:0:397438605,1.0
1168,2,1168,1,legacy,0.0003,0.0,3.6633333501813192,17.205501606498586,0.0019295656820759177,0.0173828125,0.0009204898960888386,0.0014557250018697233,-0.0016484663356095552,0.05391760542988777,265,51,196,0,0,0,0,0,0,512,5,0,512,3,0,247,0,0,265,5,0,,0.1090545499464497,2586f86baa991918befc8c565449345e:0:0,037790c37867c49eddaab8fb503773b2:0:0,76b8cda0f0eda242fb9e8c66d97218d3:0:0,c38b87c087b91ebbee4a7b6877d62e8f:0:4238930031,3a9cf809220439ab2568c2f9d8326587:1:1890615248,1.0
1169,2,1169,1,legacy,0.0003,0.0,3.7671222550048444,17.042072150863508,0.0050020064227283,0.0603515625,-0.002983811404556036,0.0013637381402077154,-0.004243203904479742,0.052187010645866394,277,50,185,0,0,0,0,0,0,512,2,0,512,1,0,235,0,0,277,2,0,,0.10439909703563899,4dff449d75561d1819370a8ab486505e:0:0,70c7d63ab326c2f42dc280c3affebbff:0:0,de9276c6fccc5ec357d9336719a1804f:0:0,8dc5900bfe05be7fdbb81db531f03a8f:0:3657347230,eb32a9a4a9c18abc2938fdb76b0114e4:1:2190804208,1.0
1170,2,1170,1,legacy,0.0003,0.0,3.86366834742235,16.745839253634532,0.0015705503756180406,0.0578125,0.00043048884253948927,0.0011546273366548122,0.005070278886705637,0.04858715459704399,252,50,210,0,0,0,0,0,0,512,4,0,512,2,0,260,0,0,252,4,0,,0.1102599180303514,eed642c7f6829454cfcb67fb27036c5e:0:0,361ee005756455c82d13fb9a36d583b7:0:0,6a7d82499c65c55226ed59d941684cff:0:0,22b23e34c1698544e1f3d7173f4a468f:0:3418571241,0689db78fe72417ca1c40f06640bd2a7:0:3550931519,1.0
1171,2,1171,1,legacy,0.0003,0.0,3.78173121283985,19.03456685311504,0.003485338296741247,0.036328125,-0.0012930047465488314,0.0012545507110189647,0.00102056167088449,0.05076492950320244,238,56,218,0,0,0,0,0,0,512,3,0,512,5,0,274,0,0,238,3,0,,0.10514175693970174,7e701a52e7faa78093750143abc0885e:0:0,36cef83e4073f6cd6d6f4232d3a9cfe7:0:0,a0b17281e445b69edd806046fb145dda:0:0,b790f19b1bfdbe5eb498ef1a9fe4528f:0:4094435535,d8ccc9f0ed5a42843ed5496915ba404b:1:1711433699,1.0
1172,2,1172,1,legacy,0.0003,0.0,3.692860104340194,16.717280525205293,0.0060249329544603825,0.0595703125,-0.009727501636371016,0.0010806901729665697,-0.0007942619267851114,0.04659035801887512,264,42,206,0,0,0,0,0,0,512,3,0,512,1,0,248,0,0,264,3,0,,0.10352805501315743,4b0f92b83b4e5a401f89730042bda45e:0:0,ac560dfc49ed2fa010f21169dcff673a:0:0,ada9117006d7f859705e9380d3ba833c:0:0,f26de4d6e5d5587bfc3ded4b53be5e8f:0:3842021851,9d3882f8a60fc6da65db90c86d343a8f:0:1637251064,1.0
1173,2,1173,1,legacy,0.0003,0.0,3.7071241159976234,16.86119586467363,0.0034840726293623447,0.0673828125,-0.002879419317469001,0.0010744856088422238,-0.0012023289455100894,0.046575676649808884,268,52,192,0,0,0,0,0,0,512,4,0,512,2,0,244,0,0,268,4,0,,0.12037334905471653,22890a9934fd511755f899ccebfac05e:0:0,a634e17a8d29feb17b5fdd420f0a8ca2:0:0,646ff9ab1f5c1717223becd0b3a04dc8:0:0,f1070e9ee774114b627499355ad86a8f:0:926513851,337b0f856f2570222636d01838c89671:0:1697731805,1.0
1174,2,1174,1,legacy,0.0003,0.0,3.7385396516531406,17.675825312031822,0.005209795199334621,0.052734375,-0.00373327792622149,0.001256893531535752,-0.00022461035405285656,0.05044351518154144,267,49,196,0,0,0,0,0,0,512,5,0,512,3,0,245,0,0,267,5,0,,0.12039724504575133,b91050c42824b9955b4c9245a777dc5e:0:0,293b3ade0da392b84b04640e5892e4d9:0:0,7fd6e8c5af932bb76f19acd5150a25ff:0:0,63c9e388e4f744609dc9fa64b532768f:0:3308449790,e503b13d03cca705d0a7f6408a4ee9c3:1:3525557956,1.0
1175,2,1175,1,legacy,0.0003,0.0,3.6970291506382917,18.1115387694607,0.006681860890239477,0.08515625,-0.005889663263224066,0.0011949086561799049,0.0004628565802704543,0.04879365861415863,261,59,192,0,0,0,0,0,0,512,7,0,512,2,0,251,0,0,261,7,0,,0.10779097804334015,2d02cb88be3b54c0b2a9b9067534f85e:0:0,a05befb4374a913de64662c5e393fa80:0:0,649de5ffe34ca352a64f690a6b2a680a:0:0,d7647ca3847c5d597dc6586562cc828f:0:287717173,be09ca48f80d2d47880a7df4176b00e9:1:1870257868,1.0
1176,2,1176,1,legacy,0.0003,0.0,3.7501578669540705,16.97177595473427,0.007270215079188347,0.071875,-0.003116760961711407,0.0011948005732847378,-0.001234768540598452,0.04906138777732849,263,45,204,0,0,0,0,0,0,512,0,0,512,4,0,249,0,0,263,0,0,,0.10357615305110812,7aaaed62f677a3c359ceaaab5532145e:0:0,41be6cc12fd543d999fbd754e12131c0:0:0,96ecd2c4b5e3266e8b3da6e5916355b3:0:0,7e8592368250ed42f6ed3ac363a68e8f:0:3287074715,8e1305c735ae2ba69b5080809efaeba5:1:4117403648,1.0
1177,2,1177,1,legacy,0.0003,0.0,3.709646882587961,18.378386012382865,0.01647959090769291,0.0845703125,-0.003278844989836216,0.0014210308843757957,0.0013712082291021943,0.05353254824876785,243,62,207,0,0,0,0,0,0,512,1,0,512,3,0,269,0,0,243,1,0,,0.10664613696280867,4970a4af487c36d6e51443d0476f305e:0:0,68bedda69b54383664534688c593bbbb:0:0,978920e766783b8d9a4682b4b2c3fb2f:0:0,7677b140e578633e2ebd690ab7c09a8f:0:2512899466,5661169fe65c8932f88e94df483578df:1:1334799735,1.0
1178,2,1178,1,legacy,0.0003,0.0,3.754497016712503,16.63906388445231,0.009009871631860733,0.0576171875,-0.008623662870377302,0.0009962272306438535,0.006393764168024063,0.044875744730234146,268,52,192,0,0,0,0,0,0,512,1,0,512,6,0,244,0,0,268,1,0,,0.107191032031551,65fc3ec495e61e709b6da1114bec4c5e:0:0,a776f0fe5697f95d49cc195127e2663f:0:0,69f2535861c3d02681c945b2fc0816c3:0:0,8f8515982713686587b0eac75f1aa68f:0:4009834973,d94f2d51bebe387f763a6465d96e457c:1:3575959967,1.0
1179,2,1179,1,legacy,0.0003,0.0,3.645296691515961,19.00473169005383,0.013495247811079025,0.052734375,-0.0015171661274507643,0.001629947021137923,-0.010564307682216167,0.05736016109585762,244,56,212,0,0,0,0,0,0,512,3,0,512,3,0,268,0,0,244,3,0,,0.11098458210472018,acbe1d7ad6597ead92681f0a62a9685e:0:0,8aa28d1f1250ecd7c12a3974c821869f:0:0,90bf04122d01fb0de579c4a7cea13f3b:0:0,08c2a1d67f34def1ad3d078559b4b28f:0:2843732372,25ea4e8ea2557d9e743c9d67169699bc:0:287894377,1.0
1180,2,1180,1,legacy,0.0003,0.0,3.7404939492788616,16.544256226549734,0.0125532615929842,0.0859375,-0.0032537019811570644,0.0013914033421315252,0.012437045574188232,0.05342597886919975,263,50,199,0,0,0,0,0,0,512,6,0,512,5,0,249,0,0,263,6,0,,0.10403187002521008,5055a0cfa9a844feca2b5a578ba6845e:0:0,b7450d4fbd889b4dc83770a6bfd69686:0:0,96f3d9f109013a8a0805531e14fa8b46:0:0,61418991c9b0849e9fd246d0a78ebe8f:0:1043993086,96573c7c15f806faf9433ebd79c74633:1:190970374,1.0
1181,2,1181,1,legacy,0.0003,0.0,3.692758727132014,17.361577383817362,0.00962052308022976,0.06953125,-0.0030626868130639194,0.0018226641812361776,0.019184628501534462,0.06454076617956161,260,55,197,0,0,0,0,0,0,512,5,0,512,5,0,252,0,0,260,5,0,,0.10322284803260118,79b4c5043baf001549792f94c6e3a05e:0:0,ad4080bf281d01b6a3c09dd6c1f5a7c6:0:0,d5829463c40befae239e397d956c4a86:0:0,51f8699fb56f3850c0dc703548a8ca8f:0:2133719314,7b3eabd8b03a73af67d809b7cd38f038:0:4094299740,1.0
1182,2,1182,1,legacy,0.0003,0.0,3.802195412841453,17.960724885975885,0.008100328035652637,0.04453125,-0.0016032686922699212,0.0013628643879201262,-0.004373946227133274,0.05326930433511734,256,57,199,0,0,0,0,0,0,512,4,0,512,2,0,256,0,0,256,4,0,,0.10341827699448913,6edc303a2583da0e39adbb5e1460bc5e:0:0,d52739bdeb6a6e75c2fd7507de3023d2:0:0,74d265709af4d0f74b04350be50d2e69:0:0,2735bd7730d4e2f9dec28b3f3d02d68f:0:998046619,08c79e5dffb50b874669a972dda5a1b1:1:2477493707,1.0
1183,2,1183,1,legacy,0.0003,0.0,3.7064315944415087,17.832053747210487,0.0015713793691247702,0.07421875,-0.0027400154620409014,0.0015381916891783476,0.005881250370293856,0.05601482838392258,246,57,209,0,0,0,0,0,0,512,6,0,512,4,0,266,0,0,246,6,0,,0.11252035899087787,eae4c13f3793b4df02bf5a4f741dd85e:0:0,914d50510c1d96bb13ce85b502ef4fc2:0:0,b254ef63a3a382a75611414794e52f17:0:0,f95ee00a45c403be40e6df7a849ce28f:0:3873504707,5369cb303eaaf20b26ef941412b63584:1:3430479704,1.0
1184,2,1184,1,legacy,0.0003,0.0,3.6995731817710786,16.297109812870357,0.014913229271769524,0.0646484375,-0.00044672824442386626,0.001191361341625452,-0.0062202042900025845,0.04937443137168884,261,58,193,0,0,0,0,0,0,512,4,0,512,2,0,251,0,0,261,4,0,,0.14785865100566298,510023e258496901673ea904e61af45e:0:0,7caa32e08fffc4714827d79922405c2a:0:0,b4d41d3275d100ff4b0cc19f61603019:0:0,a66011bed7cadf59b3a6f4731f76ee8f:0:3873725976,15444ec2c6386525593357cd3b9b8254:1:2321791176,1.0
1185,2,1185,1,legacy,0.0003,0.0,3.716600921484533,16.696956713222953,0.016297318041324615,0.0814453125,0.00035521467216312883,0.0014658533909823745,0.01036766916513443,0.05464252829551697,267,43,202,0,0,0,0,0,0,512,4,0,512,4,0,245,0,0,267,4,0,,0.1220754679525271,16697dd5e2db265fa056841a6a58105e:0:0,88cd1c3b820231c81da8d71bc4b1b994:0:0,89f25b01a95de2e96564d75a509d3d49:0:0,dac35477f70652c4945b91b50d90fa8f:0:1662454762,7261ee8311e4267408df9e81f5253138:1:1276212423,1.0
1186,2,1186,1,legacy,0.0003,0.0,3.8747739499962153,17.001221963918802,0.009978003799915314,0.0673828125,-0.0006441491190344095,0.0014513601490762085,-0.0017656225245445967,0.05428268015384674,258,46,208,0,0,0,0,0,0,512,2,0,512,3,0,254,0,0,258,2,0,,0.10723040194716305,5729f1ce31d9f78079cc082c00d52c5e:0:0,3bd0d6b3d99507bb37fba881353a666f:0:0,3a266cb70ceca40606de8fca7c3c681b:0:0,e62551ecba464918dd58becc4eeb068f:0:3203895418,cebaa86a3b2c0f09d1fe4133cfae53f7:1:2636856976,1.0
1187,2,1187,1,legacy,0.0003,0.0,3.665549684513106,16.65451066953156,0.017662296071648598,0.0693359375,-0.0023222576128318906,0.0014839253330137582,-0.0016680037369951606,0.054629262536764145,269,35,208,0,0,0,0,0,0,512,3,0,512,1,0,243,0,0,269,3,0,,0.10811048303730786,395a7d35411f66f36dfe91d5a992485e:0:0,9cebad959a8f2d06cf24ae65dc0ca98b:0:0,a32aac7428cbe62f631b18032a4a11dd:0:0,75f0efd4d2ffd4b731edc344e385128f:0:2346070466,01c68b8219fed27d19265e91f51dd305:0:417387795,1.0
1188,2,1188,1,legacy,0.0003,0.0,3.6794663746728498,16.857254297278136,0.0075873322784900665,0.0771484375,-0.004826473211869598,0.0015123761259019375,-0.0036585358902812004,0.05515952780842781,254,54,204,0,0,0,0,0,0,512,2,0,512,4,0,258,0,0,254,2,0,,0.1191482370486483,bc6d977692b546fcc1e7bdb3648f645e:0:0,7ae389fbec94979bb41e1f02bddc2086:0:0,ccf8c888cb6e373605f9e780ea062fd2:0:0,962bb0be4d98ebabea6526aacb5f1e8f:0:2755018665,146f2a8e13f2ccac7f4de77451697561:0:1801000559,1.0
1189,2,1189,1,legacy,0.0003,0.0,3.7840418952838015,17.359791175139726,0.005462213419377804,0.057421875,-0.008768665406387299,0.0014277042588219046,-0.0024169522803276777,0.05348401144146919,266,66,180,0,0,0,0,0,0,512,4,0,512,3,0,246,0,0,266,4,0,,0.1417519289534539,0846f890c2539b81a11b686131cc805e:0:0,eac170f2b7e8224f2b7f95429d4744ac:0:0,3c7bdd285059a73e273ec8fea6aedb64:0:0,75ee87ab3099c7542004b08a06792a8f:0:3070717658,cd5f1a4060ce54a256af3f53c5e1da83:1:77755557,1.0
1190,2,1190,1,legacy,0.0003,0.0,3.840467838701174,17.28933797382144,0.005046532955020666,0.055078125,-0.008157879766076803,0.0013149425969459117,-0.004802980460226536,0.05211745575070381,243,51,218,0,0,0,0,0,0,512,7,0,512,6,0,269,0,0,243,7,0,,0.1413704149890691,74bf07447310a63439c7ae7b11499c5e:0:0,c994ee5d399b7dfb46b5f025931729d4:0:0,1b73e7fdd57b0c55ffa5c756113b10b1:0:0,572857e0ed4fe742b90d686e94d3368f:0:3868094321,2b6238bb4723a51a85c4841649aa6632:1:3391859119,1.0
1191,2,1191,1,legacy,0.0003,0.0,3.7516848837789887,16.65821767702056,0.007509601768106222,0.084375,-0.0003186587244272232,0.0012423167849192397,0.009063223376870155,0.05120313540101051,266,53,193,0,0,0,0,0,0,512,3,0,512,2,0,246,0,0,266,3,0,,0.15156575699802488,87e1a5e282df14ffd8b4ec9d0306b85e:0:0,af55a1b5f2e501c089bf550f3a44cf8f:0:0,588def6816b35896aa41d5dcc01d20ea:0:0,bab8f99ed46eb76574bb95e4766d428f:0:2984937487,6428c7f94fc9ff9aa8de61f02663caf7:0:3575297766,1.0
1192,2,1192,1,legacy,0.0003,0.0,3.836435758261066,18.450393364245855,0.003423015121370554,0.0677734375,0.0029795588925480843,0.0010153218201594428,0.0015673560556024313,0.045614514499902725,249,56,207,0,0,0,0,0,0,512,10,0,512,1,0,263,0,0,249,10,0,,0.1591315440600738,42056765af7652b50545bf630703d45e:0:0,3234140e2489a44f6447f48e612580c8:0:0,da0eaa55ca4f42340dd445555172b168:0:0,361547bc0139d969f746c077ab474e8f:0:3207989916,daca1b6543f89a9ea13c20f7c8f14d7d:1:3639495212,1.0
1193,2,1193,1,legacy,0.0003,0.0,3.6839795148800336,17.738636254006913,0.0074086375534534454,0.0478515625,-0.003208500612527132,0.0013216410239692777,-0.004759061150252819,0.05160585790872574,240,53,219,0,0,0,0,0,0,512,3,0,512,5,0,272,0,0,240,3,0,,0.14225861604791135,6d00a52e1840f9f59d7703691d40f05e:0:0,c4e202970c3e585d48fac1eada7e7a76:0:0,5ac4ee1dfead82bcf93d05f05e0ceea8:0:0,61b671786dc51162d5e1afb433615a8f:0:2756439476,b0b74ea7019348bb98bc9a5669015017:0:1326876961,1.0
1194,2,1194,1,legacy,0.0003,0.0,3.9581570850881906,17.409281788220497,0.0136735700070858,0.09453125,0.0008224247489124536,0.0017266584967728705,0.005061722826212645,0.05921439081430435,249,46,217,0,0,0,0,0,0,512,10,0,512,3,0,263,0,0,249,10,0,,0.131045471993275,7985785f48ed6a60f1dfd54b45be0c5e:0:0,c4062aef26d7085c25f2be4ec49c36d4:0:0,0563d5fab902eb25433e533e6d348010:0:0,ead88f1822d5d5aca2ba6b260ebb668f:0:414781323,698e88dd3f275c5a2753a0dd89585f22:1:2680217107,1.0
1195,2,1195,1,legacy,0.0003,0.0,3.7695977812271537,15.545489729843464,0.010330691933631897,0.094921875,-0.004444539733231068,0.00137483180151321,-0.0077734654769301414,0.05339710786938667,263,47,202,0,0,0,0,0,0,512,8,0,512,4,0,249,0,0,263,8,0,,0.11015099007636309,f54c408bb83c7fffe1b191a5807b285e:0:0,5609aef7286bc8432845c5dad474ead5:0:0,2de80d560e487eece171f1807e38e463:0:0,fabe472ab5f28212f8fa3a593d55728f:0:152171982,74be38bf29481db9ed10d7bab1a2ad52:0:3344271196,1.0
1196,2,1196,1,legacy,0.0003,0.0,3.8126880174582363,16.89164138777024,0.011054547503590584,0.0650390625,-0.004672635346651077,0.0014868616475723685,0.0027637258172035217,0.05573522672057152,244,56,212,0,0,0,0,0,0,512,4,0,512,4,0,268,0,0,244,4,0,,0.10895410901866853,006e2402e6aa6cf0f6b7d513cd78445e:0:0,396f1f40f1498caab67a52fe8d99d1dd:0:0,c69db20162c3b5097cfbb4e547803c5d:0:0,cd112dac882b2e3588c5a4d9bf2f7e8f:0:2435753696,51a97f64b5c2b53482cc8bf2bf21251a:1:956493110,1.0
1197,2,1197,1,legacy,0.0003,0.0,3.838769254989512,16.387370419100677,0.0027200651820749044,0.069921875,0.0023500082548707723,0.0011482036643428728,-0.0006994602736085653,0.04905657097697258,272,57,183,0,0,0,0,0,0,512,9,0,512,4,0,240,0,0,272,9,0,,0.11055386404041201,9265d4c1888db55481587c322cb5605e:0:0,b91dded4051e15842e60dd119f181a13:0:0,fcf4cca68869d3a4dbe6598cc3917996:0:0,69486d7a7828272d233c723394498a8f:0:409692306,a11248aa4ad59eabb78ea29b320931a4:0:830004399,1.0
1198,2,1198,1,legacy,0.0003,0.0,3.7606693931080057,18.059718054692794,0.006088250782340765,0.05625,-0.0005326626822352409,0.0014218288124538958,0.00031305686570703983,0.05321576073765755,243,55,214,0,0,0,0,0,0,512,4,0,512,5,0,269,0,0,243,4,0,,0.11530652490910143,09dcdfad67484d78b493a39c9e327c5e:0:0,db12995fa02ff8a6b6c0eeb5386884ed:0:0,be7ac9b2bde1d9c0ad72bac20c21e6ed:0:0,f3813fdbfa0a0c70c679a9f2bca3968f:0:1602839188,bc72e5bef9ad3cd2db3c781d69034394:0:994517340,1.0
1199,2,1199,1,legacy,0.0003,0.0,3.7205031775628674,18.307912119186895,0.004613904282450676,0.0375,-0.002491391939111054,0.0018938327440991998,-0.0047211963683366776,0.06220878288149834,249,61,202,0,0,0,0,0,0,512,2,0,512,2,0,263,0,0,249,2,0,,0.1067001560004428,9ff6e270e526da45c203a7ef21ef985e:0:0,06c78f8d4b394f88c9248f33cddb42ea:0:0,530ebf091b34a4248d4dceeb5c386a50:0:0,e326b532c7a78ffaa99393a3383da28f:0:3039203839,c5e98eacf7da4e6e659f90c3ec72e4e7:1:255299028,1.0
1200,2,1200,1,legacy,0.0003,0.0,3.7806543735440363,16.605067033009767,0.010468847118318081,0.069140625,-0.00865022037178278,0.0012191564368549735,-0.001367617747746408,0.04958172142505646,258,51,203,0,0,0,0,0,0,512,5,0,512,4,0,254,0,0,258,5,0,,0.14946215297095478,1a7236f44f8a13e9f5dd25c5b7ecb45e:0:0,566f12123d8a9788c325361f9cb058b3:0:0,86a4b6320f5de668e542a4ae2b819b68:0:0,94685d2a9bb4d9ad489bb6d10717ae8f:0:3706002361,b813a1249596c310af102b528f7a71a3:0:702049202,1.0
1201,2,1201,1,legacy,0.0003,0.0,3.7408171910642594,14.397498954466737,0.010094684548676014,0.0880859375,-0.00563814933411777,0.0009060629468876869,0.006312242243438959,0.04583596810698509,282,40,190,0,0,0,0,0,0,512,3,0,512,4,0,230,0,0,282,3,0,,0.10451826790813357,b1f6f21d6af64ac5d2eef9bc6029d05e:0:0,6faa7367373d903f0b3a8287de2cd797:0:0,ceeb8e28ef5f119ffcc9fb4f88990b2e:0:0,1011740eaa608df8709edb082931ba8f:0:1980300016,be213d4cd657c30936ce021091ea07fd:0:2126024571,1.0
1202,2,1202,1,legacy,0.0003,0.0,3.755812412622653,17.335898951064486,0.005623398814350367,0.053125,-0.0030685370787978173,0.0011563227599253878,-0.002919023158028722,0.048177625983953476,241,57,214,0,0,0,0,0,0,512,4,0,512,5,0,271,0,0,241,4,0,,0.14325057598762214,c5897e27e4a50e982ea2406f1aa6ec5e:0:0,5356c9ab9003e85d09b61d610031c243:0:0,419b5e3a6ec7993b977c137a4ca05cc0:0:0,7f145e35c9f277be4ba507d49e8bc68f:0:2935186018,35775497af662bd41f606fc5033834ce:1:4174467257,1.0
1203,2,1203,1,legacy,0.0003,0.0,3.8811400489585814,18.482409895340624,0.006253338418900967,0.0447265625,-0.0003008723026141524,0.0017417769704479724,0.0032111944165080786,0.059320781379938126,243,60,209,0,0,0,0,0,0,512,4,0,512,2,0,269,0,0,243,4,0,,0.13723854103591293,d38d9f939534f7ea4cfa5679e764085e:0:0,2ee7525dee192f3547a2b69d55b0d027:0:0,49c486ab509906de407d41dba07e30b0:0:0,7f5069c17df7d5786cb184c26725d28f:0:899944430,cee7f1f99a597de2e5563bd92000801f:0:960763723,1.0
1204,2,1204,1,legacy,0.0003,0.0,3.8508916500848587,16.550972279396415,0.010412178002297878,0.065625,-0.0027564919786527754,0.0012605399184394627,-0.006307866424322128,0.05010480433702469,259,51,202,0,0,0,0,0,0,512,5,0,512,2,0,253,0,0,259,5,0,,0.13776903599500656,7e59564fc01393bbfc94d878c661245e:0:0,ff6e17a8925e271a2524b00d6f5b0fca:0:0,d066329ca9fa6effa515507da78ef918:0:0,68fa0a375789499cdbc2d95d82ffde8f:0:1571144940,76866859972e6f4ff1cc903d112cff5f:0:806649988,1.0
1205,2,1205,1,legacy,0.0003,0.0,3.8504918357999496,16.754834333016234,0.013633321970701218,0.0638671875,-0.0006522588897496462,0.0016888847574591636,0.0009917415445670485,0.058322206139564514,270,55,187,0,0,0,0,0,0,512,8,0,512,6,0,242,0,0,270,8,0,,0.13551733805797994,5044cb74bb3d716fb2a9a307b79e405e:0:0,d9177f5e64d6441e3ec879de8d4a3705:0:0,a1997a8d6678214b97b068361d9864b2:0:0,7ae008c75d366e4321d2cd31f219ea8f:0:3166573361,d5f4e2d97d44942152da3b25200d33d2:0:1993335530,1.0
1206,2,1206,1,legacy,0.0003,0.0,3.7923282907740576,18.33163975447727,0.007648146245628595,0.0900390625,-0.0069557743612676855,0.0014651513658463955,1.036451430991292e-05,0.05431665852665901,246,57,209,0,0,0,0,0,0,512,4,0,512,3,0,266,0,0,246,4,0,,0.13655928696971387,b3ad5687aaf052f6a70ad2c2bb1b5c5e:0:0,177640d8e5f6cdacbc17845793c4dd88:0:0,811093ce56f273d70023319388f7680a:0:0,caca775d6d230c0954d667cbb473f68f:0:69580372,a6c88c0c4fa2f8e7a7a1ea264bdb7788:1:352468167,1.0
1207,2,1207,1,legacy,0.0003,0.0,3.662684656796472,16.349557658295222,0.007741216570138931,0.09609375,-0.0031086956849321725,0.0014093832985963672,0.003343287855386734,0.05315639451146126,258,49,205,0,0,0,0,0,0,512,7,0,512,5,0,254,0,0,258,7,0,,0.1618377430131659,58c59bee3ceb7f3cf024c445d0d8785e:0:0,22451c3151342876f989afa243c68b84:0:0,781953f0a50d1e4db3178e5361f318a7:0:0,b1a293e6cbe1f43923bdf0b6ca0e028f:0:889200383,598a417b492e08a2b8377c0b7751c3ca:0:4281181062,1.0
1208,2,1208,1,legacy,0.0003,0.0,3.6350615590911906,16.9885249973454,0.004047342110425234,0.0349609375,-0.0027684005443006756,0.0010654224519385026,-0.002888837829232216,0.04616977274417877,256,53,203,0,0,0,0,0,0,512,5,0,512,2,0,256,0,0,256,5,0,,0.14474290795624256,3f8bd8e28eda36d59efe142cf8d5945e:0:0,00384a72c1d605ce9b10823d57f39c8d:0:0,eca113d189e4a675ae8c74e894fcfa43:0:0,2c35348052997e2ce274ef7f32e80e8f:0:343525435,beb602063a4af614b0c4fd2355fd38e7:1:4266319727,1.0
1209,2,1209,1,legacy,0.0003,0.0,3.8257720305836886,15.036217274198993,0.011772326193749905,0.119921875,-0.0006826429627835751,0.0010807468177517876,0.00010234006913378835,0.04742494598031044,264,39,209,0,0,0,0,0,0,512,4,0,512,7,0,248,0,0,264,4,0,,0.13816155993845314,02199fe1ab844ae6db379f143312b05e:0:0,e22f8fcf6a2f3e95be2e50a69c27f7ed:0:0,b08f7f68abd063f39de2b73b57e5b586:0:0,4473cc8ceefda7f495e22bb0ef021a8f:0:3736987848,d9fdc2e2b018292663c8a4ef2bb6606a:0:3583522414,1.0
1210,2,1210,1,legacy,0.0003,0.0,3.909318452676291,15.724163339433339,0.005753619130700827,0.0384765625,-0.0008240124210715294,0.0011503413756145165,0.007240682374686003,0.04831494763493538,265,49,198,0,0,0,0,0,0,512,6,0,512,6,0,247,0,0,265,6,0,,0.11282100505195558,fcf593394a60d655ff0c81977f8fcc5e:0:0,46a44635325d19019a7b2d2c0075848a:0:0,0c53eb6e5316a7ac32dc758085f20569:0:0,ff5a9dff67abda3affe7acd7fe5c268f:0:24797777,b8afbd2d2ae4205506e1cb830eb51d55:0:3669528900,1.0
1211,2,1211,1,legacy,0.0003,0.0,3.7777374058960413,17.26506160038104,0.004242243245244026,0.0953125,-0.006240123743191361,0.0012238973373314365,-0.009195072576403618,0.049795277416706085,256,50,206,0,0,0,0,0,0,512,4,0,512,1,0,256,0,0,256,4,0,,0.10356561199296266,c2601203bd271933b3521852de4ce85e:0:0,e03ce2858d76be20f784c088bee3f63c:0:0,42937bcd01722b6a6f461ceea307eaf7:0:0,7455396d97744f6aab62ba8060f6328f:0:3155423022,d891d6c95604286ab806de12f097d708:0:1545825946,1.0
1212,2,1212,1,legacy,0.0003,0.0,3.772496939916608,16.279177765273346,0.00955947209149599,0.0693359375,-0.005488601594697684,0.0012299403344513849,0.0010440356563776731,0.04978435859084129,264,50,198,0,0,0,0,0,0,512,3,0,512,6,0,248,0,0,264,3,0,,0.10224812000524253,14ff4e8b36f976680b77ffe24f4a045e:0:0,63601356af2de3351477c05a1c6bc8b1:0:0,4682a3387eb1017c77d9acff35f8784a:0:0,8f5d0ace921d1e12f82bdc3616d03e8f:0:278504467,d9de4397d12f71c0c87619050dc14c3e:0:2708097907,1.0
1213,2,1213,1,legacy,0.0003,0.0,3.8237384541415262,17.770322499012714,0.004349044524133205,0.034765625,-0.0018664876464754344,0.0015184425341431052,0.0019574195612221956,0.05552655830979347,244,50,218,0,0,0,0,0,0,512,2,0,512,5,0,268,0,0,244,2,0,,0.10526166204363108,a815e3b7d8c6939ea18814e1d287205e:0:0,59669863f6e574cb3d46551ac957b161:0:0,87fa743b101a9c010d0e355aa4dcc7e7:0:0,82605810652ae68d2716d9851fea4a8f:0:2059447298,76ee3fa76447df44ce768f4926b769f8:0:394638821,1.0
1214,2,1214,1,legacy,0.0003,0.0,3.6589766317264725,16.13807866696375,0.006262553855776787,0.0869140625,-0.00441632722504437,0.0014310651749838144,0.005828225519508123,0.05338219925761223,274,46,192,0,0,0,0,0,0,512,3,0,512,5,0,238,0,0,274,3,0,,0.10370334098115563,49d0b9d62e7c9b72b22673ed68043c5e:0:0,05a92bb936573a501bc11db76234c69e:0:0,a2c506949dfb6374492e3a8021408a2e:0:0,0802c9fd673b23e165f2b9f97c44568f:0:2608602113,21d694115ec2b654de6efcafbf622a41:0:369080424,1.0
1215,2,1215,1,legacy,0.0003,0.0,3.704612812975776,16.894034335220965,0.004378015175461769,0.0439453125,-0.00034859678708016873,0.001151877362281084,0.0011456285137683153,0.04805179312825203,267,38,207,0,0,0,0,0,0,512,1,0,512,3,0,245,0,0,267,1,0,,0.10387911298312247,1975e1ae08aaa1db389179a10fc1585e:0:0,d10e899d4a0ab36fdc9f30ba3300f44d:0:0,74cf5da3f6899cd07e206c17285bfeb1:0:0,44bb5734487c1febdb89c51f2bde628f:0:1051873177,a00519e6dc2a87bc97094785f2e24eb3:0:1664010441,1.0
1216,2,1216,1,legacy,0.0003,0.0,3.9724757030820177,16.57258437526332,0.005954474676400423,0.120703125,-0.004050772124901414,0.0012960045249201357,-0.004342454951256514,0.051635269075632095,251,49,212,0,0,0,0,0,0,512,2,0,512,2,0,261,0,0,251,2,0,,0.10737847001291811,3195ff8bde2c2ad70aa1c298c9be745e:0:0,f9003a5b5b4dcf4c1b49930b5cbf7449:0:0,ada91837f426fd031c143ec2178cf416:0:0,3ef6344156ce8ac1b3a182822eb86e8f:0:3365739183,4f8de6351b0634852beb6faf11235a59:1:2916846732,1.0
1217,2,1217,1,legacy,0.0003,0.0,3.6804461465966387,17.037661757219304,0.0036558464635163546,0.09765625,-5.166749469935894e-05,0.0011840444058179855,0.001720028230920434,0.04905431345105171,262,56,194,0,0,0,0,0,0,512,3,0,512,4,0,250,0,0,262,3,0,,0.10497402306646109,f014ee89217ad358f4ca2b7095fb905e:0:0,64c9b4f8a8fd23f92e1eb18d3455a8cd:0:0,c68cb84e35169d53c56421ab66fbce40:0:0,86744332a81cb5562afab9ae84d27a8f:0:375875564,e2cbbd9098827453b5a81d9585759888:1:1671431453,1.0
1218,2,1218,1,legacy,0.0003,0.0,3.8212600394655265,15.617149148253583,0.008986365050077438,0.06328125,-0.0004679397214204073,0.001130836454103701,0.005491113290190697,0.04779740050435066,268,37,207,0,0,0,0,0,0,512,2,0,512,6,0,244,0,0,268,2,0,,0.11990522197447717,f52c6f0a35421c73d617d0c47478ac5e:0:0,1bbf9470a0b227becad02d48f6fdb0c9:0:0,69de61cf9b8fda8adb4507bc8884819d:0:0,a9e4604c1d736f5f9b5172302e2c868f:0:2668419066,6fffc83e0d85b19fcecfcb1fbc88af83:1:564380564,1.0
1219,2,1219,1,legacy,0.0003,0.0,3.6165940758530395,16.351596411506854,0.009600174613296986,0.1033203125,-0.01076403607148677,0.0011780055821873248,0.0011666116770356894,0.04873805120587349,277,46,189,0,0,0,0,0,0,512,2,0,512,6,0,235,0,0,277,2,0,,0.13813849503640085,41b4fa12ebd158c6bc320f306535c85e:0:0,5a2f9fc637d1e0ca1c72d5a9aa38c6bb:0:0,e92c1c44b988646963739db412187017:0:0,7ae5d8cb7168887c875cf3932ac6928f:0:1857579983,6637914c4a3766160dc75d1c5073717c:0:571192629,1.0
1220,2,1220,1,legacy,0.0003,0.0,3.8346886271380694,16.72993159586571,0.008527422323822975,0.075390625,-0.003315427899360657,0.0011481635156087577,0.0014106349553912878,0.048087265342473984,265,58,189,0,0,0,0,0,0,512,1,0,512,3,0,247,0,0,265,1,0,,0.13661406002938747,be4535bcbd07bc28ff5a83506832e45e:0:0,f89182a7f480902793af12839ef4c4e3:0:0,aa0662662d0862e460c908e92ec903ea:0:0,cf8653f7c45af498a6cfc5637aa09e8f:0:852662239,8742e4d4ace2e692601cff21de71c228:0:3108606557,1.0
1221,2,1221,1,legacy,0.0003,0.0,3.8230679557928635,17.88973638986997,0.009103219024837017,0.08359375,-0.0044875109102576975,0.001776630902895704,-0.006656970828771591,0.06373397260904312,261,61,190,0,0,0,0,0,0,512,2,0,512,5,0,251,0,0,261,2,0,,0.13543969299644232,1a5805c41e568d965e6d09c07d70005e:0:0,7dbb82c71ed34c3dcb913fab910c151b:0:0,ae952979be9ff24057ed4782aee64fe5:0:0,60207e0359189391f257af2d1dbaaa8f:0:2721652370,6e47dbd7078cb199776338073979da2d:1:3735910019,1.0
1222,2,1222,1,legacy,0.0003,0.0,3.793797627607347,16.54632662574773,0.007608065847307444,0.055859375,-0.0004019223619252443,0.0014296569745056332,-0.003824074286967516,0.05528458580374718,253,42,217,0,0,0,0,0,0,512,8,0,512,2,0,259,0,0,253,8,0,,0.13614123698789626,8ee3cdcca8757b5b1adfbf1ca4ed1c5e:0:0,73bd0d7fd8e2b758a0eececa626bcf6f:0:0,2c6f30abe4d33dac7b44133f4f332025:0:0,8483d79174759c1daf9db87c1414b68f:0:2955973961,bfac7142c187b5831da2ec909fdb1cde:1:1000651961,1.0
1223,2,1223,1,legacy,0.0003,0.0,3.8209385659461748,15.539472359147943,0.004181245807558298,0.09609375,0.007342655095271766,0.0012611107900738715,0.003997111693024635,0.050523508340120316,273,41,198,0,0,0,0,0,0,512,2,0,512,2,0,239,0,0,273,2,0,,0.14165123796556145,d4e331a5f665118014c30000deaa385e:0:0,ba3d072a770b268cbf971df51fa5ed9b:0:0,0e561f0395ad5c65c15402010300935b:0:0,dec12bfd9261a9ed7d4628dc5daec28f:0:235291551,57b799352095f298dbc740014d3214f1:0:1060326499,1.0
1224,2,1224,1,legacy,0.0003,0.0,3.7749269716996543,15.563120221820004,0.0059151966124773026,0.0505859375,-0.00020268349908292294,0.0011769966426072643,-0.0009382315911352634,0.04916330799460411,274,53,185,0,0,0,0,0,0,512,3,0,512,5,0,238,0,0,274,3,0,,0.15781039802823216,c0807285695b5276e6c169092aa7545e:0:0,38110c8d618fda8d0e22f58e9a6889fd:0:0,4b53f327cf5180891fe2710061ebbc7e:0:0,681a5bcc63066f145ef087d9fa88ce8f:0:1671980749,df51fc6ce409e845b7a9aba07113cc43:0:4038039850,1.0
1225,2,1225,1,legacy,0.0003,0.0,3.8243547228012194,16.747393521184904,0.003893421497195959,0.0478515625,-0.004656255152076483,0.0017366028332617134,-0.00013153860345482826,0.058694880455732346,253,38,221,0,0,0,0,0,0,512,3,0,512,1,0,259,0,0,253,3,0,,0.1359696970321238,9f2076d33d367206021fd6d188e4705e:0:0,4a1d2017d3ddd4c77a6cdaa1ecf4bcf9:0:0,9d8fea230ddcdcb9ad30a85619402597:0:0,c8a75ffa427c08abc9379d00eaa2da8f:0:817801783,5d86330a325953bc871a1c38e2d019dc:1:311738805,1.0
1226,2,1226,1,legacy,0.0003,0.0,3.7570906053076136,17.3636092985898,0.0026886053383350372,0.049609375,-0.0033764470834285023,0.0012895160587504506,0.00013831560499966145,0.050666168332099915,255,48,209,0,0,0,0,0,0,512,5,0,512,3,0,257,0,0,255,5,0,,0.1312662239652127,e3b194d39911b274cabd65f5f9618c5e:0:0,132b4802e7ca061c956fe3bebd166474:0:0,4302575d1bc83240b3fd8a62bb13c0ce:0:0,5785ae261d9ef6b8adb16fdd2dfce68f:0:276938705,b949077270834dfd088b47a2c4809a94:1:54710287,1.0
1227,2,1227,1,legacy,0.0003,0.0,3.875426940974486,17.966033557024375,0.006215876433998346,0.093359375,-0.0031087670242413877,0.0015690745669417084,-0.001206808490678668,0.056016791611909866,254,59,199,0,0,0,0,0,0,512,2,0,512,2,0,258,0,0,254,2,0,,0.10433267802000046,0ba45f1e879863f7b31373127c1ea85e:0:0,07cd0ca73b85e8d399c7baa4ffedba47:0:0,4ec318e036cbd0cfd5e94ffaed2d06c1:0:0,8b1a74e2f693b75086ef47fac496f28f:0:209801591,e620342b9d0ac26b5fb593e96b7742b1:0:3402883451,1.0
1228,2,1228,1,legacy,0.0003,0.0,3.893665502751143,16.01336929390842,0.002923342864960432,0.054296875,-0.0021520066540688275,0.0013437604415230454,0.0062916455790400505,0.052153680473566055,271,43,198,0,0,0,0,0,0,512,1,0,512,4,0,241,0,0,271,1,0,,0.15317877300549299,2a11f48402b3065c58359ac3111bc45e:0:0,1a47ce143eb2524083b304eee899e3dc:0:0,14e7d66c90cc96c7317722b8d72def4e:0:0,f25382c57b8404fe647dace5ae70fe8f:0:1659036173,4e353bb8a45e95176c2b58d75ed57f6c:1:2102355011,1.0
1229,2,1229,1,legacy,0.0003,0.0,3.7657913838299684,17.70369476393878,0.010191679932177067,0.066796875,-0.009295625332742929,0.0018174173834268003,-0.006993598770350218,0.06071298569440842,262,63,187,0,0,0,0,0,0,512,1,0,512,3,0,250,0,0,262,1,0,,0.15357941598631442,600bb3a37e2a8cf59dd1b9a3b858e05e:0:0,6010e6d0f5ca5e22920a0c3c8fbbb304:0:0,abcbab68f245c32a5e711faef18a5227:0:0,fc26120e6221b867f6e46629eb8b0a8f:0:361031759,d84d80d6d67f56c1e0152e931990de3d:1:1656297279,1.0
1230,2,1230,1,legacy,0.0003,0.0,3.8977168224081424,18.429279189747326,0.002602187218144536,0.0796875,-0.0015425943536683917,0.001434403087478131,0.004807265475392342,0.05517787113785744,246,61,205,0,0,0,0,0,0,512,3,0,512,1,0,266,0,0,246,3,0,,0.1524021680234,eb23ad289cddc4c7ca2fec5071d5fc5e:0:0,9b88ca979f375e07f531617bc0ce7717:0:0,8f09a7e801c37a4b19bdada2c12d8067:0:0,cd0e261d7a7b4d329ba67b537be5168f:0:195674163,3b5661dc366ed8eec23fbfbe275582f4:0:1751901607,1.0
1231,2,1231,1,legacy,0.0003,0.0,3.7818651363381504,17.676630051779686,0.008985970169305801,0.0849609375,-0.0021253827726468444,0.001307595131220296,-0.0001824467908591032,0.05272814631462097,252,52,208,0,0,0,0,0,0,512,3,0,512,3,0,260,0,0,252,3,0,,0.15308692306280136,902bc648fc24dcf4a2328f653d93185e:0:0,e63c8b36957e07b45becc72948a71ac1:0:0,8d29e33cfdcce6d5424399101a08314a:0:0,1e44a724abae0a28694233ee5f7f228f:0:1324223785,b44e8ccc89b27b96ad2914c5160448e3:1:3226271153,1.0
1232,2,1232,1,legacy,0.0003,0.0,3.747732453541318,17.253002181554812,0.012609010562300682,0.0822265625,-0.006812704727053642,0.0013807541225105524,-0.006913562770932913,0.05302342399954796,257,45,210,0,0,0,0,0,0,512,0,0,512,2,0,255,0,0,257,0,0,,0.15354490897152573,32332fc940ff116785563f7e1b90345e:0:0,40a172d001c86d7916482065b9a373c5:0:0,2c2dc24c0eff601d7fb418e4e10a0a21:0:0,9305f3dd4d01cc9d3b31178696592e8f:0:3182792225,fd228dda105c0c75c41652e1becb74df:0:1919532663,1.0
1233,2,1233,1,legacy,0.0003,0.0,3.8371248990270503,17.61624425954025,0.006932555697858334,0.0625,-0.0044111222960054874,0.0013659898191690444,0.0026937287766486406,0.05278927832841873,261,56,195,0,0,0,0,0,0,512,2,0,512,7,0,251,0,0,261,2,0,,0.16885807097423822,8f2ea479d2a677c189b1d9370bcd505e:0:0,b8e5f497933698ca630c6098fa5c6c1c:0:0,8fe64bc309983ae961b2d6ebd2fae8e0:0:0,08d6384d8dfa7713bde7eda820733a8f:0:759985529,2eee8fdec40356a326d611f3448d8511:0:1983973139,1.0
1234,2,1234,1,legacy,0.0003,0.0,3.7477709927921135,19.227397199854913,0.005046158563345671,0.067578125,-0.005261522298678756,0.0013080459495540709,-0.0014693853445351124,0.051304686814546585,248,63,201,0,0,0,0,0,0,512,1,0,512,4,0,264,0,0,248,1,0,,0.16968925099354237,96b7ccc5ee25ee8597f6792c0e4a6c5e:0:0,43bdcbb278208d3c3283889266d5cb6b:0:0,2420b5b55516370354fb92ba4d98f499:0:0,1b747bf6dfeb03227ad6bddefdcd468f:0:3045493528,2a03694a7ff2cd53924a0c530bc3e9ad:1:1068372569,1.0
1235,2,1235,1,legacy,0.0003,0.0,3.8473474682775857,17.67021645657678,0.008788047358393669,0.118359375,-0.0008722459431737661,0.0016627755423542113,0.001586610684171319,0.05803097039461136,253,53,206,0,0,0,0,0,0,512,0,0,512,2,0,259,0,0,253,0,0,,0.17127413698472083,ce2b2b99fe8d2e84876f7bf92307885e:0:0,42a9ffb00c9161846e55706b337b383e:0:0,e1f75aa7e76c9edbe6be2ea1f447b962:0:0,5761091193963698e468cfb72e67528f:0:2334178712,4e21d92874a36d92cd3a8117acf0d41d:0:1999761507,1.0
1236,2,1236,1,legacy,0.0003,0.0,3.8429911319297156,17.714151094415453,0.008661082945764065,0.08984375,-0.002034358843229711,0.001152557844761759,0.001462635351344943,0.04840143024921417,255,61,196,0,0,0,0,0,0,512,1,0,512,2,0,257,0,0,255,1,0,,0.169622826972045,ea621b90655efe893a027e3a4a04a45e:0:0,eb4ce9796cc876a413a430ee539f94d6:0:0,6e3450111a5f45d8b48f365312216d19:0:0,59bf89c51d68fbe46204aabcb2415e8f:0:2794826990,bd25decd43b9b9cc96546de817ba4f5a:1:1716168711,1.0
1237,2,1237,1,legacy,0.0003,0.0,3.796629124807721,17.6875001616525,0.008256642147898674,0.05390625,-0.0006315885577350855,0.0013402901589870454,0.00570018170401454,0.05213494598865509,242,48,222,0,0,0,0,0,0,512,3,0,512,4,0,270,0,0,242,3,0,,0.1371686530765146,6497a1fe1ed58944b82f5c8b8341c05e:0:0,626c010e7ba565ecfb8a0796fd8c1b2f:0:0,e35bbc434a6386d85689d9b281463c0c:0:0,5530ff97b2da5db55c0c167b895b6a8f:0:163172425,154a045c6f43aa9b965e0e41dae6c154:0:2081988688,1.0
1238,2,1238,1,legacy,0.0003,0.0,3.667651576384004,20.151922373981822,0.0027400474064052105,0.081640625,-0.0036730026360601185,0.0015748343837913125,-0.0011898255906999111,0.0560513474047184,230,74,208,0,0,0,0,0,0,512,1,0,512,4,0,282,0,0,230,1,0,,0.11260670702904463,87f33822ed98d57a4d103388cebedc5e:0:0,8602db8962d258d217fd2081744003fe:0:0,3d91eda941cf362d2b987bc78a88dff2:0:0,14458c9b337d25e447dc1a7fb3b5768f:0:1520225463,79f8d515590eb5d24a3210c7186d93da:1:93100064,1.0
1239,2,1239,1,legacy,0.0003,0.0,3.6124675412878826,15.889952419095454,0.004518287256360054,0.0619140625,-0.004025248903781175,0.0011700674454914405,0.0029767847154289484,0.04848870262503624,270,42,200,0,0,0,0,0,0,512,2,0,512,6,0,242,0,0,270,2,0,,0.11227396491449326,79fc216af983606ba2595fce2c7bf85e:0:0,494e18c4af510631566481cde9561f8a:0:0,457b231e93a946bd5517792feba5fa43:0:0,8e99e528904f1f96b3ccfe55314f828f:0:3022001059,96f54b5f78589c8794c9b290f8888c46:1:2080800902,1.0
1240,2,1240,1,legacy,0.0003,0.0,3.7770989465568237,17.710834086542103,0.006377477198839188,0.0435546875,-0.002050813240930438,0.0013073312526103108,-0.006751732900738716,0.05169801786541939,261,53,198,0,0,0,0,0,0,512,1,0,512,2,0,251,0,0,261,1,0,,0.1082514199661091,441a785a0d10da84dc597df79c79145e:0:0,31995f18377a1e03a3cfa0e29d2d9d77:0:0,a4afb7533f6fd1fb1cd4c33d71c6895a:0:0,70d82c4623d1fca45332498802298e8f:0:528949938,9b962c474a80c06795b8741bd2745969:0:1919144548,1.0
1241,2,1241,1,legacy,0.0003,0.0,3.804313023826163,15.286876091253854,0.006290622055530548,0.0359375,-0.000757237896323204,0.00099264444434084,-0.001964035676792264,0.04516654834151268,279,46,187,0,0,0,0,0,0,512,2,0,512,6,0,233,0,0,279,2,0,,0.10747951199300587,1988ca62dd130648b5f96aa11eb6305e:0:0,51a3304e0e96181b3c941d4ee8e9c1b0:0:0,d7746beae43dc39409a056b0621fc6ff:0:0,84e7f420ad79de3c0a5ac3a426439a8f:0:1167925849,5fb216fd5f055f35aeda5222e5b93c73:0:2026278370,1.0
1242,2,1242,1,legacy,0.0003,0.0,3.8011881517884003,17.66926959847812,0.004010844975709915,0.109375,4.223529249429703e-05,0.0014069717493839563,-0.004222733899950981,0.053894221782684326,257,61,194,0,0,0,0,0,0,512,3,0,512,3,0,255,0,0,257,3,0,,0.10606713395100087,2df1e5970648b97c9cbc4266b3334c5e:0:0,7c211cddba9e5a8652457198ed7de34e:0:0,743e215dbc161bd83fcc84d0db98949c:0:0,a9dd1f49e2fd80c8fa9074359d9da68f:0:3743406089,1f3efdc45d23b96edb293583311dbb2a:0:2307403664,1.0
1243,2,1243,1,legacy,0.0003,0.0,3.7545423306755774,17.973298607220077,0.002073287731036544,0.0544921875,4.656193777918816e-06,0.001600173267070204,-0.0008606238989159465,0.05683111026883125,250,53,209,0,0,0,0,0,0,512,1,0,512,3,0,262,0,0,250,1,0,,0.10474635090213269,9faa61c6ac730094ccbf61e459f0685e:0:0,5ca538d68bd349e3939d6dea7bb3d1e6:0:0,dcbc22dee2a6f141c31188a3ed205063:0:0,f5e96ebaca140b178e18a2c86837b28f:0:3750650773,d6cbc3434cd5560a9f4f720315d7ec9f:0:629801672,1.0
1244,2,1244,1,legacy,0.0003,0.0,3.8191078432241596,17.523365221450703,0.009478914551436901,0.106640625,-0.0034827008377760647,0.0019765854405704884,0.002409379929304123,0.06360134482383728,251,52,209,0,0,0,0,0,0,512,5,0,512,3,0,261,0,0,251,5,0,,0.10466319497209042,6f447150e68464606cba65b612ed845e:0:0,72506ed5dd1ad771d569fb3e015efff2:0:0,1abe1a3296058cf4be62a621392d134f:0:0,a2f8a3e34d2c80ba8433d6e88611be8f:0:197868862,5a77391b3e2bf7868288af73a186848f:0:3050055523,1.0
1245,2,1245,1,legacy,0.0003,0.0,3.730762773106182,17.960782351682504,0.0018845109734684229,0.03828125,-0.001221737964078784,0.001021053286967799,-0.0033689155243337154,0.0453784242272377,245,61,206,0,0,0,0,0,0,512,3,0,512,5,0,267,0,0,245,3,0,,0.10411233804188669,6f66a490638651f5a9ff2a77de2aa05e:0:0,c8903c6fd03ff97b7f2334320769e9aa:0:0,eae32ae75621e5a77e774d85ec6bd5fb:0:0,7bf3455bbdaad7affd1dd821f72bca8f:0:704935042,9f52e45ccc3e7c0b94c08d34b0c533da:1:3506042527,1.0
1246,2,1246,1,legacy,0.0003,0.0,3.619250784275142,16.92152344205031,0.005537764169275761,0.042578125,-0.003009052528068423,0.0013496985600795596,0.0018817838281393051,0.05223621055483818,265,52,195,0,0,0,0,0,0,512,3,0,512,2,0,247,0,0,265,3,0,,0.10828359692823142,b5938579f3d0a4ddd479ccc5bba7bc5e:0:0,dbecea92e0a55dd24d85631080d35112:0:0,774c48e0df832679b6199555bd43e598:0:0,982848183636b146860dae00bb85d68f:0:1647758751,f9c79b33affef3e5d9185cfc4f14e4a2:1:2206146367,1.0
1247,2,1247,1,legacy,0.0003,0.0,3.7628339212326862,17.705720309563098,0.0034500639885663986,0.030078125,-0.001114062499254942,0.0013824414694681765,-0.0017380791250616312,0.05268732085824013,241,50,221,0,0,0,0,0,0,512,3,0,512,5,0,271,0,0,241,3,0,,0.10440667695365846,913047ace22f53817ab0a93bab64d85e:0:0,2246e7694af2d4bb6595060f6c238d02:0:0,71f21fb53173623693bca06beb5d9a28:0:0,3f521e490fa7b6422535a010d31fe28f:0:2845455567,05ce26abf52207d41dc68bafe847ba86:0:201610882,1.0
1248,2,1248,1,legacy,0.0003,0.0,3.736825021401331,17.204906585113932,0.0034073293209075928,0.061328125,-0.0035593103151768447,0.0014469085144810379,0.005476774647831917,0.05426429584622383,260,44,208,0,0,0,0,0,0,512,2,0,512,4,0,252,0,0,260,2,0,,0.11218795704189688,9bd43bdf48923dd485c45c75ad61f45e:0:0,c403247b9de6d18ca81d0f9f8d6b3c49:0:0,9c3062a81bbd2b2fcfb15375240ea974:0:0,c64ff85edb1b964165c335de3df9ee8f:0:1723888497,e9d89ffeb84726c70c7043ac7f6da980:1:1781994673,1.0
1249,2,1249,1,legacy,0.0003,0.0,3.795192298847514,18.319676344790746,0.007661727257072926,0.0609375,-0.0047215722035616635,0.0015235598024446518,-0.005483156070113182,0.05563875660300255,250,50,212,0,0,0,0,0,0,512,2,0,512,0,0,262,0,0,250,2,0,,0.1058614409994334,4701443acbe31e42556fc30fc19f105e:0:0,961ce9e35a5b3c23c95c51b54f8d4b5a:0:0,80731342be9bf80dd545926555662e79:0:0,06405bf393c1aa6263df36f4fc13fa8f:0:2999957123,bea3512329d30aa37411aa8a3e00f3ad:1:4149358503,1.0
1250,2,1250,1,legacy,0.0003,0.0,3.6630919569848768,18.038793169087718,0.012025142088532448,0.0796875,-0.005451518530026078,0.0013941427692770957,0.0021108058281242847,0.053465113043785095,243,54,215,0,0,0,0,0,0,512,1,0,512,2,0,269,0,0,243,1,0,,0.1055531109450385,921731e86a9d9cd9dc07f9a5e81c2c5e:0:0,8a915a713a27941a70e674fc6785ccc2:0:0,fd7bb7c85f4a99f0ebd5b682bf417e5f:0:0,b06e97a5fae83b27d8adaae10d6e068f:0:3561977955,08a8832d7c05ac2a0ff601bfde4849bc:1:2178392228,1.0
1251,2,1251,1,legacy,0.0003,0.0,3.7237887004133534,17.806096378587743,0.011496219784021378,0.07578125,-0.0036988341715186836,0.0016466398199554532,0.00034768320620059967,0.057354144752025604,246,49,217,0,0,0,0,0,0,512,1,0,512,2,0,266,0,0,246,1,0,,0.10577530995942652,81e0bab449c584b9ba7c5cd420d9485e:0:0,8f747b39ccc5cba93f90dcaa50f34f2e:0:0,ccfb469602d2ee53dd551d945d6440e6:0:0,24b90a3f50d7699e264dd92e7208128f:0:2290186857,bbf5e1bc961776878cb5bb7058c5a575:1:1798519627,1.0
1252,2,1252,1,legacy,0.0003,0.0,4.075799650658752,16.79575878016348,0.0017384658567607403,0.0576171875,-0.0018156676087528467,0.0011393899389076979,-6.392033537849784e-05,0.048398494720458984,268,49,195,0,0,0,0,0,0,512,9,0,512,3,0,244,0,0,268,9,0,,0.11210599297191948,bbc0985cabd71bbc5c5689366bd6645e:0:0,530b784d4d732f21e57b87fb63af14a7:0:0,d9ec859e84f5142e71fe5534075ae339:0:0,88faaec6dd05bbc063da496929e21e8f:0:4248430931,206995b6ed13c20e44ce4ce278e884d3:0:3714361305,1.0
1253,2,1253,1,legacy,0.0003,0.0,3.837693086908705,17.440798942020997,0.010217089205980301,0.1123046875,-0.006618113676086068,0.0011571188748348503,-0.0017702002078294754,0.04835204780101776,261,55,196,0,0,0,0,0,0,512,3,0,512,3,0,251,0,0,261,3,0,,0.11154235305730253,7b8861c97d4d9c6413ba5b68c913805e:0:0,0e36fe4cd7bed0c4f4bbe118defe7719:0:0,01faeb9e511cbdc2cb12ccdcfeaffa5c:0:0,a1d6e671f8324c1d6968c31d34fc2a8f:0:1825361510,6de025377d5f1bfc3986ccad51f5a9e6:1:2505458506,1.0
1254,2,1254,1,legacy,0.0003,0.0,3.7071327865515427,16.080875792018865,0.00963948667049408,0.09765625,0.0013824701076373459,0.0012822006130591035,-0.0003199591883458197,0.0509825274348259,272,50,190,0,0,0,0,0,0,512,2,0,512,7,0,240,0,0,272,2,0,,0.10438628902193159,2ea0c914225bd2073565f00738909c5e:0:0,4e621b4868fd7b9d7c7c72e61fb1d52d:0:0,045ef3e29fb8000dae51111c5373eb06:0:0,4b4b0caa8af09cbcdc0a4dd69356368f:0:2861360592,7e5fbd25662867c5b0615d3e8cdbbe0a:1:3588731807,1.0
1255,2,1255,1,legacy,0.0003,0.0,3.752883735309733,17.569890758521577,0.004903227090835571,0.1416015625,-0.010523652099072934,0.001066531494143419,-0.0006742042023688555,0.04615059494972229,261,52,199,0,0,0,0,0,0,512,2,0,512,7,0,251,0,0,261,2,0,,0.10786639200523496,83a41ff17172d73c34b1a3adba4db85e:0:0,a812378607e06c6a8c1efd2b7b6605d6:0:0,eab5384236ee742fd96925f31447e4f1:0:0,5cde00b133320d4439cb312144f0428f:0:2225051338,42ba947a5ea99c63c12aaba2d509c0e2:1:1551991696,1.0
1256,2,1256,1,legacy,0.0003,0.0,3.868661267959051,17.598148876749864,0.005926876328885555,0.1220703125,-0.00781914903782308,0.0014036319218575955,0.002145291306078434,0.05287135764956474,256,45,211,0,0,0,0,0,0,512,1,0,512,0,0,256,0,0,256,1,0,,0.11047406401485205,e52056ba0632f685bf9012f84e4ad45e:0:0,d50ce781972dc5ac6dcc65c7daefc61b:0:0,8e45bc3e1d317c023a87f50e9426de4f:0:0,356a7bab8358f45be5b2f48949ca4e8f:0:3601237700,867dcaa9c17196646cdc2458260d10e6:0:4089332545,1.0
1257,2,1257,1,legacy,0.0003,0.0,3.7634262182369946,17.416061583966734,0.008740480989217758,0.0685546875,-0.005366769758984447,0.001585099141811952,-0.002808677963912487,0.05645737051963806,256,54,202,0,0,0,0,0,0,512,2,0,512,3,0,256,0,0,256,2,0,,0.10393231199122965,532518f75862ad3eda8e1a82f487f05e:0:0,5026bd619ebf324f3654ecd79e9a734a:0:0,7002b8797a81331accd27bd4f98f212e:0:0,1095c13a0d615c5433c45f9aa1e45a8f:0:2989824490,d9f86c8f271d8b71d0ea932dc17d5f1a:0:1274973081,1.0
1258,2,1258,1,legacy,0.0003,0.0,3.8004536267328444,17.463109361997198,0.010863539762794971,0.0703125,-0.0007848947774618864,0.0013170942722354085,-0.0013771457597613335,0.051441166549921036,264,43,205,0,0,0,0,0,0,512,3,0,512,0,0,248,0,0,264,3,0,,0.10357328201644123,93cd35064287d0c6fcd2d6e9ad050c5e:0:0,44298d5d66f16d18b3c27bb9944309cc:0:0,19a4f9833d43aef45216bd802c086806:0:0,9748fbfd2cab630a74fd79e14d3e668f:0:3809257516,d4a72b33dc9636a8423780b06e189cf3:1:2237406612,1.0
1259,2,1259,1,legacy,0.0003,0.0,3.893645270192639,16.965230697696086,0.010946303606033325,0.0783203125,-0.001903363736346364,0.0013160129776224494,0.006598156876862049,0.05161432921886444,265,46,201,0,0,0,0,0,0,512,2,0,512,3,0,247,0,0,265,2,0,,0.10413993895053864,f1582309e3bed5ee2c1fa4c877c2285e:0:0,6800af290933ecf1a9bef4ac9ee5cdd3:0:0,787f54c207b6c0d3957582b239196746:0:0,c83866bac0f33d0e03578ae94bd8728f:0:4212449994,3f135694c111fa4868a589e660fb8ebe:1:3924602733,1.0
1260,2,1260,1,legacy,0.0003,0.0,3.8297019524198714,16.527220067287573,0.008500097319483757,0.0654296875,-0.003388412715867162,0.0013639620243338867,0.0012217091862112284,0.05224468931555748,263,47,202,0,0,0,0,0,0,512,3,0,512,4,0,249,0,0,263,3,0,,0.10545966308563948,66e94214086c3aa118d020bb54bf445e:0:0,2e68612f45a879880870c285d991f4b1:0:0,54566f7ddc9b710245b2ade90a96fa31:0:0,50e83e224d02dc054dc71a3e9db27e8f:0:170435026,b4cef7f7cb14628d3ceb8388e096cc80:1:2751028245,1.0
1261,2,1261,1,legacy,0.0003,0.0,3.7728543544794353,17.952100933903694,0.006703207269310951,0.0525390625,0.0007503301138058304,0.0015965673781465739,-0.022874876856803894,0.0633455440402031,268,49,195,0,0,0,0,0,0,512,5,0,512,2,0,244,0,0,268,5,0,,0.1048678420484066,65de4112856411d539da275e43fc605e:0:0,41352024a55f3a40879c8d1185993672:0:0,3a141cfaa0c8102f1199ba9d15269547:0:0,adf45e782ba93852e43bef6d42cc8a8f:0:581774518,a71854a4b0d4db6bd071514a0c8e80e7:0:4150144301,1.0
1262,2,1262,1,legacy,0.0003,0.0,3.6585084219447195,19.300390418524447,0.0052722906693816185,0.0697265625,-0.002053195284679532,0.0013468425022438169,0.002874160185456276,0.053828850388526917,242,56,214,0,0,0,0,0,0,512,2,0,512,2,0,270,0,0,242,2,0,,0.10156114108394831,772523bb3123b1b4e8cdd54d45797c5e:0:0,c78d9f1bfdcfd3f5849642b40c9216ab:0:0,29c6b1efb2dee6eea9dbb7ab96c600da:0:0,dde463bbcd833dfa83a112013b26968f:0:2330162669,7b002e4766c80d430ec528c9ba8fd254:1:1897888861,1.0
1263,2,1263,1,legacy,0.0003,0.0,3.845802347466929,16.65781875749781,0.008469884283840656,0.098046875,-0.007122291252017021,0.0011406485398765653,0.0031994679011404514,0.04902292415499687,262,40,210,0,0,0,0,0,0,512,9,0,512,4,0,250,0,0,262,9,0,,0.10176582005806267,184c6a5a66b9840b7dd587245936985e:0:0,169f479cde56812d76fde74f6b7dd0dc:0:0,4a89171c523dffd44deec6e577fea70d:0:0,0fcb222832225cc621dcc98686c0a28f:0:633535861,c1697a1019bd890f8ee95bbf6b4f28e4:1:565146354,1.0
1264,2,1264,1,legacy,0.0003,0.0,3.8139302139361284,19.15197801929429,0.01003847736865282,0.0490234375,-0.0023184296675026416,0.001453679712722078,-0.00328159611672163,0.05428869649767876,247,53,212,0,0,0,0,0,0,512,5,0,512,6,0,265,0,0,247,5,0,,0.10673062899149954,857516123df6f8f16bb5d97f7f33b45e:0:0,e2d158b93327a4babcd085ab0ea7bb34:0:0,72b63c58202a4fe398d4f26853901797:0:0,719558390f1cbbaaf9d09d89259aae8f:0:2824950360,692b5d67c2e7aa1b13fb4992ac37790b:1:3023356958,1.0
1265,2,1265,1,legacy,0.0003,0.0,3.808777243152338,17.611728442485862,0.012098008766770363,0.0501953125,-0.0037608478218317033,0.001234608917729929,0.002537583000957966,0.05011586472392082,268,54,190,0,0,0,0,0,0,512,3,0,512,6,0,244,0,0,268,3,0,,0.13651553203817457,da1691c2e4889bb85bcda8fab770d05e:0:0,40779d46057dc6b7c621fe2110fcbbf7:0:0,db5bb1002b928c337049de35c77824d0:0:0,0c8092aa57930f6e9759559517b4ba8f:0:863713511,bb700f4c00d30f851f9bb6a5956cda4c:1:3886438143,1.0
1266,2,1266,1,legacy,0.0003,0.0,3.820781742338445,17.109629981880104,0.00172460509929806,0.056640625,-0.0015529836993664504,0.0011527018563356251,-0.0027283586096018553,0.04820689931511879,273,48,191,0,0,0,0,0,0,512,3,0,512,2,0,239,0,0,273,3,0,,0.16052901302464306,44e7f27ec3904a174a16123201edec5e:0:0,0ae4b3d22b5f9fb54ac9c7d87fb287ab:0:0,42b36bde2d3f4f0ad6965c48ffe19ddd:0:0,6bf85e3316b8148be34ef9365d0ec68f:0:3988029730,e91f3b1e876a41fa12fee3f99b5d2222:0:4168497607,1.0
1267,2,1267,1,legacy,0.0003,0.0,3.740992807602654,17.85954418187594,0.011865982785820961,0.0603515625,-0.003073373343795538,0.0010719819227233529,0.006131182424724102,0.04658755660057068,261,45,206,0,0,0,0,0,0,512,0,0,512,2,0,251,0,0,261,0,0,,0.1600347829516977,298089175d5d8d96a12271c15eab085e:0:0,91bec28af84020dfb6a055080e65f435:0:0,abb7c1741ba0d94a9bd7cf599ac68702:0:0,8f4d1207cfe5ac582f84cff8f5a8d28f:0:3880366042,1da9dfc6751daaae3164534a875e74fe:0:2690226969,1.0
1268,2,1268,1,legacy,0.0003,0.0,3.8390934011464104,16.841011293657225,0.002730465028434992,0.0712890625,0.00011771884746849536,0.001325976091902703,-0.004553493577986956,0.051535479724407196,259,48,205,0,0,0,0,0,0,512,3,0,512,1,0,253,0,0,259,3,0,,0.16121495107654482,269b60fa0ee0173c56206444cda8245e:0:0,184b88b2b209fd6d295493372dd1402b:0:0,635d6fe0684f92043ab3c38d535c20ee:0:0,549cb97bd6cb9d6842c96168e182de8f:0:1243560114,94838c7f5719f46f47e04b712aaf76a2:1:1944957974,1.0
1269,2,1269,1,legacy,0.0003,0.0,3.8448546295736286,17.283891734439806,0.0071024843491613865,0.0595703125,-0.000425984465982765,0.001221383290248923,-0.004932248033583164,0.04959442466497421,268,53,191,0,0,0,0,0,0,512,4,0,512,4,0,244,0,0,268,4,0,,0.16041532205417752,449e073e20705d7804d7c6584ee5405e:0:0,c938a7d9c4eaae37ef41ae83a776538f:0:0,a2627fb238bb928baac33b9b9f9f2e6a:0:0,161bea645243f73564e67512209cea8f:0:3549949179,efbb800b9ff853c995d7a503a129e0ab:1:1300537607,1.0
1270,2,1270,1,legacy,0.0003,0.0,3.579758789409376,17.949492474226947,0.008762246929109097,0.0587890625,-0.001024778001010418,0.0015096150746103376,0.0044982777908444405,0.05522237718105316,248,56,208,0,0,0,0,0,0,512,4,0,512,2,0,264,0,0,248,4,0,,0.15257587505038828,3f52cf6fd18a5c4f0baab497e2625c5e:0:0,6c46c530e9878e0ef76d0e878abb4cc1:0:0,b79366e34a973ce05e3d42475af109aa:0:0,8df1a92adc5919026aa11280b2f6f68f:0:1305869809,d24117f0a5ee91bfd595dc6eb8fdf0fc:0:1287250385,1.0
1271,2,1271,1,legacy,0.0003,0.0,3.7295639263644853,17.422757237191135,0.004520511254668236,0.0296875,-0.0009034685092046857,0.0012627669668290765,-0.0033837449736893177,0.050644099712371826,249,40,223,0,0,0,0,0,0,512,1,0,512,5,0,263,0,0,249,1,0,,0.15533165005035698,21f1c24e4b1677c8a7958b9f881f785e:0:0,41e5275887719fe3220030f6da1b27fb:0:0,2743395a81f33dd85bf5ddcf6e83307e:0:0,334edac8f2095c00c1b981409891028f:0:3909037941,25394862c9f5e00554ca70ef2c007741:1:2721642908,1.0
1272,2,1272,1,legacy,0.0003,0.0,3.8227521507559628,18.22155838081039,0.005626515485346317,0.063671875,-0.0035412104334682226,0.001548559166258201,0.001190223265439272,0.055727556347846985,245,44,223,0,0,0,0,0,0,512,4,0,512,2,0,267,0,0,245,4,0,,0.17105670599266887,77d9755ca3dc809a102ee80b401c945e:0:0,0f817adec414aee9056cde6af0efa318:0:0,3d0c7d84e39eb62999dcbe398a6637c4:0:0,188f3030a55460b57ceb48ddd16b0e8f:0:3918631395,1e057ab536cd5eec308c0c38c5eb8451:0:2052920045,1.0
1273,2,1273,1,legacy,0.0003,0.0,3.6196441294691937,17.03242426174012,0.008168998174369335,0.0818359375,-0.007021855865605176,0.00116374927747529,-0.005364241078495979,0.04828175529837608,263,40,209,0,0,0,0,0,0,512,6,0,512,4,0,249,0,0,263,6,0,,0.16727246704977006,58fa38d062bcdb1293a7a6770a59b05e:0:0,86db8974c17a2968a7d0359ac4bb407b:0:0,143a3c1c9e1b4037fe08ef9ab59fc9ac:0:0,d146edf2441dff9e5fed30e45d851a8f:0:3184615833,c93e3a9b3eb4aee6944d2ba5b494f16a:0:3293553288,1.0
1274,2,1274,1,legacy,0.0003,0.0,3.8339286143274642,19.78938222565252,0.014281589537858963,0.14140625,-0.0026368324644863604,0.001177326135803014,0.007994420826435089,0.048969972878694534,233,62,217,0,0,0,0,0,0,512,2,0,512,3,0,279,0,0,233,2,0,,0.16938205598853528,c93254122a4bc847b2cae37ee6d6cc5e:0:0,79c28370a08545881b1ded1d9caabe47:0:0,8f6fb657e7990cf5fe42c33c316cd362:0:0,03667639e672dd16eb7140e03cdf268f:0:3893835481,ae02bab00bf371fa640f504f91e56a2b:1:1609777859,1.0
1275,2,1275,1,legacy,0.0003,0.0,3.673408645874444,18.04012423118948,0.002363735344260931,0.0716796875,0.002547242189757526,0.0014730278053320944,-0.0010478190379217267,0.05493229255080223,252,56,204,0,0,0,0,0,0,512,5,0,512,2,0,260,0,0,252,5,0,,0.17471873702015728,6ff16faf796ad1813cfdfbbed593e85e:0:0,56d249a16be11e9876e3634837a05e87:0:0,83193065b791e92b0d49476f4113dc2f:0:0,f3520a8b16baa07d6924c05d6f79328f:0:2808917351,dc4d6475a4073aa4a44b9b6bcf4f47e1:1:234765526,1.0
1276,2,1276,1,legacy,0.0003,0.0,3.86434626192196,15.204869352057893,0.009057614021003246,0.0771484375,0.0005836059805005789,0.0007624501682585106,0.00013293727533891797,0.039012663066387177,263,40,209,0,0,0,0,0,0,512,5,0,512,3,0,249,0,0,263,5,0,,0.1742713110288605,cbabce46ac7c55e56c408bd2d691045e:0:0,bec7369c626e54282c16c3842180f433:0:0,af51b23f0287ad546aa5d41a04f1408b:0:0,8b31d5ec0663ce97f7b036e7f5533e8f:0:4241243142,e7a9b988f4e3d492827cc61ee8e70784:1:3938437902,1.0
1277,2,1277,1,legacy,0.0003,0.0,3.7528452867709365,17.36102160080386,0.003410923294723034,0.0546875,-0.0034547057934105397,0.0014297026180429384,0.004028580151498318,0.05436837673187256,256,46,210,0,0,0,0,0,0,512,5,0,512,2,0,256,0,0,256,5,0,,0.17722647509071976,e53394a0aacd3a65012c7056e9ce205e:0:0,f899ad86b5aab2cb6e0e98e6098a2f9f:0:0,2685411bcaac1537b1ac4f487deb763f:0:0,0513f77d0195473996b76c0bce6d4a8f:0:1238519227,6c658d37d5111c93c643b5fa106e6b22:0:2951673397,1.0
1278,2,1278,1,legacy,0.0003,0.0,3.7501851036689366,19.368422473409574,0.004018981009721756,0.052734375,-0.005111625720746815,0.001507250888971612,-0.004110772628337145,0.05495428293943405,241,61,210,0,0,0,0,0,0,512,5,0,512,1,0,271,0,0,241,5,0,,0.1198289740132168,5c371bd5ebd0bbe75ef5c5e70f4b3c5e:0:0,dac4bedd05f271ab10532e84d3687e54:0:0,dadef2daf5b38fd0df754042136df2d8:0:0,70fff8c41471662732d96754fac7568f:0:3949136516,0f5a715746bd36af27b3e76e541896a7:1:85799623,1.0
1279,2,1279,1,legacy,0.0003,0.0,3.8399701653899925,15.963247482450459,0.008886411786079407,0.0759765625,-0.0030831083189696074,0.001543575170217082,0.0012869515921920538,0.05582546070218086,260,39,213,0,0,0,0,0,0,512,3,0,512,6,0,252,0,0,260,3,0,,0.10479535604827106,a2271f06bfca63b6a76ae91f4708585e:0:0,60617d1bf13133232089bb6daae640e2:0:0,fdf9c422cd21ff5fbff478b969629b29:0:0,bf10da401476c73cb1b0704f7a61628f:0:1411308591,698761143a3efefa3f03814ebd5386bf:0:3680375125,1.0
1280,2,1280,1,legacy,0.0003,0.0,3.680852208365902,18.9011099003382,0.005327511578798294,0.05703125,-0.0028871129266917705,0.0014617782726418227,-0.0008133510127663612,0.05504562333226204,238,54,220,0,0,0,0,0,0,512,1,0,512,4,0,274,0,0,238,1,0,,0.10387223004363477,8de688d907821e2bd6f4769b9105745e:0:0,23e79f8e3a9be8fa7c9713613603f350:0:0,087a1cb05a4b3d4f423431a3859c4d58:0:0,b550ac21808aadd1fdd20e874d3b6e8f:0:355888526,5db53c9bd34d407c93c8ad5cc61176f3:0:3094159260,1.0
1281,2,1281,1,legacy,0.0003,0.0,3.835321163330044,16.035490162566603,0.01219103392213583,0.0826171875,-0.005764040816575289,0.0011287307046586648,0.0037751207128167152,0.0502922460436821,276,48,188,0,0,0,0,0,0,512,5,0,512,5,0,236,0,0,276,5,0,,0.10415426304098219,531fb397c69e739ae0954af7ed42905e:0:0,3336d6d464c7eb7dee8a7df2a78fa837:0:0,66dc177318b5f4fdf83ae6c246eb78cf:0:0,3ca68052ea390f6012cf098873557a8f:0:3957218515,b4966f4f5b4271150dd236624bd303ea:0:3379070091,1.0
1282,2,1282,1,legacy,0.0003,0.0,3.7845600361286773,17.321636831942456,0.006623787805438042,0.0556640625,-0.0027384668588638305,0.0017092321475502103,-0.004949870519340038,0.05898064374923706,261,54,197,0,0,0,0,0,0,512,5,0,512,1,0,251,0,0,261,5,0,,0.10412018396891654,8630197b3c40e37ec9ea82d05bbfac5e:0:0,b65d4393ee9cfb3d0f9c4b045e6eac71:0:0,79275033b75e313000a1aafb914c7f0f:0:0,aaed6645dab64166093368deecaf868f:0:2798487153,eefd498f4a2ee67513b3f97b4bd2bf51:1:2849382016,1.0
1283,2,1283,1,legacy,0.0003,0.0,3.7264126436208063,18.658995750596397,0.006558117922395468,0.1138671875,-0.00177952628582716,0.0010973848518915474,0.002491392195224762,0.0472257062792778,240,47,225,0,0,0,0,0,0,512,4,0,512,6,0,272,0,0,240,4,0,,0.10762940195854753,638bb94a6d8061e5c72b7ac0dc7cc85e:0:0,ffd0f5c91ba7561786ef98b51adbb21d:0:0,5d08b70efa93a62622753ac5b155acee:0:0,15811044662e4a8e22867416b949928f:0:163068706,fd3a9aa8b9fdb60ca91dd07c92a9f0f8:1:2823722408,1.0
1284,2,1284,1,legacy,0.0003,0.0,3.748468799700913,18.732736264064222,0.01635020412504673,0.123828125,-0.008429249096661807,0.0012710525945294649,-0.0024120816960930824,0.050842344760894775,249,57,206,0,0,0,0,0,0,512,6,0,512,2,0,263,0,0,249,6,0,,0.10565917904023081,4184d6314d5df71d5729cf656f79e45e:0:0,c8b95226176c0eb3b32b73ac7a177719:0:0,156099901a6b6718e4d96487dfd7abc6:0:0,3a72bd52dfedd712d54ab2bbd9239e8f:0:645381344,acf5d10c58874a51303013cb671a0b22:1:1491596200,1.0
1285,2,1285,1,legacy,0.0003,0.0,3.7651186787217332,18.309223780537476,0.013802350498735905,0.0630859375,-0.004403882334008813,0.0011410160106606782,0.0012145104119554162,0.04780804365873337,256,51,205,0,0,0,0,0,0,512,4,0,512,12,0,256,0,0,256,4,0,,0.1033508830005303,17cb3850edcf819e5f515d5a14b7005e:0:0,1ef387dc9686db18afd27f7c8f4cd011:0:0,64d53b5b520b4adb26ec78c9275dd5f7:0:0,226f09f861f0d063d8fdec5a4c3daa8f:0:3975844581,4562cb9653df81514216a476f032f073:1:3096511418,1.0
1286,2,1286,1,legacy,0.0003,0.0,3.7209841071189076,16.549904923810544,0.01258558314293623,0.1193359375,-0.007111408980563283,0.0014050675672478974,0.0019245462026447058,0.05354885756969452,281,51,180,0,0,0,0,0,0,512,5,0,512,4,0,231,0,0,281,5,0,,0.1024798679864034,92f7ae39657c9a3947a8413acc341c5e:0:0,ee1d0eb9c587d0d8f1185fef6a438571:0:0,07666b278851e918aecf58b69b75a188:0:0,35635d901a62980b3219287e1297b68f:0:1948269523,77ad466e14e0b566cae3e25d8151ff47:0:2911523085,1.0
1287,2,1287,1,legacy,0.0003,0.0,3.750430505464803,16.972739881853638,0.0031433282420039177,0.07734375,0.000663589034229517,0.0013748322642641142,-0.00257671345025301,0.05337533727288246,264,45,203,0,0,0,0,0,0,512,4,0,512,3,0,248,0,0,264,4,0,,0.11299604596570134,6e55462755c99a8216ced7a395f1385e:0:0,b50422fb44bbb970c70069dc7a158610:0:0,77545463395c63a46f397640aab5d913:0:0,0b67c910919be5d23e10aeb32c31c28f:0:1297996264,92a37cb21f3dcbc3fa88e6bfc9364d05:0:3714103404,1.0
1288,2,1288,1,legacy,0.0003,0.0,3.642136687690403,21.154866185989828,0.0073936330154538155,0.0412109375,-0.0006867906311526894,0.0012974401528481395,0.0027458001859486103,0.051066383719444275,235,69,208,0,0,0,0,0,0,512,1,0,512,5,0,277,0,0,235,1,0,,0.1121107880026102,fd1188893cccc57c8dffbd3071ee545e:0:0,9fc585901daf6acdd07c3ceed0c3f006:0:0,1a36818d6cf6fec417ca41c657c68afe:0:0,bd9857815b2a4926bf540685990bce8f:0:2718532675,ee8c046019d7236f82922ca49aeed269:0:2210732176,1.0
1289,2,1289,1,legacy,0.0003,0.0,3.7371816576993915,18.766238901735363,0.013930970802903175,0.055078125,-0.0013573500560596584,0.0013332243397599086,-0.004776086658239365,0.05170876160264015,264,59,189,0,0,0,0,0,0,512,5,0,512,3,0,248,0,0,264,5,0,,0.1026980229653418,184febfafec99288450fce7d602b705e:0:0,95c21252c0103d0bd313b72187101d9e:0:0,0aa7e64f1e20118b511ab606fd15fc5b:0:0,d29f07a2e46d4dbfe94df7815925da8f:0:788675540,cad31a388641b1fd20df88f6d79b7f6d:1:615748726,1.0
1290,2,1290,1,legacy,0.0003,0.0,3.6680972483585514,16.339010824308065,0.008992070332169533,0.074609375,-0.0042201739503070716,0.0010136054013855755,-0.0025993625167757273,0.04522550478577614,266,37,209,0,0,0,0,0,0,512,2,0,512,5,0,246,0,0,266,2,0,,0.10235832899343222,438ac59052ce1a8cc66e282660a88c5e:0:0,93b3199901549bd4206127ff75798aa2:0:0,b89a464d9ed16d85afacfc3f598908ba:0:0,0bf5e997535543836c6489326c7fe68f:0:434395177,fd0ef92d4667315b2082ecc52b296995:0:3138923472,1.0
1291,2,1291,1,legacy,0.0003,0.0,3.8733017506607252,18.389534232214878,0.012411371804773808,0.1125,-0.004093134449794889,0.001508327224291861,0.006933568976819515,0.055244553834199905,243,50,219,0,0,0,0,0,0,512,2,0,512,5,0,269,0,0,243,2,0,,0.11264615808613598,f6751ef0fe0ea765ab2426c77365a85e:0:0,ffba608b4f98ca7c77380e95734a5b0a:0:0,fb63e80e0fecfb0751e4cb2de0156759:0:0,469f2aa6a7cfa9aa81f90324d319f28f:0:764601267,26c8e3ffec01b98650fad67a84a41ec2:1:2721782042,1.0
1292,2,1292,1,legacy,0.0003,0.0,3.7331252891284095,18.718789850331355,0.002869238844141364,0.04453125,-0.0011729389429092408,0.00135595184401609,-0.002091064117848873,0.0523100309073925,238,56,218,0,0,0,0,0,0,512,5,0,512,6,0,274,0,0,238,5,0,,0.10437134501989931,cd751e74099b658eb6d566fc9862c45e:0:0,267fc2df46209d5d67f281eaa481a3c2:0:0,ac0e37dea05e217442fbd81ce9f174bd:0:0,47773483926d3d26f867ece48cf3fe8f:0:1641340808,ed0ee1f49c930ae6805e4e413df7f5d6:0:2853566132,1.0
1293,2,1293,1,legacy,0.0003,0.0,3.7582571041420927,18.620803283034636,0.0017986580496653914,0.00859375,0.0004904439207166434,0.0013305930246133358,0.00461973063647747,0.052965447306632996,249,54,209,0,0,0,0,0,0,512,1,0,512,2,0,263,0,0,249,1,0,,0.10327263094950467,1a0e0c115e0c380ff3bfc561cf9fe05e:0:0,5d2d1bf234e8f5382ae61ad6e4c22336:0:0,10ff69ab6bc9968d5fcb527cce67267b:0:0,9b9b6cc1b2cdaa483f090dfd9a0e0a8f:0:4037217923,e6405e404f24cd4fb464e0fd7c017757:0:308240025,1.0
1294,2,1294,1,legacy,0.0003,0.0,3.633117993566204,15.611999932767251,0.008974007330834866,0.0640625,-0.0031470338348299266,0.0010690125753171742,0.007479707710444927,0.04657675325870514,277,39,196,0,0,0,0,0,0,512,6,0,512,3,0,235,0,0,277,6,0,,0.1059870560420677,1d6b78ab70beaea9cebb5e93191cfc5e:0:0,0c45e8a62938c4798174cdcbdecad0dc:0:0,b9d7934967e2072d4b71c8cfe64c2f5a:0:0,a3e69479305ce1a0722f6dfbfa68168f:0:2194289911,60fea90c7797cc39c2a6be26efa2d2da:0:891216802,1.0
1295,2,1295,1,legacy,0.0003,0.0,3.7887592008366573,18.50954311526911,0.00840668473392725,0.100390625,-0.004576516570523381,0.0012566121353302152,-0.008173538371920586,0.050640396773815155,246,54,212,0,0,0,0,0,0,512,2,0,512,6,0,266,0,0,246,2,0,,0.1030024039791897,52f4a3dcee421e41333a8f2c74da185e:0:0,d86b1e8dd3044d0997f6d63a08ed6741:0:0,1709ecd09b224b747f307cb91bd4d882:0:0,627a475edfee10296729546bae02228f:0:3962742277,324e0a648eb00d6790da93614a4e6143:0:3259640137,1.0
1296,2,1296,1,legacy,0.0003,0.0,3.7280571469754067,18.150565851998103,0.0068998257629573345,0.0423828125,-0.0016935924300923943,0.0011603381426539272,0.0003167784889228642,0.04869217425584793,251,52,209,0,0,0,0,0,0,512,3,0,512,11,0,261,0,0,251,3,0,,0.1056453021010384,c99fef208d8ddb8ba749f3c9e2d7345e:0:0,b4c6ceb82e3b65122204209ab3591efe:0:0,301b61d3904d0fa8f38abb348ae44a6e:0:0,a5f3a4e368c03aa9b84048d8b4dc2e8f:0:502140426,6615398aac6a84b2c4d8bcf1f6618c9d:0:92542929,1.0
1297,2,1297,1,legacy,0.0003,0.0,3.79631385557361,16.55908604189038,0.003629643004387617,0.1123046875,-0.004539169138297439,0.0013623608101624995,0.005845324601978064,0.05225323885679245,264,40,208,0,0,0,0,0,0,512,5,0,512,3,0,248,0,0,264,5,0,,0.10255433490965515,d2e9fbd3779d97fb679069076314505e:0:0,7a7aa09b790f08e7f36bc6fc03323cbf:0:0,8fa1fb9d63ccbf06ea8764b7c4b43b28:0:0,aa7fc5371b787c59d0b912cf0ef63a8f:0:4261766033,253f77273340c8a5a028b44e276a27ea:1:2814544865,1.0
1298,2,1298,1,legacy,0.0003,0.0,3.7424974561434743,16.888020613238375,0.007522618398070335,0.0505859375,-0.003966598678380251,0.001041823797277175,-0.0014204476028680801,0.045809291303157806,261,49,202,0,0,0,0,0,0,512,2,0,512,6,0,251,0,0,261,2,0,,0.10475764109287411,781afc3cef0fe0eb834f0b80f5916c5e:0:0,b12e45bb0bde937cd2a49b083b1d44f4:0:0,16d9e4d89cec33fab6acdfb8468bc36c:0:0,30cb3f5b6d9de8c8f8d3b9dabc50468f:0:3833364872,cc74a7eee84da91227b5bd5e1d5b2248:1:592846498,1.0
1299,2,1299,1,legacy,0.0003,0.0,3.7256357113216527,17.354098172983214,0.0076372055336833,0.0884765625,-0.00022195958299562336,0.001179443672299385,-0.0006418925477191806,0.04929129779338837,250,50,212,0,0,0,0,0,0,512,4,0,512,9,0,262,0,0,250,4,0,,0.11914131499361247,6426c6702362c10bf86137d29a4e885e:0:0,19030fd3d752472514b3bae13125c50a:0:0,38ab1cae056caf76c849614303e829f7:0:0,50feb4b64c23110261cb8587bcea528f:0:2486752019,05db610734bf74c43f99d2d16a373461:1:2636208619,1.0
1300,2,1300,1,legacy,0.0003,0.0,3.6707799236417706,18.389316093620934,0.017032435163855553,0.1216796875,-0.00167947793379426,0.0014412284828722477,-0.002864150796085596,0.05461994931101799,243,60,209,0,0,0,0,0,0,512,5,0,512,7,0,269,0,0,243,5,0,,0.12754881696309894,74315a875b6a840dcf3c8a98514ba45e:0:0,602ae68575c36b8ea7430e48bbe7924a:0:0,d13cac0f37005e67547fd63c8f12d885:0:0,e7e111e6b7892bf231d6fd6210c45e8f:0:469123667,0a21d251a7e130207bbeab7d30e25ec6:1:2624052811,1.0
1301,2,1301,1,legacy,0.0003,0.0,3.830532768122614,17.55146283453284,0.0053007472306489944,0.0337890625,-0.0027473766822367907,0.0012954653124324978,0.008731545880436897,0.051573581993579865,258,51,203,0,0,0,0,0,0,512,2,0,512,3,0,254,0,0,258,2,0,,0.10247177502606064,1cd9cc61e29e9c8f36f0e06e1a88c05e:0:0,0768fcce6bbacbda012f3a8516cc4baf:0:0,2a81bd28045232c703f75b2f0dbcae18:0:0,590efbe55c28e20a9027e8f5b7de6a8f:0:3659667236,7c392eb9e824fe62609d756ba02c3157:0:2417073770,1.0
1302,2,1302,1,legacy,0.0003,0.0,3.739900458852248,17.423989253881444,0.0075121186673641205,0.0583984375,-0.0023063684813678263,0.0014211899018846453,-0.0033226769883185625,0.053443554788827896,264,53,195,0,0,0,0,0,0,512,4,0,512,5,0,248,0,0,264,4,0,,0.10142786602955312,7920dbb864d8ac47a12855eff605dc5e:0:0,694e589a204fc018fde9f2eb04e15d87:0:0,58cd27ea830c7ea6682af06fd70de180:0:0,763db3c7192cbc28b0eb4fceb238768f:0:1487295806,796ca0f9b2500e75d50e31a0d38e1636:0:2272813326,1.0
1303,2,1303,1,legacy,0.0003,0.0,3.7355958688101056,18.074565747675788,0.014198873192071915,0.0630859375,-0.00048454017378389834,0.0013810251897666604,0.0007839438039809465,0.05267609655857086,258,48,206,0,0,0,0,0,0,512,2,0,512,4,0,254,0,0,258,2,0,,0.10402200103271753,5b4efc05a421ae73de2747b9e3c2f85e:0:0,691e0d022d4cca7771a2dad7231c865f:0:0,ef00a986541aa0b3c850565be46740b9:0:0,9bf69ac2a8c935b9e1497978ffd2828f:0:3915149020,c5928ad3f5e1f1d33727b8796bd2b2dc:0:2572504857,1.0
1304,2,1304,1,legacy,0.0003,0.0,3.8502571934997016,18.185698689696615,0.0075388140976428986,0.0953125,0.00018967860378324986,0.0013981334341224283,0.006219636648893356,0.054059047251939774,247,48,217,0,0,0,0,0,0,512,6,0,512,4,0,265,0,0,247,6,0,,0.14632831793278456,4ae7206bb429448238cc5267e3c0145e:0:0,04b07bb88502a7f1ad136a3164764b9d:0:0,e6a87204780578f2c15a9318f096cf16:0:0,735f6b65dc3e72209365ed80a0ac8e8f:0:3375352574,e2f455254284ed71f65845d68aeeae71:1:2886792136,1.0
1305,2,1305,1,legacy,0.0003,0.0,3.868664257418917,17.541227907891944,0.013241136446595192,0.075,-0.0025605530710890887,0.0011614116025157272,-0.003872490953654051,0.048800162971019745,271,45,196,0,0,0,0,0,0,512,5,0,512,2,0,241,0,0,271,5,0,,0.1601896380307153,2eb84e68270324fe92905295f5fd305e:0:0,a1542146586075d0b53078cb206702de:0:0,f74f5ca5e51d27ad086d445fc340fa68:0:0,39ba34321e2f95596a5f737194c69a8f:0:1062817685,aabb7ceeeef52f1e6caf2131c3eec1c3:1:2009810683,1.0
1306,2,1306,1,legacy,0.0003,0.0,3.690110510559003,18.091218777781727,0.007935582660138607,0.0755859375,-0.0007574981544166803,0.0010682729800464586,-0.007297123782336712,0.04642865061759949,252,56,204,0,0,0,0,0,0,512,1,0,512,9,0,260,0,0,252,1,0,,0.16132375097367913,a9bfc4d3d6c6acbe7f8664e01a7a4c5e:0:0,cc1335aa1e4da9740a9e73f424d797dc:0:0,b3998e144694fa30864409b79a5bff1b:0:0,e48f23232ddbbfe0465012d7dc20a68f:0:1872296568,2fe4b229df6367530b46af66c0f7c54b:0:1124373571,1.0
1307,2,1307,1,legacy,0.0003,0.0,3.661671433904159,18.35436975540099,0.011392517946660519,0.1078125,-0.0024233479518443344,0.0012087539915228262,0.008372440934181213,0.049148984253406525,242,46,224,0,0,0,0,0,0,512,5,0,512,5,0,270,0,0,242,5,0,,0.15932289906777442,1f086b5537ac924d625be5e25137685e:0:0,982870570ee6c3e12dc7ec3a75f7275f:0:0,0d3bdd2b893ad1f5ad3f47c165e11062:0:0,e82940ee45c4add5504d133f76bab28f:0:420803660,aed1d500c685a80251949fd24a14c5a1:0:1515295277,1.0
1308,2,1308,1,legacy,0.0003,0.0,3.851302778536268,16.137955653002134,0.00415100296959281,0.03046875,-0.0038116642157547177,0.001063683003303595,0.0026857848279178143,0.04634154215455055,274,45,193,0,0,0,0,0,0,512,2,0,512,3,0,238,0,0,274,2,0,,0.15519617300014943,164a41165e46bb98885872389a34845e:0:0,b2b37a9c84557e67070753d3cda14693:0:0,1278c289face95698be928817f7e5974:0:0,c0765613204ef9620666fc346494be8f:0:2854700250,bb18f7ade572a48cb0eaa4fd354951fe:1:1296253167,1.0
1309,2,1309,1,legacy,0.0003,0.0,3.795835980349315,17.154029533421998,0.006705179810523987,0.077734375,-0.0033889783546328543,0.0012309719575569033,-0.0007243891595862806,0.04956911876797676,268,49,195,0,0,0,0,0,0,512,4,0,512,4,0,244,0,0,268,4,0,,0.15775672404561192,8afda03a256e35db455de67ef571a05e:0:0,8ee61fbe3a9fd741380676b282b29d6d:0:0,d7ca165905e654c9dda2f8c84482c296:0:0,95b15b238ce8005e47a99542a5aeca8f:0:155858518,550864324798620d553284520094bd5b:1:1727705089,1.0
1310,2,1310,1,legacy,0.0003,0.0,3.806126522455333,17.100610663319316,0.01362551935017109,0.08125,-0.0026539191836491226,0.001036534775630571,-0.001002193777821958,0.04559529572725296,256,49,207,0,0,0,0,0,0,512,2,0,512,7,0,256,0,0,256,2,0,,0.16782693297136575,bc2266361f834fcb0fe85f5162eebc5e:0:0,b65397695620a36eacb8a3c7177a4af9:0:0,97f6855496be7e0619be3d5fece0df65:0:0,61c608f1883d6d35601be5f63a08d68f:0:901495297,180f9be3390911ffbe23970ae12b613b:1:311996467,1.0
1311,2,1311,1,legacy,0.0003,0.0,3.7364501730956405,18.29877307295318,0.008187535218894482,0.02734375,-0.005345988553017378,0.0014740670449100435,-0.0022874781861901283,0.054642774164676666,269,57,186,0,0,0,0,0,0,512,4,0,512,6,0,243,0,0,269,4,0,,0.16746833501383662,8e6267e13e9bd6039d0e394be2abd85e:0:0,1a4a2cc50322dcb9cf078d1966928afe:0:0,236cd9748dbced2af98c2ed299f018a2:0:0,cc535c9f0a12630b14c035db21a2e28f:0:1831372150,5950e546caa42e3ea058ad4fd6ee2832:0:672674788,1.0
1312,2,1312,1,legacy,0.0003,0.0,3.9294097987736984,17.702198470000653,0.002522439230233431,0.0357421875,0.0009508383926004171,0.0012186852982267737,4.6891800593584776e-05,0.04996835067868233,264,44,204,0,0,0,0,0,0,512,1,0,512,5,0,248,0,0,264,1,0,,0.16867967508733273,aeb90ab15f3b71b2fc80110a74a8f45e:0:0,cb068e6da04c3059cc8839a66f765a90:0:0,735ef84a9c151b8eb76f3fe06d11d0ca:0:0,7cda2ed5fb3e4d20af940c7d5c7cee8f:0:1317357407,21bb36750302101300cdab36b4627c26:0:891385501,1.0
1313,2,1313,1,legacy,0.0003,0.0,3.68371131456942,19.304827418426317,0.012569879181683064,0.075,-0.00023117419332265853,0.0015402296499814837,0.0011806916445493698,0.05680515244603157,249,57,206,0,0,0,0,0,0,512,3,0,512,2,0,263,0,0,249,3,0,,0.16828014294151217,93a76b4c21322985b488c32918e6105e:0:0,ea31bcdef36b98d8fefcfeafc3702bd3:0:0,a311e21dbf3ce6987cbcb33ed6e2b4a4:0:0,d83c54ba0661517a0b903168ea96fa8f:0:2979482547,eaf72b17eaeea7c9fc6c831f4b12c04f:1:2800353832,1.0
1314,2,1314,1,legacy,0.0003,0.0,3.8974467025483466,17.648177986154813,0.02399454265832901,0.08828125,-0.0012374324724078178,0.0010568489116849378,0.003197102341800928,0.04685231298208237,257,42,213,0,0,0,0,0,0,512,2,0,512,0,0,255,0,0,257,2,0,,0.17176909709814936,70752439ba3d04d2de0d6c43cf632c5e:0:0,6fd2b2258dc43007a57bf530a1ce2a0b:0:0,e67abaeeb2eaa061dfb31f80c9b3a802:0:0,f378247135da66c2a0a8ac29cbf1068f:0:1023968655,e8731208b51ea0bdff5cccfd7a6d0b52:0:3422010739,1.0
1315,2,1315,1,legacy,0.0003,0.0,3.838428087723602,19.6478308323331,0.004355201032012701,0.06171875,-0.003118477901443839,0.0011870660964632407,0.0028492228593677282,0.04878181964159012,237,56,219,0,0,0,0,0,0,512,3,0,512,4,0,275,0,0,237,3,0,,0.16712229198310524,5b518e32ae04d108408d68f69820485e:0:0,735e434403857c48306395d23678ab61:0:0,491b60e46a13c85bf16bfea548dad131:0:0,ecc3a66b918b0d728fccc44c008b128f:0:1642874098,5689e58686ca9208f13ed07d8094887d:0:4040404285,1.0
1316,2,1316,1,legacy,0.0003,0.0,3.7463583240461307,17.672619287774104,0.007404610980302095,0.10546875,-0.0036999923177063465,0.0009648507519159466,-0.0016350229270756245,0.04427017644047737,254,51,207,0,0,0,0,0,0,512,5,0,512,5,0,258,0,0,254,5,0,,0.10452062403783202,7e98362b971709566e2255dd731d645e:0:0,d71b00d1d195d184f1ffcc687efa0496:0:0,01877eb36b90a5c22bcce16ab0661571:0:0,c91237dd2ef4ac33aee7015b88651e8f:0:1302440356,a716d937506005e7fee285d8aef78a68:0:2013219783,1.0
1317,2,1317,1,legacy,0.0003,0.0,3.7307604913325183,19.356220150096235,0.010424596257507801,0.08828125,-0.0016541816759854556,0.0015701079799328,0.0011140761198475957,0.05614341422915459,258,58,196,0,0,0,0,0,0,512,3,0,512,2,0,254,0,0,258,3,0,,0.10715429007541388,614543ec6c74e09cdf800f94605a805e:0:0,9993cce1222d269c291e7e775cf79935:0:0,4cf735306e0268a4cecf83681e8119b1:0:0,59e6ea29663b8f8694dd2ae4637f2a8f:0:311699252,aab5e75e0e57df34a2ec19449cbf6cc9:1:2258942508,1.0
1318,2,1318,1,legacy,0.0003,0.0,3.8835158382078396,19.899597289429558,0.005984910763800144,0.0873046875,0.0038132169283926487,0.0012085125141311436,0.0022648766171187162,0.04948537424206734,239,56,217,0,0,0,0,0,0,512,3,0,512,1,0,273,0,0,239,3,0,,0.10402852296829224,550ba6aaef546d960ff4b2b75fd79c5e:0:0,145fc9c851aa2bfda4527767fb03eae2:0:0,e06685cfb80761c358c73fd6849d113c:0:0,815d7e491e9b8ca7a590487291d9368f:0:2403514920,b68ef2482dfa65b87beb71b3c79b6ceb:0:534729480,1.0
1319,2,1319,1,legacy,0.0003,0.0,3.736537392942867,18.957067469512623,0.00644069816917181,0.0630859375,-0.0018480301834642888,0.0014007383841089904,-0.002333667129278183,0.05357304960489273,261,47,204,0,0,0,0,0,0,512,4,0,512,5,0,251,0,0,261,4,0,,0.1070401679025963,1bbf13ca2caff94399689be27194b85e:0:0,71cc70e9ac4a0ac750ef3596b1d81e8c:0:0,33adb420644102cfd4ad4e92cf8a95bf:0:0,5bcb7a8164da47b41ddca1921373428f:0:2752834840,1ebaee1c38cb6ea8d9f61e786e66d871:0:3012467168,1.0
1320,2,1320,1,legacy,0.0003,0.0,3.753268187276821,18.004755409360016,0.0027820353861898184,0.108203125,0.00025190720334649085,0.0010071041411720215,0.004505919758230448,0.04574188217520714,257,46,209,0,0,0,0,0,0,512,5,0,512,8,0,255,0,0,257,5,0,,0.10691696708090603,0c1f368b3e3f6f9a505e67b19591d45e:0:0,ee921a61bcb74bc2dc8a94e31dfdcee4:0:0,6593d8ab11d2be838f51fb762d38bd64:0:0,5a82840abe431d0f1f99bdcee84d4e8f:0:961413396,1827c2f27ca733fbc1e31752511c3806:1:4150727510,1.0
1321,2,1321,1,legacy,0.0003,0.0,3.7164000654764946,18.75501511665041,0.008131369017064571,0.0609375,-0.003067778376862407,0.0013898693665396421,-0.013308224268257618,0.05369889363646507,260,54,198,0,0,0,0,0,0,512,2,0,512,3,0,252,0,0,260,2,0,,0.10687378596048802,99c7de25b677f26e5ff2f2c0cbcef05e:0:0,9bec02dadc74aeeca8d1c47a7b1dabf2:0:0,ae74640542f8b5c931b6338e6cc2c8da:0:0,2554dd94eab8ae06bd9a64b510675a8f:0:1154246492,b46f3720d52eb87747f892b632b83ba3:1:750206132,1.0
1322,2,1322,1,legacy,0.0003,0.0,3.756952280048637,17.507743308146264,0.008099944330751896,0.055078125,-0.0022469453047960996,0.0015749099431559444,0.0016531537985429168,0.056169211864471436,266,46,200,0,0,0,0,0,0,512,5,0,512,1,0,246,0,0,266,5,0,,0.11575260502286255,575b8268632d8e9f65dd59ac144c0c5e:0:0,192432ee2618cf7a1bbfa382990e7475:0:0,46699b10de8d697188f243fd3bbc19c7:0:0,1bc4aede086810b907ac9dd08bc1668f:0:3631325388,c785521482a97433dbe9380ac2cd7ad0:1:890183730,1.0
1323,2,1323,1,legacy,0.0003,0.0,3.720139196456925,19.748782706538947,0.006806326564401388,0.064453125,-0.00732702175155282,0.0013362848316319288,-0.0008918361272662878,0.05224480479955673,248,46,218,0,0,0,0,0,0,512,4,0,512,2,0,264,0,0,248,4,0,,0.10746778501197696,872a1dad527313848e6ef90f6f09285e:0:0,d35f9d9fbae13b27cb85ece258cdcd56:0:0,f2f5595e00f38d63f5cc6f5662a02a40:0:0,7e7e88df4ba9a3391699b0ad5a5b728f:0:602252140,1168db4294fcdbd49fa577c40fef4694:0:149740232,1.0
1324,2,1324,1,legacy,0.0003,0.0,3.704835493372956,18.220099604318698,0.007828379049897194,0.0392578125,-0.005651486711576581,0.001507960626622662,-0.0015712787862867117,0.05491706728935242,256,54,202,0,0,0,0,0,0,512,2,0,512,3,0,256,0,0,256,2,0,,0.1107011130079627,47de1d9645540c98b0936d86dc06445e:0:0,15838f6e1f2ab26640414cb1d5da533e:0:0,5d8a493d72d022c763059aaeaeb50f80:0:0,9927755cbd9b81f4182624d77c357e8f:0:788970493,a73d16aac7a8bbe3c73b9e65e984f2d4:1:1737954852,1.0
1325,2,1325,1,legacy,0.0003,0.0,3.6589210781816672,21.23693023399418,0.003722882829606533,0.11796875,-0.005359134986065328,0.0013610965339466929,0.008496022783219814,0.05204244330525398,236,65,211,0,0,0,0,0,0,512,0,0,512,1,0,276,0,0,236,0,0,,0.10941308795008808,925c0ab0fc04dd6669d093ae5b43605e:0:0,64789d52df7d96f3fef5bf3736e4d8d0:0:0,dbdc81f2d67735e3beceac12a450e04c:0:0,a6dec7f0b401a1565b11c1daf14f8a8f:0:354592533,dd76ce5b0084d861699b6ae9f3f54361:0:3679020518,1.0
1326,2,1326,1,legacy,0.0003,0.0,3.8482892132044393,18.210659818305874,0.0026308870874345303,0.0705078125,-0.0013477964792400598,0.0013611340371426194,0.00035282986937090755,0.05211533606052399,251,49,212,0,0,0,0,0,0,512,2,0,512,2,0,261,0,0,251,2,0,,0.10497331898659468,c63f81cd0724ffb43a468821ecc07c5e:0:0,f6fca1d47b1edc5007a1273217552055:0:0,9d30453eb67b7ac53a08406c06d8a143:0:0,945bd9f6f4f78ab05b178f43b9a9968f:0:2859135201,cfeedeb11f35661fa05c82c0e3f9b504:0:1267613593,1.0
1327,2,1327,1,legacy,0.0003,0.0,3.840513596868397,18.57423703609651,0.002868815092369914,0.024609375,-0.002495427615940571,0.0013236422440968455,-0.007111041806638241,0.05118892714381218,249,54,209,0,0,0,0,0,0,512,0,0,512,2,0,263,0,0,249,0,0,,0.10588310903403908,9d79307709af63f0a0afa77d907d985e:0:0,fab04691bf7b45da41342ab25dcc624f:0:0,e2beb087b0fb592e36ca28c3299a047c:0:0,2487da06b8ffbc5bccedd49dd543a28f:0:1786000647,51c278dd2afb6ce10d27ac1757bdf9b1:1:1767179726,1.0
1328,2,1328,1,legacy,0.0003,0.0,3.9092893207197963,17.709900442218228,0.0069551910273730755,0.05625,-0.0039766896050423385,0.001127447566250339,-4.391651600599289e-06,0.047522056847810745,255,50,207,0,0,0,0,0,0,512,1,0,512,3,0,257,0,0,255,1,0,,0.10654150904156268,3fc5b8b79734f3de36608e5d467ab45e:0:0,27e680f6003bbd1a93b878523ddadc14:0:0,cbbecbff1ceb3a8ae371e58de72e3427:0:0,4b1be2f5fdfcad20aa461975441dae8f:0:1089206359,baf333f7f8525532f0662c6732e15721:0:2118331084,1.0
1329,2,1329,1,legacy,0.0003,0.0,3.786310601497994,18.238844262123877,0.005569699220359325,0.0876953125,0.001430880231782794,0.001364481553900987,-0.007117048837244511,0.052561789751052856,262,52,198,0,0,0,0,0,0,512,3,0,512,0,0,250,0,0,262,3,0,,0.11262334999628365,0644aede19fd377fcb48195d0eb7d05e:0:0,dafd3043d4f38def6007a605a25360de:0:0,47bb8aa9d72d409cc4e8a4222e4b22da:0:0,bf63a5abdd9f72da3dcd25560637ba8f:0:33273681,63d24ce57fdc54ed96335f7cd54a7d77:0:2519309045,1.0
1330,2,1330,1,legacy,0.0003,0.0,3.8531898271886034,16.562805097440346,0.013765334151685238,0.0701171875,-0.0046015508007258175,0.0009151851438218728,0.005841072183102369,0.04344179481267929,275,49,188,0,0,0,0,0,0,512,1,0,512,1,0,237,0,0,275,1,0,,0.1093901100102812,80a14eca6ca91c4481ef6518e934ec5e:0:0,1c0395280a63ad5941f71f4053104f64:0:0,783e825704f5276301be508d21182f00:0:0,cb0d1452d9d80c5c2f2affcc1b91c68f:0:4209488018,8881d7e87ed94b530aa285f801b9252b:0:534256542,1.0
1331,2,1331,1,legacy,0.0003,0.0,3.591312996112582,18.944318148419306,0.006081792060285807,0.028125,-0.0007192826364189386,0.0014399388572201132,-0.007571917958557606,0.05366417393088341,261,55,196,0,0,0,0,0,0,512,1,0,512,2,0,251,0,0,261,1,0,,0.10463889501988888,aa440cd212f3de73eb79ce2cd5f2085e:0:0,86b3d2ebe5cb26193be19cd934db5f22:0:0,d3ed55a705263993a8890c07c10c2929:0:0,2125acc751d34e978f02f063842bd28f:0:414066524,2092aad301ae77202018404c37628ee0:0:3221261034,1.0
1332,2,1332,1,legacy,0.0003,0.0,3.683464777923681,17.511094498612188,0.013433430343866348,0.073046875,-0.01103497063741088,0.001221445930423215,-0.0002471009502187371,0.04957106336951256,262,53,197,0,0,0,0,0,0,512,0,0,512,3,0,250,0,0,262,0,0,,0.10256600996945053,2924c9083d2e14da23a4f134d4ef245e:0:0,711b36348cff766bcbd02fb4c4446a9d:0:0,db8cb2d78470bf3305ede1a297055cfb:0:0,0b4e3b69921274ffe2f37ea84005de8f:0:980373872,9a709162a2f6b65762990e0777b47b3b:0:2538933045,1.0
1333,2,1333,1,legacy,0.0003,0.0,3.7501190071310915,17.366165329486314,0.00384608400054276,0.0515625,-0.0009784045629203319,0.0010347538540372626,-0.0018640138441696763,0.04552501067519188,262,46,204,0,0,0,0,0,0,512,3,0,512,1,0,250,0,0,262,3,0,,0.10245694499462843,1b512a5a020edeb3ecc8aacce62c405e:0:0,db7b983f7bdf9a2073a342557deabddf:0:0,1ce3b9623affb2f924cb61da702bbbfc:0:0,6a0636c632285530319672264f1fea8f:0:1307570134,a5da29da8d57a8070f627ca37451edd9:1:3170665250,1.0
1334,2,1334,1,legacy,0.0003,0.0,3.702366801169984,18.844067629973793,0.010341712273657322,0.0767578125,-0.006126520223915577,0.0014159842161461712,0.002015120815485716,0.05347723513841629,254,56,202,0,0,0,0,0,0,512,2,0,512,1,0,258,0,0,254,2,0,,0.10570770595222712,9651819a7a7733dacbd7179109a95c5e:0:0,6d7b567223b33299ef1b4f716f6ae091:0:0,102f7101b58528c5592bed1603777288:0:0,d3f827d2b2a835d00e80d269b179f68f:0:2405150781,c9065e4f6f91b7ae9c1fe50328c4af79:0:1859326421,1.0
1335,2,1335,1,legacy,0.0003,0.0,3.75223488566492,18.60816809038397,0.006216622423380613,0.0640625,-0.0021676444448530674,0.0010853861575014889,0.0012803275603801012,0.04684840887784958,257,54,201,0,0,0,0,0,0,512,0,0,512,2,0,255,0,0,257,0,0,,0.14005230402108282,be888b44aac35731245c941d3f66785e:0:0,a5dca1908e0c9293e7f5db3a8b7bf832:0:0,fd5ea4fcb2000f5e1c3db07edffe9ccc:0:0,82a8f1c78dd248b8a642e6fe6714028f:0:3938863671,b1e11ea87d1ba0b0749831d950803aad:0:4145207737,1.0
1336,2,1336,1,legacy,0.0003,0.0,3.7037753135461324,17.212540582455826,0.008922607637941837,0.06015625,-0.001433152100071311,0.0014400148415006698,-0.003902289317920804,0.05401373654603958,269,45,198,0,0,0,0,0,0,512,0,0,512,2,0,243,0,0,269,0,0,,0.104612004943192,76b7796365466b4e547fbd0d8763945e:0:0,768c4f9206c30991c8782ea2f29576b8:0:0,a6ba96df77ea7d2497734e778b790fff:0:0,a41437ec2d89c859ca6837706fee0e8f:0:1310798819,77727c35cfe92f9b8a031c988a45e51d:0:761680951,1.0
1337,2,1337,1,legacy,0.0003,0.0,3.7462702121648714,18.730514668285437,0.0051768505945801735,0.0544921875,-0.0023247490637004374,0.0014672423247247934,-0.0023840153589844704,0.054820213466882706,260,57,195,0,0,0,0,0,0,512,2,0,512,2,0,252,0,0,260,2,0,,0.11863851000089198,4b37ddb9918c296ad1016efde1a0b05e:0:0,178c2252825d4fd2ac21f87b7ff9b431:0:0,861897bc66bb9293b814c57292182106:0:0,0bd896f47920b85efd778b4bcc081a8f:0:2108409711,e4274e94406d2abb89d532d4f49d87dc:1:4181598298,1.0
1338,2,1338,1,legacy,0.0003,0.0,3.659264691421111,20.002247442110587,0.02111467719078064,0.092578125,-0.0032169885467737912,0.001657810976030305,-0.000403373793233186,0.05823837220668793,242,57,213,0,0,0,0,0,0,512,1,0,512,0,0,270,0,0,242,1,0,,0.13047271105460823,9b8056ef83fcba8c413cc68a4e1dcc5e:0:0,8906cbcdbe3faf0a279445ef401d61a5:0:0,2729224f0d285554131c7a9e45a6a2d8:0:0,0edeeadaed8549947ef2ea1c7b62268f:0:1845854232,fd4120e3fd877264fb289cfb92e72007:0:215185456,1.0
1339,2,1339,1,legacy,0.0003,0.0,3.705119512033966,17.56935190445197,0.0055308095179498196,0.0451171875,-0.0024950498715043067,0.0010788463318021969,0.003034506691619754,0.046354956924915314,268,49,195,0,0,0,0,0,0,512,3,0,512,2,0,244,0,0,268,3,0,,0.1412779379170388,51674a34517eb2f19b27204eccdae85e:0:0,8827818d8ca56f3793b781ae1f4a3c4c:0:0,9faecd0ac701b1e42ed155c3c3d781cc:0:0,8520696d725ce10c57579b6e7dfc328f:0:2278582721,69e339ca63f73359f3877155293b25de:1:3003490790,1.0
1340,2,1340,1,legacy,0.0003,0.0,3.761733167258858,19.011734930371983,0.005914389621466398,0.06875,0.0006048605544492602,0.0013193797756684944,-0.00021183030912652612,0.0515558086335659,260,56,196,0,0,0,0,0,0,512,3,0,512,4,0,252,0,0,260,3,0,,0.15462317399214953,e290756c4ab32fbf3f5018e75dd8045e:0:0,8fd63ed36e0f3c74b52410d90c6464bc:0:0,f1a28f8048cd48b3c5b574250440fe9a:0:0,7197f50e5e98c283641e26cdd3d63e8f:0:3572482241,2403c2db6150e8955096c2fde5cb107d:0:1949977216,1.0
1341,2,1341,1,legacy,0.0003,0.0,3.858516761073576,18.03792160926023,0.004363123793154955,0.0302734375,-0.0018235304858535528,0.0012313664163229987,-0.008417287841439247,0.053290050476789474,246,52,214,0,0,0,0,0,0,512,0,0,512,4,0,266,0,0,246,0,0,,0.16005328693427145,17c6c4b00a6816eb14e18cf00115205e:0:0,79bb70e38c05fe1d2e69b36e5201a112:0:0,0edc51d27d16475fa66cafbe6658ee6e:0:0,9bc3b2765f105e0663ba53c67cf04a8f:0:3230629970,0473b2830787e9808f3005c7aaed669c:1:1168235426,1.0
1342,2,1342,1,legacy,0.0003,0.0,3.8359102437559045,18.530401412829445,0.007820230908691883,0.089453125,-0.004157854500226677,0.0012180858058854938,0.009985283017158508,0.05231625586748123,247,49,216,0,0,0,0,0,0,512,4,0,512,0,0,265,0,0,247,4,0,,0.16529127501416951,59f39089c2dc7968a59f9904b6923c5e:0:0,f83941d721996212693cbc066dc38dc3:0:0,c5bc28074c259c444bd718996f0f9d46:0:0,6ba49f8f31ad40d7019b29e4794a568f:0:969250330,c6a85b8e9808760db63c4a790bc9eed8:0:150718944,1.0
1343,2,1343,1,legacy,0.0003,0.0,3.5979978913308335,20.191877375022326,0.008880439214408398,0.0759765625,-0.005077204620465636,0.0015911995491478593,-0.009393235668540001,0.058589059859514236,242,64,206,0,0,0,0,0,0,512,1,0,512,4,0,270,0,0,242,1,0,,0.16434333997312933,3f2f4108b573179539e899c17e4f585e:0:0,af5df4c889e740c00924f1d3cf02e876:0:0,1f88735ec0e9f54525569d98499c8f2a:0:0,8c22a8ca67b4a990e22af0b3c8e4628f:0:904534371,87c3ca250b6216a23c9b83af2b386ba4:0:271400579,1.0
1344,2,1344,1,legacy,0.0003,0.0,3.767650396315155,18.548373439445644,0.015317854471504688,0.104296875,0.0022338144015520813,0.001096261854399927,0.00737339910119772,0.048195283859968185,238,50,224,0,0,0,0,0,0,512,3,0,512,5,0,274,0,0,238,3,0,,0.156875413027592,f64d446d006f07e3f4b52bc2584c745e:0:0,d364c4c9f2fcbfd7fc4f7ce0a1056d18:0:0,72e6e41d02c74f4cd54b75a95730742e:0:0,2b6485a2a1babf8eaecf2fc06bbe6e8f:0:1080126186,d860e111c6e945fc362c47fb3cf77107:0:849062888,1.0
1345,2,1345,1,legacy,0.0003,0.0,3.6754462927617544,18.794185806491683,0.007089103572070599,0.090625,-0.0015384773723781109,0.0014264219033066183,0.0003794180229306221,0.05358867347240448,247,60,205,0,0,0,0,0,0,512,3,0,512,2,0,265,0,0,247,3,0,,0.16046499204821885,2e8656d82e567fc9ef982ba34489905e:0:0,7a5e65dc17fa489fb70dbc8e30914c88:0:0,9e9d2ac87aeca15cbc77a2efd2df85aa:0:0,18437c40f7cb6d8f21e8ae9661d87a8f:0:15118155,4e52d829fec8a47c84649375ca8415fa:0:2519783750,1.0
1346,2,1346,1,legacy,0.0003,0.0,3.809010504646669,18.564519983287298,0.0114637715741992,0.096875,-0.006660395348444581,0.0010922503715846688,0.004459998570382595,0.04723384976387024,249,45,218,0,0,0,0,0,0,512,4,0,512,2,0,263,0,0,249,4,0,,0.16978152899537235,65c043193297beea56beb6004306ac5e:0:0,7d1f3a6a49d3300168cebc99382fd0bf:0:0,e674145cdd834941c0ed75f47287550d:0:0,6acc0f8b8054df9a12d374c1ab32868f:0:3650504030,0dba74478dc81bef3b693a6ba41bbcbd:0:1188719045,1.0
1347,2,1347,1,legacy,0.0003,0.0,3.7510921962078445,17.88611267461704,0.004097022116184235,0.053515625,-0.0040712043642997745,0.001109559411997907,-0.004264559596776962,0.04771314188838005,273,57,182,0,0,0,0,0,0,512,6,0,512,3,0,239,0,0,273,6,0,,0.18220093694981188,54a98b54bf0c1c8284f0277553c3c85e:0:0,e477ab855e3b7b0b94ee3521f32fb8fd:0:0,7950176bcf93a363294ede7a683b7d4d:0:0,cef58a2d285fa42581e6c9ce47cc928f:0:1752985074,0328a1638423b4eea94b2b0267d632a6:1:2858650209,1.0
1348,2,1348,1,legacy,0.0003,0.0,3.6279036092863706,18.998549417694278,0.006613227538764477,0.0390625,-0.0015417500399053097,0.0011313711293041706,0.0024685170501470566,0.04755830019712448,241,52,219,0,0,0,0,0,0,512,1,0,512,3,0,271,0,0,241,1,0,,0.17172421794384718,aeb1caf51df537161f8e1c9e76c0e45e:0:0,50b351b9ff6c54aa8827958b3a382110:0:0,3e663fc5f11b2568ba4875736e0a339d:0:0,dfa354724fa0707aa475354837a69e8f:0:2898425072,59aecdcef001707f91dba89955da48ac:1:1826836257,1.0
1349,2,1349,1,legacy,0.0003,0.0,3.846007293396857,17.597065630794063,0.005982964765280485,0.044921875,-0.0006358487997204065,0.0011200304812518879,-0.0022990661673247814,0.04765547811985016,255,45,212,0,0,0,0,0,0,512,4,0,512,1,0,257,0,0,255,4,0,,0.16968229203484952,cf1521f6fc10465b32947217abfe005e:0:0,c8514a3f8731edbe199ef3bf866c2680:0:0,c979934833c36416f6a885c889da85f4:0:0,37dc0a20daef885af0cc7ebb7ac0aa8f:0:380516483,dd6e840658c2474049d336ea9396adad:1:2070272406,1.0
1350,2,1350,1,legacy,0.0003,0.0,3.6857542014355227,15.804415066501143,0.012080108746886253,0.1095703125,-0.002319300500676036,0.0010764786798972636,-0.003802353050559759,0.0465356819331646,272,40,200,0,0,0,0,0,0,512,4,0,512,5,0,240,0,0,272,4,0,,0.1779661369509995,65f99452ce5b8f664c99447cf37b1c5e:0:0,795d27372ab08f728d1dacbd04943b2c:0:0,b05a49f0fac1cd53688127224f1121dc:0:0,ec2b58bdafb1c8e52a35adb4111ab68f:0:3286147383,414538dc62cdd8ebece765cab644a392:1:2071571874,1.0
1351,2,1351,1,legacy,0.0003,0.0,3.7413235289412947,18.12138768852909,0.007634357083588839,0.068359375,-0.0005365495104342699,0.0011122276715468614,0.0041630566120147705,0.04783455654978752,247,52,213,0,0,0,0,0,0,512,1,0,512,3,0,265,0,0,247,1,0,,0.12430177303031087,fb40feecbf29fb169accf06a4d38385e:0:0,7888d3d13d0b827c7d1c600ab96b1e51:0:0,187ef2e1e8c633c8f5bbebc4ac872b1c:0:0,f19ccdfccabf56ba6cf509bdfab4c28f:0:3600565267,17951ec9f5cfd00fda323c2ee67f2929:0:913127703,1.0
1352,2,1352,1,legacy,0.0003,0.0,3.6530274593466965,18.074206641498037,0.010554991662502289,0.10078125,-0.0009170345496386289,0.000906869035679847,0.00405666371807456,0.042799629271030426,248,50,214,0,0,0,0,0,0,512,1,0,512,2,0,264,0,0,248,1,0,,0.1097784029552713,5a71161f4e20cec204fa127bb935545e:0:0,6ef9ae4e7827ad1715dd543b40718649:0:0,58e9aee73030cbe4f7049c0f42ad0852:0:0,85e6e9646553ef633a4a1a65378ece8f:0:2842595574,6be3300265eef9df2f3b89190c99173b:0:1576778001,1.0
1353,2,1353,1,legacy,0.0003,0.0,3.6801237198620527,16.999584107980127,0.02909960225224495,0.1470703125,-0.007208300055935979,0.0013326755142770708,-0.0050944858230650425,0.052199751138687134,266,43,203,0,0,0,0,0,0,512,3,0,512,1,0,246,0,0,266,3,0,,0.11975969502236694,e62cd09f0ebb87214985874d3772705e:0:0,f002c481781f5d8c44673a0d0221e60e:0:0,22233efb3bdb6440874d998fa7ecacdd:0:0,e876fb76da94ddf4846fa735c7a8da8f:0:106369223,7d6673ffd24d06a6a5221f689e2d94de:1:2562794737,1.0
1354,2,1354,1,legacy,0.0003,0.0,3.794738568385413,16.973701784154184,0.0047735413536429405,0.0783203125,-0.009722898155450821,0.001136160609894432,0.004318064544349909,0.04774109274148941,260,56,196,0,0,0,0,0,0,512,7,0,512,3,0,252,0,0,260,7,0,,0.15165850205812603,9c6fac2030f1d57c196e6b7ac7ef8c5e:0:0,c90bc0aa2132687eece9295d540e6e58:0:0,a863532172bed3554c69446a42e2ad00:0:0,9157a002403892f4ba9bb7bbab02e68f:0:2662573895,3a43f6f1edf94ad8ac4d19cf0c2c4824:1:200431675,1.0
1355,2,1355,1,legacy,0.0003,0.0,3.7857823747566295,18.073945376594125,0.007341793272644281,0.091796875,-0.006655709166079759,0.0017235758889000863,-0.0006508833030238748,0.05889526382088661,252,51,209,0,0,0,0,0,0,512,3,0,512,1,0,260,0,0,252,3,0,,0.14356631389819086,714b5fd0bf9bbf15344e1ba06aaca85e:0:0,bbf7744dd674eab206ed0f079e534f4d:0:0,3efc5158301dc5c87bd3a049e7aa9b68:0:0,84a4f07fe4dbdf80d4ff9382e19cf28f:0:2191758983,5838433ec1a7bcbdb584dc64df2634b8:1:102766518,1.0
1356,2,1356,1,legacy,0.0003,0.0,3.659562162999114,16.984561256931553,0.005843732506036758,0.0787109375,-6.012432277202606e-06,0.0012037129374220968,0.007310023531317711,0.04884517565369606,253,51,208,0,0,0,0,0,0,512,1,0,512,7,0,259,0,0,253,1,0,,0.10597414802759886,c693d364c02fded68458345a1fa9c45e:0:0,34afff4aa3baed7a794625b66204e51a:0:0,97cbd7b6ce86358eedd72f54e6ee5d53:0:0,5aaae6b92690d3b160c7c2176b76fe8f:0:2561997033,d43355b67fadee971b7850480572fac7:0:1479537622,1.0
1357,2,1357,1,legacy,0.0003,0.0,3.8293465719943502,16.042445056295442,0.006085463333874941,0.0677734375,-3.554411232471466e-05,0.0008473001536913217,-0.002974899485707283,0.041348088532686234,264,52,196,0,0,0,0,0,0,512,3,0,512,2,0,248,0,0,264,3,0,,0.10479385801590979,5deb901b9f77c93d3a5a9243e6e6e05e:0:0,edad7a27b5d5130bb998d7de84cc86d7:0:0,ef177a641a85157979acd72030f37c3e:0:0,0923cf325433403f8c1c0b0548910a8f:0:558887181,727ea97d9bb394daefe47c08711436ca:1:2860130569,1.0
1358,2,1358,1,legacy,0.0003,0.0,3.844396538707146,17.064483850824264,0.003909669350832701,0.077734375,-0.002923594135791063,0.0011992739804554732,0.00011887564323842525,0.04897255077958107,267,45,200,0,0,0,0,0,0,512,4,0,512,0,0,245,0,0,267,4,0,,0.10828685201704502,62445bd096d69285e9bd51f9c063fc5e:0:0,058e30c0d313f78b0619a504cd60af59:0:0,48d35941225f7f8a8fbda7c39df7e7ea:0:0,5c961e278c0edb6a321f75d878eb168f:0:3415984861,51e7679769dd5adc57c0df9c1fbfc8f5:1:690131042,1.0
1359,2,1359,1,legacy,0.0003,0.0,3.77004150663684,16.917869852938416,0.008854081854224205,0.0466796875,0.001009258907288313,0.0014613106264732777,0.0012792686466127634,0.053906094282865524,279,50,183,0,0,0,0,0,0,512,4,0,512,1,0,233,0,0,279,4,0,,0.10362963005900383,406444d1f5bd7718a482d017ac21185e:0:0,e39380774ab69c7b4fa5ed96e0c8ea54:0:0,f0b52a4c2783da644fd1d61012fe0c31:0:0,54ca7932ca63091ae6f04a1cfc85228f:0:828157329,148e4dbb9a06e57596ddf515ae0ccd7c:0:1276288453,1.0
1360,2,1360,1,legacy,0.0003,0.0,3.59922892972114,19.583587505221978,0.011790009215474129,0.0541015625,-0.003476563794538379,0.0013846964226104318,-0.006783127784729004,0.05263981968164444,234,60,218,0,0,0,0,0,0,512,6,0,512,2,0,278,0,0,234,6,0,,0.1034625000320375,2d9717e57aeaa6351747a939aa1e345e:0:0,47a38b4f9fa4c59e8f6ca5fffc82ad1e:0:0,daf2e5502975b4a90817951b04d3bbfb:0:0,2ffc52fd9a50464b03a80f5ed35f2e8f:0:411404939,78156ea9a620db7989de1ac1b1cd8a87:1:1605715963,1.0
1361,2,1361,1,legacy,0.0003,0.0,3.73264521533994,16.456781883355,0.02363814413547516,0.1923828125,-0.003779287007637322,0.0015919011493679136,0.033047985285520554,0.06606125086545944,266,48,198,0,0,0,0,0,0,512,2,0,512,6,0,246,0,0,266,2,0,,0.10450740996748209,a2a7088a290e2edea542b9fbba5b505e:0:0,a8e9a6af001b68f757d02602c5afef2b:0:0,e72a58c480dc7eb4b66273b6d375319e:0:0,d1010dac1bbb37a8b25b8d29fd793a8f:0:2819120748,c6ef02c3dada85a64e77b7b68c449c8f:0:1522182991,1.0
1362,2,1362,1,legacy,0.0003,0.0,3.7326926554603714,17.246855779426063,0.0060753729194402695,0.1041015625,-0.002672874671407044,0.00117203633999452,-0.01659100316464901,0.048694346100091934,257,57,198,0,0,0,0,0,0,512,5,0,512,4,0,255,0,0,257,5,0,,0.10550779302138835,e9c53e3242710f0884451ef9dcd86c5e:0:0,524732f1a0d12f55b7e4eae6afc9fe7b:0:0,91c71a4ca485e0c172204168c9768837:0:0,486b3bfa50b15b7bfa1acb0a7ad3468f:0:2273127580,59b114157ef5c6bed3e1b7791cd4d4b9:0:2219318825,1.0
1363,2,1363,1,legacy,0.0003,0.0,3.596820850417717,18.48984877550437,0.0023485617712140083,0.1060546875,-0.004115815414115787,0.0012492838024627418,0.005092124454677105,0.0501989871263504,234,59,219,0,0,0,0,0,0,512,5,0,512,2,0,278,0,0,234,5,0,,0.10330242500640452,5a73ffda573a6501d8ba34d01195885e:0:0,0b1569957b45ed5f7ac2a4bb7eb9d3c1:0:0,eeb67a5f7bb7f5d4fd78e5b510588483:0:0,92e9484fe4db5ecbcaf1108c4b6d528f:0:989552836,3c13eb676996b14dc4e1f69c57aabe7a:1:510652900,1.0
1364,2,1364,1,legacy,0.0003,0.0,3.776210512108617,15.737840833809248,0.009812542237341404,0.0955078125,-0.0010561940260231494,0.0011413856904255227,-0.0010366239584982395,0.04809457063674927,270,42,200,0,0,0,0,0,0,512,1,0,512,7,0,242,0,0,270,1,0,,0.10672510601580143,31085a0c91eec321d1a7981a5892a45e:0:0,ec7f05ca3579dc525d67b45d33057c77:0:0,f9f769ce077d0d2d2c25cb0790800c9a:0:0,0b088459e18915c309e4e53b6f475e8f:0:12261464,73439cf7cf92563f13685daddfe88cac:1:128821558,1.0
1365,2,1365,1,legacy,0.0003,0.0,3.780607699916615,17.018124061831518,0.003692689584568143,0.028515625,0.00016656443476676942,0.0012771885230904445,0.003394440747797489,0.05122565105557442,254,39,219,0,0,0,0,0,0,512,3,0,512,2,0,258,0,0,254,3,0,,0.10149938298854977,4a385a09adc5a5b3c4ad2574b1cfc05e:0:0,d319346d1c78a98a417ea0b639aea9ba:0:0,74f8c3c3b82cbec581c50f388c07d53f:0:0,8d5f6b0500e317559cf810a3e6616a8f:0:3704639419,d87aca432936f152c169d09cf7265e97:1:1282113400,1.0
1366,2,1366,1,legacy,0.0003,0.0,3.791129870803609,18.649384537051695,0.005892626941204071,0.093359375,-0.003695832472294569,0.0012056114734150468,-0.004996635485440493,0.0500100702047348,250,56,206,0,0,0,0,0,0,512,9,0,512,4,0,262,0,0,250,9,0,,0.10444835596717894,a0a5537b42710b234a04f97b1d4cdc5e:0:0,e698fe486a8aeccaaaec2d746512e9d2:0:0,259fc796d4523b2908dbd8d9d35acd3c:0:0,d72bb1fe92cdfc2577279a51b0bb768f:0:1633515795,776302b987b0bdbfcd272e1c1581f3d5:1:2441769813,1.0
1367,2,1367,1,legacy,0.0003,0.0,3.8973228415617425,18.456941010340277,0.0026863482780754566,0.062890625,0.0028139194007962944,0.0011073935340391472,0.003946982324123383,0.04739559814333916,247,58,207,0,0,0,0,0,0,512,14,0,512,3,0,265,0,0,247,14,0,,0.10589903395157307,6ca71cbd50f32e68588370c99b09f85e:0:0,2bb9e4e98fa468133ceef01d2291ec9e:0:0,cf951652e60f2c91845d894bfff2cea2:0:0,2beaa72d260b40a7a46bc9d0ce55828f:0:2317607003,5d515cb5654917980986cb098dbcb28c:1:3947505833,1.0
1368,2,1368,1,legacy,0.0003,0.0,3.6891334389488315,17.02273683720561,0.004810587503015995,0.0666015625,-0.001644029188901186,0.0011656029586447404,-0.004068309441208839,0.04891112819314003,274,50,188,0,0,0,0,0,0,512,5,0,512,9,0,238,0,0,274,5,0,,0.14147961197886616,680dc0773d1e63b3619727fc2b07145e:0:0,fa0280892738b3311a605bdf065c3be1:0:0,a5a3c314ab5efb78f6a9344ea1aff88b:0:0,c19c41dd6823ca8955b826ad3f2f8e8f:0:1735415564,9e5d8c6608c3b31f3f99847f1a3f15b1:1:841349453,1.0
1369,2,1369,1,legacy,0.0003,0.0,3.760893842586976,18.421553631410603,0.012850653380155563,0.0765625,-0.004566091764718294,0.0013723209878662602,0.004956710617989302,0.05303066596388817,250,52,210,0,0,0,0,0,0,512,3,0,512,3,0,262,0,0,250,3,0,,0.10824900702573359,2a5ad1e69f5b17596d48fbaecd44305e:0:0,6779fd6da7bf2e5552ff14de5d3d9f1e:0:0,971f6fb6c6b78f57a42d79956743283b:0:0,c87b46aaeea81154ecfb787303499a8f:0:263617400,af9c0eaca801d1c1a25eec4c282d0a0b:1:1544553883,1.0
1370,2,1370,1,legacy,0.0003,0.0,3.5062112619817407,18.44168754328013,0.007154889404773712,0.0603515625,0.0006287866272032261,0.001282855324097909,-0.003958467859774828,0.0510779432952404,247,53,212,0,0,0,0,0,0,512,3,0,512,6,0,265,0,0,247,3,0,,0.10469328600447625,085a5be89a4fef00363c087d81c14c5e:0:0,2e7808dd43bf9ec69e177b2dcd1e06e8:0:0,387c6b63ffbdbf3ab82462fd05005076:0:0,0d3ee077dc51ea57091fc6ae1aa3a68f:0:8660187,b9866c209410c102eadd772f60e76df3:1:1816122334,1.0
1371,2,1371,1,legacy,0.0003,0.0,3.8857146055889125,17.356005242235575,0.010916032828390598,0.09140625,-0.005484508955851198,0.0012536034046206623,0.006900874897837639,0.05029696226119995,252,44,216,0,0,0,0,0,0,512,6,0,512,3,0,260,0,0,252,6,0,,0.10828413092531264,8e454978a0080d0a45adab04487e685e:0:0,03c21b64cd9d10a8b42f6a7fed73f78b:0:0,ef979acbcc09fef5c1c8a97cdfb39abf:0:0,27b420119493f7c3920a58ea853db28f:0:2790973244,b3b5104639e9e694d1f4a68ee7e8b19d:1:1821237269,1.0
1372,2,1372,1,legacy,0.0003,0.0,3.7908330954828537,17.114597891698534,0.014863901771605015,0.0845703125,9.106462821364402e-05,0.0011529080045875161,-0.0024944946635514498,0.04830930382013321,250,46,216,0,0,0,0,0,0,512,5,0,512,3,0,262,0,0,250,5,0,,0.13873151899315417,bff42905d23376430f757fdf217b845e:0:0,424452a90cfd2583cc550e497df9cfd0:0:0,6c96ca6f51274fee21d323bcc079ec33:0:0,d5e7ef6bf022bb1ac49bb6b44317be8f:0:3805216153,5b47e8fde402926a8016ba368f8aa2da:0:549634925,1.0
1373,2,1373,1,legacy,0.0003,0.0,3.722833011950849,17.038815716065713,0.018965575844049454,0.0623046875,-0.007002915255725384,0.0013285562803503127,0.004859660752117634,0.052710242569446564,271,45,196,0,0,0,0,0,0,512,4,0,512,4,0,241,0,0,271,4,0,,0.11319906101562083,f9614aaa691d99cb0e0563aa0cb8a05e:0:0,2a69515a39f3455808ecacb96e5034a8:0:0,50413020aaef2ab7008b08945c85873f:0:0,81742ca7a5034ace3eafa7975431ca8f:0:4046618689,cceb7524949df64704bd75c814bab70b:1:3223162884,1.0
1374,2,1374,1,legacy,0.0003,0.0,3.8932130223478967,18.576629397481927,0.0263687651604414,0.1203125,-0.006666512833908201,0.0011183804279426112,-0.001814577728509903,0.04839824140071869,259,59,194,0,0,0,0,0,0,512,1,0,512,4,0,253,0,0,259,1,0,,0.10396711307112128,c50c73faccf5fb43de6973010a35bc5e:0:0,59347cf683b7fdb90a39f07e6cf6b0fa:0:0,7e912f389afbee0ec50a525d3a37ea4a:0:0,ec0cd463d4abab260b1d331fb88bd68f:0:3795644301,8c3ccc6ca7432b7cf7652122824c6b43:0:3298945031,1.0
1375,2,1375,1,legacy,0.0003,0.0,3.8499137595646045,16.92025211272594,0.01146980095654726,0.0541015625,-0.0012170710484497248,0.0012161407066741958,0.0022726887837052345,0.050055984407663345,259,48,205,0,0,0,0,0,0,512,2,0,512,6,0,253,0,0,259,2,0,,0.1039395269472152,7800bacc4d06ff3c5c480a8019f2d85e:0:0,b9dfd644a380d3d74b66bce4e13c5eea:0:0,8b7195400948e775ddbf24800bf997d2:0:0,95646225f2c0ca65adb6a0d97025e28f:0:3826723143,2cd15ef9ff312ebbeba9e59126388822:1:3543723799,1.0
1376,2,1376,1,legacy,0.0003,0.0,3.8383929880155936,17.140722426871527,0.008415129035711288,0.0783203125,-0.006633543875068426,0.0011642014840617775,-0.005079669412225485,0.04884050041437149,255,45,212,0,0,0,0,0,0,512,2,0,512,2,0,257,0,0,255,2,0,,0.10259482893161476,0e868afda076d9dcbde1c6c33beff45e:0:0,38b334ea6fde1b1b58afa1e9973a4c2a:0:0,f06ff5ea331223d862e3e723450b4fe5:0:0,8a28d8ee76fe20312f4978507affee8f:0:2197844911,3b215dad84629bb4504b1fe987b02bda:0:3250171305,1.0
1377,2,1377,1,legacy,0.0003,0.0,3.790084856391641,17.86529800709318,0.006595364306122065,0.0845703125,-0.005143970064818859,0.0015122699085623025,0.002041284926235676,0.05493392422795296,253,51,208,0,0,0,0,0,0,512,3,0,512,4,0,259,0,0,253,3,0,,0.1062007969012484,d33069f59c2e9fd2b0118466702d105e:0:0,83a2ec713e0546f2ed8e03afbc5c3c70:0:0,d6f47a6c64e4e9a4429eb13ee43d191b:0:0,e5753d5c0cd2f032299e8110d919fa8f:0:1977493098,09f079505424ba64f6b50209ab782d95:0:2144427734,1.0
1378,2,1378,1,legacy,0.0003,0.0,3.767289998933047,16.495961146019365,0.003455124329775572,0.0251953125,-0.0009413053281605244,0.0009739589819218964,-0.0012161224149167538,0.04459826648235321,268,52,192,0,0,0,0,0,0,512,2,0,512,5,0,244,0,0,268,2,0,,0.10678870300762355,fe30b536c983797d724c6005b6aa2c5e:0:0,9b8f90a777701982789c4fd06e016289:0:0,6cce274b25a95764ccbbd7e3f26d11cf:0:0,56ddae0a33412ffcd379c2a68a74068f:0:2840304685,b34b14d25975c8f7492ec0ac77353286:0:1206051855,1.0
1379,2,1379,1,legacy,0.0003,0.0,3.8690690800821823,18.100615960592272,0.007634943351149559,0.1130859375,0.0034764564828947187,0.0014511701359879226,0.0032598532270640135,0.05438511073589325,261,51,200,0,0,0,0,0,0,512,4,0,512,7,0,251,0,0,261,4,0,,0.1067985100671649,e7016010c93df859f2a1b63d0f67485e:0:0,1ed1f827071353c2238183091d154458:0:0,6555ed89d47f8e4552f216e917d91e43:0:0,6a76b6237f8a10350c9a849d8f0e128f:0:553692825,2a00fe85bbde8a8c1412f4f262657b2b:1:1775207554,1.0
1380,2,1380,1,legacy,0.0003,0.0,3.849539389966374,16.392830875279717,0.00651144701987505,0.049609375,-0.0006421937607228756,0.0008394231408601627,-0.0038010564167052507,0.04107680544257164,264,44,204,0,0,0,0,0,0,512,5,0,512,4,0,248,0,0,264,5,0,,0.10892012098338455,c89c9722ae9b8eaee9bb23a87a64645e:0:0,2b9885076e318e52345b0977af12403c:0:0,3f1d77a7fdbe10672b6ed69e835f5277:0:0,1122f16af53428f369bb4e81e6e81e8f:0:3347684350,155ae6df1d200d631245719258c88347:1:540605626,1.0
1381,2,1381,1,legacy,0.0003,0.0,3.625742974550997,18.491562920516593,0.00253166351467371,0.107421875,-0.004616168385837227,0.0010269632970448584,-0.0024164014030247927,0.04763263836503029,254,60,198,0,0,0,0,0,0,512,2,0,512,3,0,258,0,0,254,2,0,,0.11963634099811316,ab162f0bbde62978f6dc84e3f7a1805e:0:0,3335a29613e7a89c6963fca47b09b0d9:0:0,c552e5f7db57fceb1f5b87ffe8f290f6:0:0,f14ca04b25f7496a4091e7df92022a8f:0:500463947,2ac06c4de7e150af9f0186a78fc0ea99:0:2376953978,1.0
1382,2,1382,1,legacy,0.0003,0.0,3.8531867016390704,17.786698431889224,0.003773988224565983,0.0607421875,-0.004744819505140186,0.0012885749689303338,0.004184369929134846,0.05136464163661003,262,62,188,0,0,0,0,0,0,512,3,0,512,1,0,250,0,0,262,3,0,,0.14553060301113874,f691de523a3dec96bbe3f68b871e9c5e:0:0,22be7ea179d5a292f0e81c2b1b9f7ce7:0:0,3c11e216e831cbc1b1621b25fce3ca1b:0:0,4e3b5dc50c19eacab3cf5842905c368f:0:3146301374,83de9b10c21d26e701c8def9c0748af7:0:40479760,1.0
1383,2,1383,1,legacy,0.0003,0.0,3.6719666151221095,16.08955048492198,0.007897547446191311,0.0529296875,-0.004415184073150158,0.0008635765087092295,-0.005172014236450195,0.04167882725596428,276,49,187,0,0,0,0,0,0,512,4,0,512,5,0,236,0,0,276,4,0,,0.1356292940909043,b59979322e311134f949d53b28dbb85e:0:0,c335ecdc8cc7417dce8a2ed3beb0ff90:0:0,1ef6bbd61c13d03009aeb1f32d154e44:0:0,c9b0c863d1cc4669bf1fe736e1f6428f:0:3419753486,dacd6daf924252175dc455ef55f8a678:1:618726174,1.0
1384,2,1384,1,legacy,0.0003,0.0,3.6244466577104273,18.42891590520401,0.007496302481740713,0.10703125,-0.005641069589182734,0.0011860929254908115,-0.0017577644903212786,0.04898062348365784,249,50,213,0,0,0,0,0,0,512,4,0,512,5,0,263,0,0,249,4,0,,0.144063480081968,d1f8b8b05abde67aaa20bd8edcd8d45e:0:0,1d11ce9caab06220402dac02a6ca6438:0:0,14a618687694a3aab40130147b8f6f84:0:0,dba19aa5f80d0f25432b1c4886d04e8f:0:706459131,2ecd50f8068747781dffa8c870dd4889:1:4263929439,1.0
1385,2,1385,1,legacy,0.0003,0.0,3.800688216678876,16.302818483152848,0.0065038688480854034,0.058203125,-0.004827358108013868,0.0010126968321856112,-0.004045442678034306,0.04523323103785515,269,45,198,0,0,0,0,0,0,512,8,0,512,5,0,243,0,0,269,8,0,,0.14356539398431778,d1c184f7b85af47520158c22a315f05e:0:0,23974766fb7213d5df14131cfb0ba748:0:0,4579d2745f7fc2742b8c33ae954d6697:0:0,89fb66978fa3ce091193bf037eea5a8f:0:1012032801,99ea5ae04fbee8a139f994687bb74e91:0:550512280,1.0
1386,2,1386,1,legacy,0.0003,0.0,3.868799961939824,16.247073876136156,0.005965480115264654,0.06328125,-0.0039097016211599115,0.0011393498425604776,0.005749185103923082,0.048786651343107224,276,54,182,0,0,0,0,0,0,512,5,0,512,5,0,236,0,0,276,5,0,,0.1525358899962157,fc3445b235a141441f6f5d927b930c5e:0:0,4018a96f991ad63150206ac84a92de17:0:0,2fc35c37fbfa4a582aa27b64c6e391b4:0:0,a1b1eba476bce233f8f7d6f3ca44668f:0:1472002180,4b34134a1dc4d5fc062fc68f4ea6f1fd:0:2298499910,1.0
1387,2,1387,1,legacy,0.0003,0.0,3.5918154959179844,18.30671882450039,0.007781361695379019,0.059765625,-0.006717208423651755,0.0013036531017860398,-0.006295652128756046,0.05114082619547844,260,57,195,0,0,0,0,0,0,512,2,0,512,0,0,252,0,0,260,2,0,,0.1474154720781371,8a3b61b79f34b885fb0f8e7a6650285e:0:0,46e5cf6dbca69d6b88ce722031ee1484:0:0,79b601644ab4ce13be92127005b2ad5b:0:0,6609ccf4cdb323fcd0f0aba568de728f:0:3064510939,0fab8567da2a426952183f2fb59a22d9:1:196507465,1.0
1388,2,1388,1,legacy,0.0003,0.0,3.855130109543201,17.08837544079693,0.008937297388911247,0.0859375,-0.0062645429512485865,0.0010884462128160522,0.00826498307287693,0.04702308028936386,255,55,202,0,0,0,0,0,0,512,2,0,512,1,0,257,0,0,255,2,0,,0.14520958508364856,ce37da17dc86b503b071bb76634d445e:0:0,71aecb0b51bd70270f7556b90552490f:0:0,2e1c85c5331020c6c898c4292169b434:0:0,4e8149f115932b578612c4a45ab87e8f:0:1790646546,eb1d8780c167d2a075d210dbe447a4bf:1:3018184393,1.0
1389,2,1389,1,legacy,0.0003,0.0,3.8204223281597893,17.593599562570915,0.005615962669253349,0.0619140625,-0.0017375811003148556,0.0011377923161489888,-0.005089046433568001,0.0478157140314579,253,52,207,0,0,0,0,0,0,512,3,0,512,5,0,259,0,0,253,3,0,,0.13755876396317035,4546cb2fed0eac9d03abc122728a605e:0:0,dc8ed9945fe36f3dfafc077bf65ce2c7:0:0,8f0077a0e265c741efbc756f63f08b86:0:0,f21281d6aae4397a25ede97c9fd28a8f:0:2146863779,1b6baf0a94d5f82814f35f2c39a320e0:1:540959680,1.0
1390,2,1390,1,legacy,0.0003,0.0,3.871908062459037,15.929400638861548,0.002903091488406062,0.0568359375,0.0014892961829900742,0.0008794362976914272,0.0014585996977984905,0.04201916977763176,265,44,203,0,0,0,0,0,0,512,4,0,512,9,0,247,0,0,265,4,0,,0.13936517003457993,7b2c99235194fe749b6dbc1a94077c5e:0:0,f2d13821fe94c78aed74c72444de01fe:0:0,56e2b174af2bac9ee1695465cf4902e2:0:0,9b15be908f42c5c1eb0d21ba382c968f:0:2866657613,eaa1b83c8cc70b9b11fd3b287ce33b1a:1:3609249084,1.0
1391,2,1391,1,legacy,0.0003,0.0,3.81817701767114,17.2637564512929,0.0021706167608499527,0.051171875,0.0005474007688462734,0.0012667069328017532,-0.004465379286557436,0.05057845264673233,253,57,202,0,0,0,0,0,0,512,1,0,512,5,0,259,0,0,253,1,0,,0.1393834468908608,c3f2a3bdcd2be35c1d0208fac7c4985e:0:0,1a741b03f023818cd60119aeac703ecc:0:0,96232270d82c35ad98fd840dbd7b6b54:0:0,25054253b458add848f6b4e923c6a28f:0:2880895483,341ba2bca0821da73feb796e02a5a8dc:1:2883084166,1.0
1392,2,1392,1,legacy,0.0003,0.0,3.701209735674274,17.721903742450774,0.009060557931661606,0.0955078125,-0.0027318640146404504,0.0012588676501763985,0.005650659091770649,0.050085678696632385,251,53,208,0,0,0,0,0,0,512,4,0,512,2,0,261,0,0,251,4,0,,0.14896084601059556,3d3f906ba9728080484d445f0dc1b45e:0:0,6336c42a8524aa66874fa633059af4f3:0:0,fe3f062fbc2fee229e32fe3f4ddd9f7b:0:0,a80f1ec93abf0917f82c2a9562a0ae8f:0:387319785,96a6f12c0634f01dd360730ad2a422a8:0:916752021,1.0
1393,2,1393,1,legacy,0.0003,0.0,3.733576296517356,17.128927084096013,0.001733911456540227,0.0703125,-0.004641911014914513,0.0009493720339378342,-0.0035633305087685585,0.04378170892596245,257,50,205,0,0,0,0,0,0,512,4,0,512,2,0,255,0,0,257,4,0,,0.10499075590632856,7fc887a0e9be1c5513ce4ae365fed05e:0:0,e2f0322c904606a716f240154bd8f75d:0:0,036bb21d2eee73704e21f60f37a345c8:0:0,08fcb3dc57559f32022a4a4af4baba8f:0:1119207013,5b8f77c753509fd012d57becaf061db1:1:1510573349,1.0
1394,2,1394,1,legacy,0.0003,0.0,3.7299152438494207,18.320502583411535,0.0048799579963088036,0.050390625,-0.0011276060715317727,0.0010706698056310415,0.0022790725342929363,0.04651981219649315,247,59,206,0,0,0,0,0,0,512,3,0,512,1,0,265,0,0,247,3,0,,0.10270158003550023,192b2db218c575c1c89e3923d07bec5e:0:0,72f7542c92324b9f2ad76462fbf8619d:0:0,79cbbeb0e4a8f78cafcaeea9b37b5959:0:0,b9c2978cd19c0212cd691b95da14c68f:0:811871779,60ca9db9cc5a360d047b470ff2952690:1:3473972580,1.0
1395,2,1395,1,legacy,0.0003,0.0,3.8383285485414373,16.73150790102835,0.003105653915554285,0.0296875,-0.0011250733863562346,0.0009782039764104412,0.0014440367231145501,0.04430253431200981,267,48,197,0,0,0,0,0,0,512,0,0,512,4,0,245,0,0,267,0,0,,0.12284912599716336,824ca5cb9c6a3d8d1e706bbc4d39085e:0:0,87c1ef881bc9eac2036088ad2a68acdb:0:0,b38711398156fc243ecc71c681acaff2:0:0,c346d7724d984b07295be60212aed28f:0:829447990,27a60361dc0c70dadc712375325163d1:0:2248010640,1.0
1396,2,1396,1,legacy,0.0003,0.0,3.7141211270587142,17.319540627637654,0.012289117090404034,0.06875,0.0007915746420621872,0.0012212941248435528,0.00025832734536379576,0.04945450648665428,249,51,212,0,0,0,0,0,0,512,3,0,512,4,0,263,0,0,249,3,0,,0.14184224198106676,0041905ebb3cb20957927f48dc36245e:0:0,daf8ad5c986d7498584c21503230c6b1:0:0,ba04753821513442a4cd69e45a3dea7f:0:0,86d6bfe7d3d77b215a71311b9e88de8f:0:649056983,19d03dba223b107c20fafddc03bd2b42:0:4175735553,1.0
1397,2,1397,1,legacy,0.0003,0.0,3.689281482189309,17.541989789681843,0.004579856991767883,0.0392578125,-0.001539381593465805,0.0013956740382127463,-0.0018313839100301266,0.05277642980217934,251,60,201,0,0,0,0,0,0,512,4,0,512,9,0,261,0,0,251,4,0,,0.11296423198655248,e805b505bf555d005cec50657d73405e:0:0,c264df150084f1fb3c3b682396571cf7:0:0,9aa12178cee4c9b8050ca524dbef01e6:0:0,78a09c224a137ede2612c46e7da2ea8f:0:3737538885,70a44b5e00b10b5135976aea89e9905e:1:2508828916,1.0
1398,2,1398,1,legacy,0.0003,0.0,3.8650117748706183,16.689270107382104,0.005889387801289558,0.0564453125,-0.0051027393899858,0.0010860474489163608,-0.001809535315260291,0.04708806797862053,257,46,209,0,0,0,0,0,0,512,4,0,512,3,0,255,0,0,257,4,0,,0.10706521803513169,4a27e28ae220f3dfd9fffbae30f05c5e:0:0,02c554296ca1b9f5c742d949769130f8:0:0,7001ad4a0eb028043518c46f8aca8d27:0:0,579135bfcf0ad509dea5a786affcf68f:0:2971415625,7f3c69a508337d59d2330f9761bc2d9a:1:3542000007,1.0
1399,2,1399,1,legacy,0.0003,0.0,3.8142832179983106,18.662776966927265,0.0076470281928777695,0.0421875,0.0005337474634870887,0.0010130649519851432,-0.0005168887437321246,0.045415934175252914,227,54,231,0,0,0,0,0,0,512,3,0,512,4,0,285,0,0,227,3,0,,0.10518693597987294,4d478667ecba5a2558e9ddbef6ad785e:0:0,32a63f98951164805da42a8713e7b4dd:0:0,c677e12243f229d296e30918fb4d7c36:0:0,0d7039a92c15d8e56f8a21f03597028f:0:1281311499,fbaef33e232673d2ff3e03b5b7c53c71:0:306430510,1.0
1400,2,1400,1,legacy,0.0003,0.0,3.7625799801351563,15.89445587955054,0.005268515087664127,0.084765625,-0.0007614286849275231,0.0010652269091224297,-0.0005652518593706191,0.04615645110607147,259,43,210,0,0,0,0,0,0,512,3,0,512,7,0,253,0,0,259,3,0,,0.11187984410207719,a7158fbeb86ec60a5e609333ceaa945e:0:0,7241ede3cf501003e94a9d3691418dad:0:0,cb1fc8cfbfcd2f0387ef5197f593484a:0:0,5f421369cf05af8b691bbb370e710e8f:0:3913418860,16c5828eb8da34fc32097e632dec9492:1:1898342375,1.0
1401,2,1401,1,legacy,0.0003,0.0,3.7827576664107543,16.904556553698978,0.010071136057376862,0.093359375,-0.0016611234284937381,0.0010045193339465186,0.013196720741689205,0.04717398062348366,251,52,209,0,0,0,0,0,0,512,2,0,512,1,0,261,0,0,251,2,0,,0.14905154996085912,e5b96074fb08077085b4f8a8b8e7b05e:0:0,fda8c7cc8d20a5354fe8b80b8c72c953:0:0,ff2fca9951c6ed3719fa525dde96951e:0:0,dd11476dfed8d8950cb13ae73a8b1a8f:0:1090196872,7c77bf95465d477ec9b3774c1386723b:1:2880858763,1.0
1402,2,1402,1,legacy,0.0003,0.0,3.8116416693382122,16.670167955680082,0.0076061757281422615,0.0671875,-0.004830466397106647,0.0012116505444282667,-0.0018707867711782455,0.04966960847377777,259,52,201,0,0,0,0,0,0,512,4,0,512,1,0,253,0,0,259,4,0,,0.1439552929950878,c944d9c80a78f10d9cd22ab9b564cc5e:0:0,3dc7ef681e9332b2e884b8640c6e16c0:0:0,6f8cce112c69edbafdfad0b9b2b7feca:0:0,048cd7e23dd161ff589ca88cb9e5268f:0:772292535,541011140173f87c0c413bd13973d6ba:0:24523458,1.0
1403,2,1403,1,legacy,0.0003,0.0,3.8569420011937963,17.035824108935515,0.008763877674937248,0.0412109375,-0.002454028674401343,0.0011947637889534236,0.0004340382874943316,0.049625884741544724,255,53,204,0,0,0,0,0,0,512,1,0,512,0,0,257,0,0,255,1,0,,0.10747414000798017,f887f8578387e3d7c03d8602c421e85e:0:0,2c389bbf4c4ced5ced4f57cefe330002:0:0,3c17e2fa43ecb8d733a3a703705952a9:0:0,3ea4cf3a0b78bf50142b4bb38c7f328f:0:465458463,5127eb801f396cacf096fd78cef924ee:0:75770395,1.0
1404,2,1404,1,legacy,0.0003,0.0,3.8947798358868244,16.80667138032288,0.011846193112432957,0.079296875,-0.0056540511781349775,0.0010194149828748778,0.0007011770503595471,0.045530714094638824,256,51,205,0,0,0,0,0,0,512,3,0,512,5,0,256,0,0,256,3,0,,0.10925687605049461,1854f64fff137cb17716a71fe51f045e:0:0,e7eaf225beaac9693212c818eba3a908:0:0,f819335a9fe9e51e7c6fca11fa0b7285:0:0,38b9a6af791d43fadba5abe7b2593e8f:0:4124544112,eaef9286a42a50b9545753c844c6a1e9:1:2922402744,1.0
1405,2,1405,1,legacy,0.0003,0.0,3.880906667488873,15.722111287338292,0.0045057195238769054,0.0986328125,-0.0001394979190081358,0.0008819934591883793,0.004772871732711792,0.042731840163469315,256,39,217,0,0,0,0,0,0,512,2,0,512,1,0,256,0,0,256,2,0,,0.13331880699843168,ea618909418d6455cf176aad185c205e:0:0,b97b9b5a16db7b23a447a78c2d9cd848:0:0,1eb3fc5d23b308fc4d6ebf35ca70b21e:0:0,094ee658435541062c4f90b52b734a8f:0:1228955067,b2e689d22ae1dd383f11483b56560966:0:513264509,1.0
1406,2,1406,1,legacy,0.0003,0.0,3.765111848117022,15.993161137964362,0.005785428453236818,0.098046875,-0.0023406140971928835,0.0010807469807332382,-0.0036998754367232323,0.04687118902802467,260,49,203,0,0,0,0,0,0,512,2,0,512,2,0,252,0,0,260,2,0,,0.14112798299174756,cba88a15904741847893ed465dd93c5e:0:0,f627c85c1288bedd970fbce26fb7d2b5:0:0,21fc048c35d331d880855d417be79305:0:0,89bd0fb86313c5f0706801a7f7cd568f:0:3845629151,eb12706b3e9159d4d3065fc93238f299:0:84666499,1.0
1407,2,1407,1,legacy,0.0003,0.0,3.7288246108651926,14.980342292673798,0.009373935870826244,0.058984375,-0.004808450466953218,0.0010107983282068745,0.0037505703512579203,0.045421697199344635,274,35,203,0,0,0,0,0,0,512,2,0,512,1,0,238,0,0,274,2,0,,0.11138270003721118,e3c1326a182dcd6de27a8b87b596585e:0:0,c4a992874f9176c807c75b7dc4deaf3e:0:0,cd2484aa4b4eeaad3846747aca3a8e6e:0:0,455aa30548db04d50b29464c1767628f:0:858597177,573a09720675e3a8a521961555052bdf:1:2252586896,1.0
1408,2,1408,1,legacy,0.0003,0.0,3.9111311532659703,16.219485825810295,0.0033305888064205647,0.087890625,-0.003757017059251666,0.0009432347083929926,0.002902738517150283,0.04375527426600456,250,41,221,0,0,0,0,0,0,512,1,0,512,0,0,262,0,0,250,1,0,,0.1026098249712959,c94e00f2918e0a5f5653e20d1f93745e:0:0,d7098638d36bc4a3cb0bb44dc7734d6d:0:0,75d5e844090abfeb936f620a0285e395:0:0,463fda98349859d164c8e62d8a416e8f:0:2611941755,7d37cd52d495c56f2fb60fade4dd2530:1:1620164798,1.0
1409,2,1409,1,legacy,0.0003,0.0,3.814071708608359,16.170583787369107,0.007585507817566395,0.105859375,0.005115342466160655,0.001016240572789684,-0.0036531263031065464,0.04548308253288269,239,43,230,0,0,0,0,0,0,512,1,0,512,2,0,273,0,0,239,1,0,,0.1034346210071817,7dad748c8c809caf1442cd729bd0905e:0:0,3e75e2080dd32cca628269806b21b01f:0:0,98c23286081ac57386c3f09f82b5f056:0:0,d3648f595cb5f5a9f677a8d8505b7a8f:0:846729422,18e07548fc225e0810a9c34c73536fbf:0:3693160152,1.0
1410,2,1410,1,legacy,0.0003,0.0,3.7442594765160377,16.79064665822798,0.0074941543862223625,0.0287109375,-0.0001519884681329131,0.0011381868709577248,-0.0012311566388234496,0.04798855632543564,250,52,210,0,0,0,0,0,0,512,2,0,512,6,0,262,0,0,250,2,0,,0.10320934699848294,9db9ec11119745e86f046a542a4dac5e:0:0,fa0f9246f1e7a42c8e7261197e2f50d2:0:0,0805289f4ae33595d98b7b5699c5fad7:0:0,d6a39c38d6ee2baf566195d869b5868f:0:273614330,15e9ac87cf5010e25499fd43686a2ef8:1:3523969678,1.0
1411,2,1411,1,legacy,0.0003,0.0,3.8566103773639835,15.312847817171239,0.0055570234544575214,0.0708984375,-0.005365595524199307,0.0009538000478642062,-0.002229538280516863,0.04392034932971001,271,44,197,0,0,0,0,0,0,512,3,0,512,3,0,241,0,0,271,3,0,,0.10781312792096287,b0e445bd82688237e7f0154dcb0ac85e:0:0,34cf40b83250cfa7c6bdc075cc10ebe9:0:0,3031b43cfdbe9a7371d9f1735a073875:0:0,0e6b0615756c62e343adf4b9d64f928f:0:2310594133,da3f89b8c2e219c75d96f6dfa0a85aba:0:2784861577,1.0
1412,2,1412,1,legacy,0.0003,0.0,3.7942914243660204,15.771094894312476,0.0065748924389481544,0.058203125,0.001286757504567504,0.0011548893089639023,-0.0005179103463888168,0.048083364963531494,262,59,191,0,0,0,0,0,0,512,3,0,512,2,0,250,0,0,262,3,0,,0.11177199403755367,cd8e39f6e59548174af76afb7e07e45e:0:0,440f22bc21e1ec533ac3156863953f2e:0:0,85b0a2c80421ce19995c4c1c9b8e602b:0:0,59cc28bd0ac7aa5db27f4d0896299e8f:0:3100855214,2a02cbe263fa319af9cfd68a85f9155b:0:812970823,1.0
1413,2,1413,1,legacy,0.0003,0.0,3.740374892185194,17.288608986394483,0.003656032495200634,0.0470703125,-0.0013790046330541372,0.0011092047847341747,0.0056938910856842995,0.04767278581857681,255,57,200,0,0,0,0,0,0,512,0,0,512,0,0,257,0,0,255,0,0,,0.10589072399307042,8b7dec0d09e4ea39caa647f94345005e:0:0,7d78254d45d2f225cea0df8cd1c6d66a:0:0,b87284594b51a6049ec8dd981080b6fa:0:0,497b30fcc762f0f1d7f36650a943aa8f:0:1453303714,c0a864fe05fc4946c6fcb676ebe5709b:1:3532189209,1.0
1414,2,1414,1,legacy,0.0003,0.0,3.739572140902525,16.383554761545316,0.007067360915243626,0.0654296875,-0.0007351705804467201,0.001315278053516522,-0.0037422229070216417,0.051671888679265976,247,49,216,0,0,0,0,0,0,512,0,0,512,0,0,265,0,0,247,0,0,,0.10594368597958237,a5d3c64d2c131bb81c22c8e31ac21c5e:0:0,77c62ee872c16e39c9dd8204aac86e66:0:0,e609d3c58bac5f841ea8e78867270c66:0:0,a0593f03a2bee0133623481e0f9db68f:0:497886038,5cbb07409a180b503ea5e8f84ebcfbe5:1:1239509700,1.0
1415,2,1415,1,legacy,0.0003,0.0,3.791503718041192,16.509449536217204,0.010212725959718227,0.1037109375,0.008366643823683262,0.0012784204911440611,0.003629131242632866,0.05107515677809715,259,60,193,0,0,0,0,0,0,512,1,0,512,6,0,253,0,0,259,1,0,,0.10690938797779381,ef566d5e0aec167c932d4a55047f385e:0:0,3ab098accfb0140283a425f2e2fd2958:0:0,4d51e5eb5bb1a7e4b3fb1d38ff0abeec:0:0,85a0aba4034959faa82339fcc937c28f:0:1698647482,06ab5e2b1c318706b679c2e2ec357f58:1:1483296356,1.0
1416,2,1416,1,legacy,0.0003,0.0,3.8300846655343053,16.94354853255315,0.006027514114975929,0.141015625,0.017014507297426464,0.0011274000687990337,-5.430472083389759e-05,0.04878218472003937,246,54,212,0,0,0,0,0,0,512,3,0,512,4,0,266,0,0,246,3,0,,0.12662404600996524,886e69899552e3ef3e2068eb007c545e:0:0,d46132952b985ce76bd7a43524c0dfcf:0:0,1ff88e1d590b18dbca86142d661d0463:0:0,ccf7164d17369b0b6e02c378d611ce8f:0:3131488292,f06a679e516e9d648b3fcf66195a6916:1:3042611076,1.0
1417,2,1417,1,legacy,0.0003,0.0,3.767433382153854,16.34707581270898,0.005409538745880127,0.04765625,0.0009270854527130723,0.0011344061087584123,3.955455031245947e-05,0.04837768152356148,261,60,191,0,0,0,0,0,0,512,2,0,512,1,0,251,0,0,261,2,0,,0.14360418799333274,d00c13429dcdc7e201f101410eb9705e:0:0,2d3c626b15a9180017598f29179f780f:0:0,e7d7049b5927eae20f07a1a142ba3908:0:0,d8c518df90effe7838ccac1e362bda8f:0:651363995,b2643adce96835df3dad7c1a7d77144d:0:1818837490,1.0
1418,2,1418,1,legacy,0.0003,0.0,3.760535682505753,17.70497087219427,0.01135572325438261,0.0765625,-0.006349592562764883,0.001194551622029394,-0.0008626194903627038,0.04903850704431534,230,50,232,0,0,0,0,0,0,512,4,0,512,4,0,282,0,0,230,4,0,,0.11427910497877747,822e5adf3f34cdbcb62e2ff32f368c5e:0:0,7b0e10027940cc06519c3bb86749cb4c:0:0,39b03613adf006c71c7f2412f7d984bd:0:0,2c7fc1ccb9a466283686fb78e985e68f:0:350445351,f76824b627a52b4a284866b1fe2b59af:1:4177662014,1.0
1419,2,1419,1,legacy,0.0003,0.0,3.888775609815978,17.18076352490796,0.005545829422771931,0.1037109375,-0.002210299368016422,0.0009731344092870131,0.003705071285367012,0.04409513249993324,252,52,208,0,0,0,0,0,0,512,1,0,512,4,0,260,0,0,252,1,0,,0.11011229804717004,12182a2ade1e77e94101519d61f3a85e:0:0,a7828a7217af45c6fff6344d8b49f822:0:0,926ad2cdb4fabc6fdba13da7c6ba3a75:0:0,ba4c443a0c8645dc1e32f914f01ff28f:0:4105957990,a40c8b600ca067e51cfe072193eeb66c:0:550479720,1.0
1420,2,1420,1,legacy,0.0003,0.0,3.7857357490393855,14.430496736339782,0.017363112419843674,0.078125,-0.0034321185667067766,0.0009733355196658522,-0.0011204190086573362,0.04491541534662247,276,42,194,0,0,0,0,0,0,512,2,0,512,3,0,236,0,0,276,2,0,,0.1064485110109672,bdb4611cf2a6917fb32e02dba6f0c45e:0:0,4801eb51e63c77d45dc3bc9c3146ec90:0:0,485370d79458b89aeb5e68200dc9a3b6:0:0,44d2a92ecd4351933bcd2c7e49f9fe8f:0:1468940175,ffa713291917b7f6f45e2ece5cb8d58f:1:401767374,1.0
1421,2,1421,1,legacy,0.0003,0.0,3.7714581961111495,17.654197649255977,0.005249235779047012,0.1212890625,-0.0034315772354602814,0.0015852637880016118,0.007167974952608347,0.05883193761110306,245,57,210,0,0,0,0,0,0,512,2,0,512,1,0,267,0,0,245,2,0,,0.11330662399996072,4d75cdac062b223264122049fe2de05e:0:0,615919edd1fe7eefe41028ace945b12e:0:0,153d62555ced6fa9a8de319f4bb602e2:0:0,c670b41c4c41cf307c4d5d40f7140a8f:0:4105067946,1b372a1d2b4407adc30b72e83c58c73c:0:1197535587,1.0
1422,2,1422,1,legacy,0.0003,0.0,3.7904776326477503,18.063384312356256,0.012895707972347736,0.1109375,-0.004203962674364447,0.0010615144215989857,-0.0006804258446209133,0.04699916020035744,250,54,208,0,0,0,0,0,0,512,2,0,512,4,0,262,0,0,250,2,0,,0.11213629995472729,2268f95e909b847a0da5c68467aafc5e:0:0,b8f040b24b715d5661e670add1b28cd8:0:0,a089f77c5f13b9d3960ca82fb1384ace:0:0,a58aa05ccb2f8b5f79a692e8f76e168f:0:1511923918,5aadeeae3a024b03c59b1531a1d118f5:1:1297078908,1.0
1423,2,1423,1,legacy,0.0003,0.0,3.7358809090068945,17.539544694910724,0.001780562219209969,0.094140625,-0.010246398625895381,0.0012152579292887822,-0.0020322445780038834,0.049398574978113174,251,62,199,0,0,0,0,0,0,512,3,0,512,1,0,261,0,0,251,3,0,,0.1495058520231396,4d713de5a0f59e01e87b5226e368185e:0:0,7df7b6b5024f5799799e78f555bc3d3d:0:0,7287c13a3a99b7c8bf4a2bfe8eedbb75:0:0,85b3dc90346e71b986c715024b08228f:0:1068706203,e0986093c2f4eecd7f335c111fa41df4:1:2872869597,1.0
1424,2,1424,1,legacy,0.0003,0.0,3.880349006978449,15.414759354356434,0.009518885053694248,0.056640625,-0.0017414816422387958,0.0010598674794891848,-0.007363263051956892,0.04604896903038025,266,37,209,0,0,0,0,0,0,512,0,0,512,4,0,246,0,0,266,0,0,,0.11008760402910411,210944b77c8d3a53c7bf5fcd7165345e:0:0,350e2ffe3ae108b65ddef37603bf51a6:0:0,0c06473e9de0b589a063c54f0619a47c:0:0,b216740917eac82abb986b18f1e22e8f:0:4045299854,1d1500cff064847668b85421e3d0958e:1:4041956009,1.0
1425,2,1425,1,legacy,0.0003,0.0,3.6808631334549453,16.946341739039838,0.01202234998345375,0.0955078125,0.001554241101257503,0.0010115921235410497,0.004015060607343912,0.04501579329371452,257,45,210,0,0,0,0,0,0,512,1,0,512,1,0,255,0,0,257,1,0,,0.11397067701909691,3498e44aa0b987c43538cc1411a2505e:0:0,ec9149773f44c952d804fad6af7276cc:0:0,fb003a4ffae32445a8c0408b8dc60fe2:0:0,621c6dc79fe70d9700ff5cb8ebfc3a8f:0:456595554,b7f5387e50e6b8c3341cb73410acb1e1:1:2052194896,1.0
1426,2,1426,1,legacy,0.0003,0.0,3.7597395700007983,16.515319641507766,0.0073449877090752125,0.0634765625,-0.002763747505377978,0.0010668531933333725,0.0008503941353410482,0.04608946293592453,259,47,206,0,0,0,0,0,0,512,1,0,512,1,0,253,0,0,259,1,0,,0.11246262292843312,57c7383bd284b69e8d48b396c41f6c5e:0:0,db2c1edf3acb625e515d1d6c4b3d0529:0:0,6126a0887f6f375665e91398e1dda00a:0:0,692b0bcb70497bbf1cdbf16e3956468f:0:1204767773,291de1fdf54f8b86a6de71f41d9e3aab:0:1264840932,1.0
1427,2,1427,1,legacy,0.0003,0.0,3.6685052978705155,16.542509951318763,0.006268377415835857,0.0591796875,-0.003667434398084879,0.001226657076040283,-0.0030752713792026043,0.0495438389480114,263,51,198,0,0,0,0,0,0,512,3,0,512,2,0,249,0,0,263,3,0,,0.10726966499350965,af5fd85427f9ba911aea72f188dc885e:0:0,d30c0ce7c5c94ec4501e674fef32fa2f:0:0,a86e551bddab1daa874473125a37edec:0:0,307c84d0a2f72c65be0970c4d9f0528f:0:4004046687,6771c495a5d301c2bda7e9fe5239d745:1:4117447661,1.0
1428,2,1428,1,legacy,0.0003,0.0,3.748163402096414,18.21137111876667,0.03334581479430199,0.10078125,-0.005945403687655925,0.0012132866599131376,-0.0007452559657394886,0.049652084708213806,241,46,225,0,0,0,0,0,0,512,2,0,512,1,0,271,0,0,241,2,0,,0.11033862200565636,56ad350e36ac2e5933b3a6c05fd9a45e:0:0,3fee1d7a94cf7c4d8c8d1da3974c63f1:0:0,1e76d93317eb478d7ebec1854ed2e8d2:0:0,1a118dd753c8e1b4885e6248cdca5e8f:0:3997777854,900e0eb7d39230753b97b63c86add679:0:3042180704,1.0
1429,2,1429,1,legacy,0.0003,0.0,3.952549642668155,18.449749937446413,0.010603160597383976,0.0513671875,-0.009730445733293892,0.0012866405537351965,0.0010355529375374317,0.050688486546278,238,53,221,0,0,0,0,0,0,512,4,0,512,1,0,274,0,0,238,4,0,,0.1264312620041892,99d05ee3d31659af53d42b9f4916c05e:0:0,2121b83cda5d6f9ac44511c888f69b93:0:0,b559760d545ce5b271b8bf9fd901c15a:0:0,9090d0206ea571e120ac8d8614e46a8f:0:1738805686,f7e47ee008023a1bd751ee1908058e51:0:95193032,1.0
1430,2,1430,1,legacy,0.0003,0.0,3.894307432171656,15.926708472388883,0.007433248683810234,0.059765625,-0.003650209680199623,0.0009264257212635129,0.000137647264637053,0.043270502239465714,273,51,188,0,0,0,0,0,0,512,2,0,512,2,0,239,0,0,273,2,0,,0.17005482607055455,61dfd8580c6959733a161e2a4493dc5e:0:0,f630189253b6b8e265ef8271e5ad4f0c:0:0,e6b90411eb4e45dd58395634eb8d0171:0:0,04f73b95b24dd61238c0fa08af3e768f:0:2652627150,554095ce0b06fb93402dbb669aae8c7e:1:1136617643,1.0
1431,2,1431,1,legacy,0.0003,0.0,3.7772236596913196,17.27871659092135,0.009720430709421635,0.0685546875,-0.0005749928764998913,0.0008958660066127778,0.00671883299946785,0.042917534708976746,253,51,208,0,0,0,0,0,0,512,1,0,512,2,0,259,0,0,253,1,0,,0.17262964497786015,ecb3895b506b6a1803dddafd5250f85e:0:0,81bc42132e4305f5b3b21d782229ba4c:0:0,cb02aab54d7942d3c02c0d113d4c724c:0:0,e37904de1a66dc849b63ef5c9cd8828f:0:451641990,2f3d6466bda2eefa1547ae861c56efae:0:713510745,1.0
1432,2,1432,1,legacy,0.0003,0.0,3.779716257109665,16.808599965428606,0.006205577868968248,0.0625,-0.002428682893514633,0.00118455407791771,-0.005179045721888542,0.04969894513487816,259,64,189,0,0,0,0,0,0,512,3,0,512,2,0,253,0,0,259,3,0,,0.173313056002371,9a7b7d51e30054504929feb4724e145e:0:0,fd69f92f8766af2a782151d4a0c0d24a:0:0,f9a0136c8de222866ef19c0b3a23d6e4:0:0,102009ab234c7df03858f50dddb28e8f:0:4068970442,2f41b3a5535307d127f7099942b59773:1:339810007,1.0
1433,2,1433,1,legacy,0.0003,0.0,3.7101716650181764,18.120705748116837,0.016325710341334343,0.090625,-0.0008954704040661454,0.001312885622610338,0.0022505242377519608,0.052080295979976654,261,64,187,0,0,0,0,0,0,512,2,0,512,2,0,251,0,0,261,2,0,,0.1691083919722587,acd1c3af14f7fbfa389365eba48b305e:0:0,86500ecb435b8e175fb07e39cfe9d0f8:0:0,16e31c87100c7eb937291c3b83aae719:0:0,b4d14d169a3ad62d305ed2a871cc9a8f:0:4260847538,85dc94a622dec715fe308cff197bc246:1:2647818921,1.0
1434,2,1434,1,legacy,0.0003,0.0,3.937786277536606,16.333502657815323,0.030896296724677086,0.06796875,-0.0047509291674941775,0.0010018946486525238,0.0022464513313025236,0.044825050979852676,262,56,194,0,0,0,0,0,0,512,7,0,512,2,0,250,0,0,262,7,0,,0.16958999389316887,782595c1e5bf114bb34d2d3ee9084c5e:0:0,8eb5f7e06aaab8032beddd52e6bf6dfd:0:0,25a87a4fca695da19e7d1b9e4ced7ffa:0:0,08b04133ec58c018e12f8fb85926a68f:0:4201116578,58f90bfeb444c03ea8308dc784d185eb:1:1427593155,1.0
1435,2,1435,1,legacy,0.0003,0.0,3.7136632266585594,16.98714272550468,0.004322731867432594,0.04921875,0.0005343109834939242,0.001425069390097633,-0.005711473058909178,0.05463086813688278,268,56,188,0,0,0,0,0,0,512,7,0,512,2,0,244,0,0,268,7,0,,0.16905375197529793,f366caf9fb8de43e6924b14a3fc5685e:0:0,c0f3f2ba01c06af9733ec52e22dd0f75:0:0,ad29f6f8ae89ef80b379d34185c03f81:0:0,2f93a243273014baf18073c993c0b28f:0:3334193786,efd37d560d720d16af46ff763e1d65a1:0:313541638,1.0
1436,2,1436,1,legacy,0.0003,0.0,3.7949403699096065,16.001832946681517,0.0071391151286661625,0.0787109375,0.001508645061403513,0.0011902810365427285,0.0035988949239253998,0.050414077937603,269,55,188,0,0,0,0,0,0,512,4,0,512,1,0,243,0,0,269,4,0,,0.1673407891066745,f4fca7961db15a3bf4818ea9a8c2845e:0:0,e49a8ddfcd3cf58be6e53a5ccbab874a:0:0,b67e4584a6889524b9803a175b06455f:0:0,52acc33f1d1f8daa5d020668219abe8f:0:1395806458,fd76e6bcf796146edb44b34a87c0087d:0:1281666028,1.0
1437,2,1437,1,legacy,0.0003,0.0,3.943535415343061,17.18840737970575,0.004969707690179348,0.0572265625,0.002116039488464594,0.0012160952930571512,-0.008532430976629257,0.05048719421029091,264,43,205,0,0,0,0,0,0,512,7,0,512,2,0,248,0,0,264,7,0,,0.11077688203658909,f99230579c8a0609f665a1f923ffa05e:0:0,fde1f0e8627c413b995bfef2059dd030:0:0,30d72570e90f84176d27bc169bb30650:0:0,94df52cb60524ab280600f2002b4ca8f:0:1528247297,4b26d58ce046311d30c4526db9639fff:0:1807261432,1.0
1438,2,1438,1,legacy,0.0003,0.0,3.7216053128469713,18.22231005332673,0.0068236663937568665,0.037109375,-0.0021794255822896957,0.0015193882369203492,0.0006897764978930354,0.05651665851473808,241,55,216,0,0,0,0,0,0,512,3,0,512,1,0,271,0,0,241,3,0,,0.11140697100199759,3b5c688052dd61f6326d07d4b17cbc5e:0:0,37e525853cde9715727cc967752516fd:0:0,4590c9c6961ee43f95a875550b65122a:0:0,78d4d2d206c8fab82541957d370ed68f:0:3340284125,93f32584d20a7506b675f0a2210adc09:0:1865419408,1.0
1439,2,1439,1,legacy,0.0003,0.0,3.7349434982431844,14.361964446541432,0.004874263424426317,0.068359375,0.0007896661292761565,0.0009225286063156091,0.0029713022522628307,0.043028026819229126,291,38,183,0,0,0,0,0,0,512,5,0,512,2,0,221,0,0,291,5,0,,0.1066091189859435,5974360b2c152c42aace1cd85139d85e:0:0,bcb3af342674063ff8ea6b95fc46e13d:0:0,8398ce3422e67853149f337b3c85f0fe:0:0,a7d43c6c6a00a7de8e48e10bbea8e28f:0:3018478626,647829acccb991a86b4dcfeceaa47062:1:250668295,1.0
1440,2,1440,1,legacy,0.0003,0.0,3.7117170163536257,17.23074598125416,0.010126149281859398,0.0583984375,0.000333693390712142,0.0010393605829449371,-0.003105233423411846,0.04549754410982132,270,59,183,0,0,0,0,0,0,512,5,0,512,2,0,242,0,0,270,5,0,,0.10846276697702706,08ee1ab95b08e5d1bc597da00336f45e:0:0,42911350c4df7501dc76d46c5701bca4:0:0,54fe65391a3bc61a0e5b6bef149acab9:0:0,ba1394fd54c326ec831379579982ee8f:0:3064673543,95532c0ceae06660fb1a7b278c70e321:1:1530168362,1.0
1441,2,1441,1,legacy,0.0003,0.0,3.7840393818655604,17.180172138660808,0.0035751606337726116,0.0873046875,-0.004183332435786724,0.0015177539782598615,-0.017900098115205765,0.05945479869842529,248,54,210,0,0,0,0,0,0,512,3,0,512,5,0,264,0,0,248,3,0,,0.10887789202388376,76c57f38aced73123a7a06c7c774105e:0:0,3ff6294e100c232da4ebcf4cce000fe4:0:0,bc11b9c9a6630521e06c50fdf5800d46:0:0,9ed690ae51ad29f15c3a25ecc79cfa8f:0:2234278822,9bca8a504feb244d6b46005d92099c8e:0:930581219,1.0
1442,2,1442,1,legacy,0.0003,0.0,3.8404631267248925,18.140224888281065,0.004333194345235825,0.10078125,-0.0031123281922191383,0.001104129877057858,0.0036784952972084284,0.04801146313548088,250,54,208,0,0,0,0,0,0,512,1,0,512,2,0,262,0,0,250,1,0,,0.11159357300493866,54b7f851a406df2b8b34d4eb9df12c5e:0:0,2bfd0af91a4552ccf6b40fcac13226dd:0:0,c8ab0faf41a43f3db8d064c72b855bbf:0:0,7f7ac1cd0cf5f62a0f50ee5748f7068f:0:2282086730,e9a5767ccd7b0526a44f60b3fddf65f6:1:2055582668,1.0
1443,2,1443,1,legacy,0.0003,0.0,3.7846927982762866,17.595602596695148,0.0013005882501602173,0.0634765625,0.00016229348257184028,0.000993997129262425,0.000250005628913641,0.04552343487739563,250,55,207,0,0,0,0,0,0,512,9,0,512,2,0,262,0,0,250,9,0,,0.11349097499623895,360eb4b645b84169c32944a786ae485e:0:0,efd1c03561b1b11e96f5e88209a597d9:0:0,0fc69b1b3fcb290d9f8dc275aa22a8ca:0:0,67cf43d0fc04bd263ae71a231d91128f:0:3403142318,1f01e6fb004e9e5e2c95abee1837a0bf:0:3261540506,1.0
1444,2,1444,1,legacy,0.0003,0.0,3.8771343507837814,17.445077229499994,0.003766000736504793,0.0322265625,-0.0036628182977437975,0.0010114268952747807,-0.0016183038242161274,0.045179955661296844,248,47,217,0,0,0,0,0,0,512,5,0,512,0,0,264,0,0,248,5,0,,0.11019913596101105,165124b4c78dc4e9c190f29781ab645e:0:0,dd05385ba2e76ab154b749d464c5df82:0:0,2a68eee53fe2d46a2ae3eb2d8cf5f5f7:0:0,93034c1cbd5f992d328730dc456b1e8f:0:260262010,91588ec519bfa6064b32e5ec01a2bf27:0:2441204114,1.0
1445,2,1445,1,legacy,0.0003,0.0,3.899202792700405,17.952783412981212,0.001522520207799971,0.041015625,-0.002836793288588524,0.001067226455779746,-0.004765892866998911,0.04656277224421501,255,51,206,0,0,0,0,0,0,512,4,0,512,0,0,257,0,0,255,4,0,,0.11039953690487891,d533ebbb86dcd2854c3fbb578ee8805e:0:0,c8e7e8b679239511c4b17dbe12d49981:0:0,da2d2b51775532a2c054329ff1b38deb:0:0,ea5491d9e3802ce30ab6fa0ec0852a8f:0:949679560,1037ef8a2b58f5c391eb05b0716b1a12:0:404606627,1.0
1446,2,1446,1,legacy,0.0003,0.0,3.702880431715971,17.90755415414882,0.008177676238119602,0.0509765625,-0.0026969655882567167,0.001258457961375825,-0.0012377059319987893,0.050550058484077454,258,54,200,0,0,0,0,0,0,512,2,0,512,5,0,254,0,0,258,2,0,,0.10798268904909492,530a4645f6965cff2ba3bb83ae659c5e:0:0,0ddd9cbd7fd18f0e6c7286acc5a710a3:0:0,b9fc3f50e461dd5bee9f00262845252d:0:0,fcb411991d19e62da4f77d468edf368f:0:2961627583,2901f43f30e80c3eef1b746cf2c2d5a9:0:1710327456,1.0
1447,2,1447,1,legacy,0.0003,0.0,3.674167611722317,17.57651789392205,0.008503914810717106,0.0724609375,-0.003618632536381483,0.0012101200671168044,-0.002829435048624873,0.049391306936740875,253,48,211,0,0,0,0,0,0,512,2,0,512,2,0,259,0,0,253,2,0,,0.10816574399359524,d9ce45746ee74f6f46c54fb7e022b85e:0:0,463e2317e4168ebcf6794e1f081e11f2:0:0,7da267e513f0c2aa75b09fac3ca838e5:0:0,701550abed5de459bbc5020fb079428f:0:3528093036,a17a1cef285e96a880ff9e64a44d0be0:1:2341213085,1.0
1448,2,1448,1,legacy,0.0003,0.0,3.656392504481265,18.09224173484305,0.010887162759900093,0.0517578125,-0.003127252962440252,0.0012212611618451774,0.006676857825368643,0.04985041171312332,258,55,199,0,0,0,0,0,0,512,3,0,512,4,0,254,0,0,258,3,0,,0.14341957797296345,d2bd943b0a431deebf471490241fd45e:0:0,c6c022525a06d8c52ca159e520d12434:0:0,b565fd584d0a89f8305fec0f1f04c466:0:0,9949ef7866c8817fee970ff625534e8f:0:957247295,10cf04fdd4fa68eca0db663d0716f4f8:1:1258374700,1.0
1449,2,1449,1,legacy,0.0003,0.0,3.831493306776479,17.743925639892556,0.0036079497076570988,0.0216796875,-0.0011332598514854908,0.0011558898142538965,-0.004639274440705776,0.04931581765413284,264,52,196,0,0,0,0,0,0,512,5,0,512,1,0,248,0,0,264,5,0,,0.1041136150015518,a1cce8bdfb7478840d65e6a87a5cf05e:0:0,2be1f3db9e857a015aa8a7c4e8c06d45:0:0,02dd25295db7c24ba27cbf86c94e645b:0:0,796911529b047f29cde06e85ed6d5a8f:0:3651442330,cd836a12cdcf8d62cc7610d3cfd5b133:1:2941788227,1.0
1450,2,1450,1,legacy,0.0003,0.0,3.8392526992559954,16.53648762968032,0.010552376508712769,0.0578125,-0.004367695795372129,0.0010224257071968167,0.0028341365978121758,0.045391105115413666,264,48,200,0,0,0,0,0,0,512,0,0,512,4,0,248,0,0,264,0,0,,0.11064882297068834,1113cf1c0850204f1bf8e29ce2da0c5e:0:0,866fb3e6cb53d154a63c0ba3100e038e:0:0,f33413fb8e7d6b1713315a589bf0c78a:0:0,cb0fe3b2b26fd636e70f254b08c7668f:0:834563754,1bc458d311d7b5b90b6b131819607bcb:1:3359817007,1.0
1451,2,1451,1,legacy,0.0003,0.0,3.806425454270438,16.190501123641553,0.009324001148343086,0.115234375,-0.001215578825213015,0.0012644118221942335,0.002527585718780756,0.0508606880903244,268,45,199,0,0,0,0,0,0,512,1,0,512,1,0,244,0,0,268,1,0,,0.11123519402462989,310d219214a5def5647165095d97285e:0:0,b7619e8791684fe5d8acd37c1deb5fd8:0:0,b77a951064f3896f35b50912000699fb:0:0,01865de9ddce2a01d08c7bd17761728f:0:3507103288,9fd0e6f8714d2c47299f82a9fcb0ce25:0:2736520132,1.0
1452,2,1452,1,legacy,0.0003,0.0,3.664941010426252,17.229005398354413,0.0072324140928685665,0.076171875,0.003466063435189426,0.0008844445925205946,-0.003512356895953417,0.042550940066576004,246,37,229,0,0,0,0,0,0,512,2,0,512,7,0,266,0,0,246,2,0,,0.10637570009566844,295e448ce90ba04e0adb0a89ea94445e:0:0,4edb1dffb4755eaa0a3b9d956beebf18:0:0,5488fbdfffaf3e28647d3550eaf216ed:0:0,13412dc394b4dec535bcf9a5393b7e8f:0:2725240134,43bb6dc0a5fccdd1ac58f55a54333d14:1:4039503843,1.0
1453,2,1453,1,legacy,0.0003,0.0,3.8151601732091347,17.440529760196586,0.006185028702020645,0.0359375,-0.001993420114740729,0.0008583761344198137,0.0029239272698760033,0.04153561592102051,257,50,205,0,0,0,0,0,0,512,5,0,512,2,0,255,0,0,257,5,0,,0.10548136197030544,5b081be8a11eae4df9dbafba89d1605e:0:0,03216ab7a5a719f3bbf89439b8035483:0:0,116ffa2d790296aefa2c32eec2eb967e:0:0,9397accbd33cd340e30066524e558a8f:0:2580977052,3a4d0faba46adf2ea06dbb34caaa5e2b:0:68577410,1.0
1454,2,1454,1,legacy,0.0003,0.0,3.768617319903162,17.274142293776862,0.0025710822083055973,0.062109375,-0.0029963058303110303,0.001063113147392869,0.001298234798014164,0.0465119443833828,266,50,196,0,0,0,0,0,0,512,5,0,512,3,0,246,0,0,266,5,0,,0.11548115604091436,9ab0a9476cd70f33feb371373b4e7c5e:0:0,0c3e8c37f5daca18a6f53ac001062751:0:0,9c2a9640ef11dabae67246b5a537f726:0:0,f012ad3e4985bd9ed1b1c964b6af968f:0:439764399,3057304325c36726b537ebd6e23d2f44:1:2250790413,1.0
1455,2,1455,1,legacy,0.0003,0.0,3.758523540941051,16.074365978015347,0.006553988438099623,0.075390625,-0.0030120689189061522,0.0008989898313302546,0.001342753996141255,0.04271860793232918,272,49,191,0,0,0,0,0,0,512,5,0,512,4,0,240,0,0,272,5,0,,0.10597800393588841,625b5a13908905f4e53cab9bff0b985e:0:0,3aa5ca0da9a06c51fc0f64b60a7ad940:0:0,aee42df671791be2a37cbd9401dcc4d0:0:0,8fb6ecedaf972b9834276a687249a28f:0:3149648162,63816f1bf203bf3576d6082d37e8dcff:0:3949185557,1.0
1456,2,1456,1,legacy,0.0003,0.0,3.805854738663931,19.04769154792336,0.005377942230552435,0.0396484375,-0.0007407706463709474,0.0010435563890496269,-0.0025724293664097786,0.045753587037324905,238,62,212,0,0,0,0,0,0,512,2,0,512,5,0,274,0,0,238,2,0,,0.10819162696134299,d7a83e6acf30b4e793ebfb84d508b45e:0:0,564064cd2fc688b006b39c24a70db6d7:0:0,f49a1483a750b8135c412991761bb7cb:0:0,095c07bdb02b25da81b2d0e98123ae8f:0:1648080341,30af6a98f68493731ca1c46c97a4cc93:1:4261593322,1.0
1457,2,1457,1,legacy,0.0003,0.0,3.843290542140486,18.388464306446874,0.008533909916877747,0.0974609375,-0.007407807186245919,0.0013122460164595394,-0.003840194782242179,0.05150957778096199,252,59,201,0,0,0,0,0,0,512,4,0,512,4,0,260,0,0,252,4,0,,0.10853379301261157,98cfb0dbaaa3e2b127d03d8dbd45d05e:0:0,0bdd1b4fcbdd616c6ab632b8450f844e:0:0,a6ee0732f7d53437ab7c9f31b193eee1:0:0,9cbeda951cee76ac82a0c473e33dba8f:0:3456083864,891d9580e4d4ee27caff1e2157284ccd:1:1828661434,1.0
1458,2,1458,1,legacy,0.0003,0.0,3.7734767717792743,17.32478899752874,0.007660784292966127,0.07421875,-0.006022076704539359,0.0009435548505280167,0.004916835110634565,0.043914951384067535,252,57,203,0,0,0,0,0,0,512,4,0,512,4,0,260,0,0,252,4,0,,0.1058649750193581,a14861872545e17110928e52b7c2ec5e:0:0,56a0418807ebb282a228174834d0684d:0:0,56e1c97e9645a7ca7565042eb4170c4b:0:0,83cc6af95ec293d35c394c939897c68f:0:3327481180,e60f5c9a77c10145bb310b5d2ac65742:0:2670453678,1.0
1459,2,1459,1,legacy,0.0003,0.0,3.719882046974528,17.340261239385455,0.012115721590816975,0.0861328125,-0.00370499175041914,0.0009239103063009679,-0.00265293731354177,0.0429508313536644,243,50,219,0,0,0,0,0,0,512,2,0,512,5,0,269,0,0,243,2,0,,0.11278473003767431,71993de3f0d9982d2c764a6fc480085e:0:0,332aa2562c93f86c7a1f1e87cd0b59d8:0:0,2a0329886ccf4109661b72d20c573bb7:0:0,81e096cf548d2bb79cbfb0d4a131d28f:0:4122802488,cf0d4291cc2aa599fa143d6b3b5bb2d4:1:805265134,1.0
1460,2,1460,1,legacy,0.0003,0.0,3.71556508906749,17.376867942881557,0.008271351456642151,0.0919921875,0.006532346783205867,0.0012913486512843519,-0.0026314915157854557,0.051235828548669815,265,62,185,0,0,0,0,0,0,512,7,0,512,3,0,247,0,0,265,7,0,,0.11213955702260137,2e87510a360dae7de4590e80e37d245e:0:0,2e3a224f93e34b596bde4e404aa026ec:0:0,efda56f802434018d751b92cb05b2cac:0:0,40a20b09132155ca477278c2fd0bde8f:0:2336557008,87183f2215e370c89af523e19a00307e:0:3354501211,1.0
1461,2,1461,1,legacy,0.0003,0.0,3.83170000320578,13.962256065429802,0.006552851293236017,0.04140625,-0.005832243897020817,0.0008841161819873377,0.0045205033384263515,0.04214465245604515,291,31,190,0,0,0,0,0,0,512,5,0,512,4,0,221,0,0,291,5,0,,0.11041097098495811,d4d97719605eda7a47b2b72214ba405e:0:0,ee8201c1ee34145296bf18f18c4fa4a1:0:0,31b347251c0b4d8e15a7c4b245d7e9d9:0:0,8103475338ce6629e08b6beaac25ea8f:0:2498464934,7415d2187ab46512b20f71dac150d53b:0:3743777102,1.0
1462,2,1462,1,legacy,0.0003,0.0,3.8208561012621947,18.880609558221995,0.00606980174779892,0.03671875,-6.39516394585371e-05,0.0011145003110868857,-0.0003781158593483269,0.0473664365708828,244,59,209,0,0,0,0,0,0,512,4,0,512,2,0,268,0,0,244,4,0,,0.10812028695363551,1a9098f399ec50e4289560ef58375c5e:0:0,9f4cef6327303a107de3abdb1fdd8fa5:0:0,14cf8b3e44b3d0da23936feb9995cd31:0:0,ddfec81fc7206487793f91d7ae7ff68f:0:2192806098,fb1fbc275656bd98a5709fcce2d94f79:1:2042400686,1.0
1463,2,1463,1,legacy,0.0003,0.0,3.7903060759206153,19.42447942941614,0.0048028710298240185,0.0630859375,-0.006459093140438199,0.0016807754000183195,0.0022202255204319954,0.05817185714840889,242,64,206,0,0,0,0,0,0,512,4,0,512,1,0,270,0,0,242,4,0,,0.11094875691924244,56f31c34e2da579437ad6884adf4785e:0:0,ecdd78003ba93dc8f2baf7208fbbb4d9:0:0,d041912671b27b6893b60ba0fdbe2030:0:0,c922cfb7b55e264bbbbf3216041a028f:0:2137549905,2b5114d8af13c55cea7f4c6c06eb011e:0:279989142,1.0
1464,2,1464,1,legacy,0.0003,0.0,3.845553577078199,17.776350052078207,0.003356190863996744,0.0568359375,-0.0030932372435927393,0.0014661744062323123,0.008538961410522461,0.05441087856888771,255,48,209,0,0,0,0,0,0,512,2,0,512,6,0,257,0,0,255,2,0,,0.11460976302623749,026545f5efdefa2620416a7e15f1945e:0:0,c59ef41be636755ba0d74b76fe640a80:0:0,fb35e15e85738462154d8d44e41ebca1:0:0,7a2fb247ae510bfbf735d431acf40e8f:0:177477074,0e0e75ce2d0bbb6db53f1a82c129d014:1:929443305,1.0
1465,2,1465,1,legacy,0.0003,0.0,3.7993405605531168,18.859696392123524,0.0068255518563091755,0.109375,-0.0034541294910013674,0.0012176383868791163,-0.006514731328934431,0.05049083009362221,234,54,224,0,0,0,0,0,0,512,6,0,512,3,0,278,0,0,234,6,0,,0.1174654639326036,3ffe7d953b94e0e4a4324377902eb05e:0:0,fc0ae0d5067dd68d2259950b1664a127:0:0,439a59d517d002518eec94c01d7d1b7f:0:0,b62a0027abe261df2bca3fb6a90e1a8f:0:4236777315,0c31aaa1ee4b6ef942bd573ccf3227f0:0:701603763,1.0
1466,2,1466,1,legacy,0.0003,0.0,3.6790899015263165,17.92939798723141,0.007369586266577244,0.0982421875,-0.007933484157547355,0.0013974026718642563,-0.004432411398738623,0.05300704762339592,266,64,182,0,0,0,0,0,0,512,4,0,512,5,0,246,0,0,266,4,0,,0.11224354698788375,9f5ca76af63049f5b7fb100d1cabcc5e:0:0,a263544d17bad0b7a057d3c5ef4b08d3:0:0,762c9cdbb818a2f9bc8407484c5aa824:0:0,8a906ce8631a63e3169e7c30f868268f:0:651989339,0ff3627c3f6cca269117e1bf05f312cf:0:870092920,1.0
1467,2,1467,1,legacy,0.0003,0.0,3.8175215386915218,17.27945795770587,0.0020930026657879353,0.0822265625,0.0011982896365225315,0.0010373008059104904,0.011427022516727448,0.045126572251319885,265,43,204,0,0,0,0,0,0,512,5,0,512,8,0,247,0,0,265,5,0,,0.10990654700435698,0fa335f6bf3224c69eb12cdabb68e85e:0:0,7087380c00ad8ca1a6238dab20870192:0:0,e6d623e5d52d980ef863e4873074a88b:0:0,5223e0fcb30ce4c13dcfd12c9b02328f:0:3982812926,9cdb3df351a2799737ce2c571fa8e2ed:1:1218188598,1.0
1468,2,1468,1,legacy,0.0003,0.0,3.7420954460863047,17.469596711381307,0.010134154930710793,0.1046875,-0.0018129378091543912,0.0009970318264095114,-0.010452689602971077,0.04468374326825142,250,49,213,0,0,0,0,0,0,512,3,0,512,2,0,262,0,0,250,3,0,,0.1126639450667426,071b12c054b54fb80604367c6c66045e:0:0,764080575cfd111379d938c551889c19:0:0,f2f3a2e7997fd3710d8d468131f65e3f:0:0,851ebf20893f9863fc76c63590dc3e8f:0:2364658550,5775bee6d974faa14a90fe17ae779a67:0:453390575,1.0
1469,2,1469,1,legacy,0.0003,0.0,3.722447968139604,18.992837214281423,0.00844726711511612,0.0576171875,-0.008210744184907526,0.0011792984267231077,0.012438212521374226,0.049720972776412964,239,60,213,0,0,0,0,0,0,512,3,0,512,2,0,273,0,0,239,3,0,,0.11645185900852084,5fcb1ecea3f1f80a223e098e2fa3205e:0:0,7fe6ec998a0ecb7147f38fd431c2ded5:0:0,1d27c732bb0b8531f37429d2512cc2de:0:0,ea170de9ee16018b8ea722d7d9f64a8f:0:738971533,0d477830ef66571f6edd554ad5af9d5c:0:1819493807,1.0
1470,2,1470,1,legacy,0.0003,0.0,3.781995321167786,16.70572263896377,0.003928190562874079,0.0671875,-0.00205639717169106,0.001216776986257173,-0.0053232391364872456,0.04982956498861313,266,50,196,0,0,0,0,0,0,512,2,0,512,1,0,246,0,0,266,2,0,,0.1485620680032298,8adec542e6931c08ca42c2ac05203c5e:0:0,2062b3aeb0ec98583534bb45fc4a1c85:0:0,ed6ba4dabab94ccbac2ada1aff8bf621:0:0,aa55e93c2bcf02b31d6fee9f7650568f:0:3906430933,35643e5bd517eb72e4e5d07f2b145a78:0:2287373327,1.0
1471,2,1471,1,legacy,0.0003,0.0,3.618602964901175,16.833461951429804,0.015032172203063965,0.0880859375,0.0006328574381768703,0.0010484592115972192,0.0014482014812529087,0.04664833843708038,264,49,199,0,0,0,0,0,0,512,3,0,512,4,0,248,0,0,264,3,0,,0.11415857705287635,b508f14fb87a2f779390be71ecdd585e:0:0,f2dc2b27fcd1631b723fc1ba57347ae3:0:0,40c72fffe86846ed9005ba82b0b89ef6:0:0,876d5ea042a01235cadb711865ea628f:0:329594973,7d45faaf713c486d57f4d86f617e66fb:1:545545516,1.0
1472,2,1472,1,legacy,0.0003,0.0,3.7841257724667967,18.7636833450028,0.00314043159596622,0.0646484375,0.0017693182453513145,0.0014571300649549811,-0.0012363417772576213,0.05387566611170769,235,71,206,0,0,0,0,0,0,512,2,0,512,1,0,277,0,0,235,2,0,,0.10705449106171727,7785ab6e518ce23dee40997be6da745e:0:0,260fe253ae73cac809c80c2f82563f23:0:0,c176fc11dbb1d36877e56f077883f754:0:0,eb84a2d11c7a11b3bdef31cea8c46e8f:0:2598684653,bd8c9800e0f2a0565af0b993287c1399:0:1126666525,1.0
1473,2,1473,1,legacy,0.0003,0.0,3.76441827747547,16.073393032242354,0.00680523132905364,0.0529296875,-0.004638243047520518,0.0009104710159590467,-0.0012535348068922758,0.04338088259100914,253,35,224,0,0,0,0,0,0,512,2,0,512,2,0,259,0,0,253,2,0,,0.10989025700837374,ee2bb05e4f29095341053065f317905e:0:0,99cd3c5bc49adebd349e08207c68658f:0:0,3ed1173f22ea8d60e3d7800780de1b7b:0:0,bd7166153303c8b72eabf84e3ede7a8f:0:1018567611,a9b3ec4b097dcd48ff857d61692dc557:0:1251480578,1.0
1474,2,1474,1,legacy,0.0003,0.0,3.6840394890467545,16.17349942942952,0.005771758034825325,0.1001953125,-0.00014068109448999165,0.0009080661810003221,-0.000613754556979984,0.04295157268643379,264,46,202,0,0,0,0,0,0,512,3,0,512,8,0,248,0,0,264,3,0,,0.1545177650405094,b5697f26b8daa9eb052b9fcc1194ac5e:0:0,0691c7e2dcd56a74137c0c5a4fae6dbb:0:0,ec612ee2917da6af7453a7925de2d9d4:0:0,b883f04a9a560299720dcc232838868f:0:4054239674,c2ba33a80cdbd05ffd86f14b9fa4a92c:0:3269694335,1.0
1475,2,1475,1,legacy,0.0003,0.0,3.7292601144050064,18.48448368207267,0.0048072910867631435,0.0548828125,-0.0003065444529056549,0.000930429549771361,-0.0016188295558094978,0.04333125054836273,243,58,211,0,0,0,0,0,0,512,5,0,512,2,0,269,0,0,243,5,0,,0.12624854501336813,9d4ea1f92bf026e0e29b444a4251c85e:0:0,4602729c32e7ad23449e08c008d3d01f:0:0,e3b244e44466914bdffcdd4b822cb559:0:0,792a9cd5a3054fa8060bf4d964d2928f:0:526349469,e88641424cf019814e1025e191deead8:0:2778278135,1.0
1476,2,1476,1,legacy,0.0003,0.0,3.6754604956176937,17.606175566397873,0.00829849112778902,0.0482421875,-0.0045035187620669605,0.00107073490798939,0.0030165286734700203,0.04678616672754288,255,59,198,0,0,0,0,0,0,512,2,0,512,3,0,257,0,0,255,2,0,,0.10875699808821082,fb22588259889064cbd5ba7c854ee45e:0:0,d5a5278d2e02ca27bdef769e271323e7:0:0,6c5c09800c5e7d39f415df580894f4a4:0:0,6e8049ed860569899d98f9fcf4ac9e8f:0:1430184158,021f5f380a10b1269c0c532631386b17:1:2652048414,1.0
1477,2,1477,1,legacy,0.0003,0.0,3.8454658716955645,17.926820405603273,0.007095483597368002,0.0548828125,-0.003188452124595642,0.0010202272300375626,-0.0033720259089022875,0.045748136937618256,252,52,208,0,0,0,0,0,0,512,1,0,512,1,0,260,0,0,252,1,0,,0.10552591702435166,a3c448dd42b815e719f6defeda8c005e:0:0,8db4f526bf686b0ef069871597124711:0:0,6e61a87029fab63e5c5ebd07da8829b3:0:0,60b8560dccf23ae32ca2a319d7c6aa8f:0:881880140,6afd13068517ec96b8a7bb78d7afc1ce:0:2919978548,1.0
1478,2,1478,1,legacy,0.0003,0.0,3.5802893633145394,16.652076093461687,0.008723093196749687,0.08203125,-0.005199233954772353,0.0008735693205380813,-0.003954559564590454,0.04322902858257294,266,52,194,0,0,0,0,0,0,512,3,0,512,6,0,246,0,0,266,3,0,,0.112357068923302,f06a7708de5e9a44a8b4ce6d42091c5e:0:0,f0becc8cba074cbe87d34b4beb09b3a5:0:0,e883473c07f3694aa98a84e464db3724:0:0,3069d99e694a8a3cf411f7bc0e20b68f:0:3409725314,9880d84279c14f0f02922ef110cb922e:0:3450088308,1.0
1479,2,1479,1,legacy,0.0003,0.0,3.7104657132551924,18.376893291314467,0.013257849030196667,0.0703125,-0.00529197664000094,0.001268344436539337,0.007234227377921343,0.051646217703819275,245,62,205,0,0,0,0,0,0,512,5,0,512,5,0,267,0,0,245,5,0,,0.10722869308665395,ef81796a144c6a32f25fe563bbc6385e:0:0,afa52ff2023727185a464cd43e350740:0:0,aa31651401bc690e80aaf54f547b12ff:0:0,ce3aea2fad2848278dcb3f6f97bac28f:0:984090450,233e1fbc1f1911091219b94afb51abd8:0:3509659558,1.0
1480,2,1480,1,legacy,0.0003,0.0,3.8007312189129614,19.150805544395368,0.006873704493045807,0.0373046875,-0.0010843861848115921,0.0011575562413781882,-0.0029234979301691055,0.04832146316766739,224,49,239,0,0,0,0,0,0,512,0,0,512,0,0,288,0,0,224,0,0,,0.10616248601581901,3ec0b38e395114ec2be2c07e47c3545e:0:0,4da25304b4d617be656e13e61cff9b22:0:0,3158b68632fe735bbf13b7a0a063f420:0:0,209bdff2980280a0f8ae01c07494ce8f:0:802698718,129c17ebb9ae271db69e67fba3ce9912:1:4198508289,1.0
1481,2,1481,1,legacy,0.0003,0.0,3.7248974818397373,18.828212604262596,0.0018931138329207897,0.02109375,-0.0001674862112849951,0.001491208327934146,-0.007119524292647839,0.05606977269053459,245,55,212,0,0,0,0,0,0,512,5,0,512,4,0,267,0,0,245,5,0,,0.10622494306880981,342c4f0c77d0671b60c23c58e600705e:0:0,14fc2caa830143689e703ca9d65b3d9b:0:0,74ad2190a01948db73b1592b3fb9feeb:0:0,9161cd612a04efb9a495063aa4aeda8f:0:3102384979,8e40f2ae5a050104a041eea4e8202a04:1:1447339360,1.0
1482,2,1482,1,legacy,0.0003,0.0,3.7670706006323265,16.816325189574986,0.003288089530542493,0.0873046875,-0.00769356768578291,0.0013035246636718511,-6.214156746864319e-05,0.05170420929789543,257,48,207,0,0,0,0,0,0,512,2,0,512,2,0,255,0,0,257,2,0,,0.10400281893089414,2401b50ed07988088f1d758f967d8c5e:0:0,b2db6de020ef7635907dfb9b43463649:0:0,48f0561f6165dc3db3c33870427ae69b:0:0,425e9c55b08939797e56546a2808e68f:0:3757456392,72eade34b7e6c5192d4bbd2500d72fc0:1:1931390357,1.0
1483,2,1483,1,legacy,0.0003,0.0,3.764611725426451,17.670503817500993,0.012557541951537132,0.12421875,-0.010649675596505403,0.001071928211604245,-0.00440373457968235,0.04715312272310257,260,51,201,0,0,0,0,0,0,512,1,0,512,1,0,252,0,0,260,1,0,,0.1045879180310294,eba971b59ebc3904c3adc8be593aa85e:0:0,17c5de39cbdd0f46140f08a78954a21c:0:0,b24fc0e5f6f550d75f583fb5be664e97:0:0,61d4931b3e3dc504fbc333dafea2f28f:0:2671217562,0494932bf6ed287ca3c5168735c425f4:0:1403568854,1.0
1484,2,1484,1,legacy,0.0003,0.0,3.6362395385605413,16.36867124245005,0.0028878021985292435,0.0486328125,-0.002952596638351679,0.0011877154931426049,0.00857536680996418,0.04952152818441391,263,44,205,0,0,0,0,0,0,512,3,0,512,5,0,249,0,0,263,3,0,,0.11413792904932052,a802ad32cc98371635c6d2812e37c45e:0:0,2ec9382b340f9ebc49312695f042ae7d:0:0,2cd902ad08baa6fbd3d79213f16a9b1b:0:0,b9125f4cc1863b0227a82c19287cfe8f:0:3445073899,043bcd6dfd18fbcb44296529e6e6a161:1:537482274,1.0
1485,2,1485,1,legacy,0.0003,0.0,3.788046512922582,17.911101298126873,0.004528610501438379,0.08203125,0.005407203221693635,0.0012089378200471402,0.0016268125036731362,0.049688320606946945,252,52,208,0,0,0,0,0,0,512,2,0,512,0,0,260,0,0,252,2,0,,0.1486802080180496,d1f0c5242162bee463566f741574e05e:0:0,66bc64c1ae5064d017f4e268560b908a:0:0,8b8f0bc3ba4dc4e795171be96a8dd693:0:0,4be42ba36ba1a73dadcd04b0a5970a8f:0:2876029322,b27a0dcfe4232af8036d812cfef93412:1:3459362209,1.0
1486,2,1486,1,legacy,0.0003,0.0,3.6778375248823316,16.44577599010848,0.006590336095541716,0.034765625,-0.0032524776412174105,0.0010960738640278579,-0.008873453363776207,0.047875650227069855,267,44,201,0,0,0,0,0,0,512,2,0,512,4,0,245,0,0,267,2,0,,0.12112353509292006,19430b5e571e32e42ce4bc330ef1fc5e:0:0,a16b03ba5875a069bbd4c632d1737adb:0:0,23b77d6ab2857e0770e12a36d8bc69f9:0:0,aa15b9205b223d8fe6f4c52d75f1168f:0:55293130,79e473fa49edc25ab1c624e8a86e4224:1:2249064955,1.0
1487,2,1487,1,legacy,0.0003,0.0,3.686965523795722,17.48519433131104,0.010384073480963707,0.0916015625,-0.0021619319915771483,0.0011381959629943594,0.003526699496433139,0.0477815605700016,269,62,181,0,0,0,0,0,0,512,3,0,512,4,0,243,0,0,269,3,0,,0.10450981301255524,6e194604e1ffe3c3f194155a1aaf185e:0:0,bfebf31007a9a7ad4390750ab377dc16:0:0,6a5635cc9953ff4c2708bfadca3276bf:0:0,6040f348bc42c201e4ddb51b998b228f:0:3386936964,df3d12dae22e3ed0ef7086ac43c4fe59:0:2603150659,1.0
1488,2,1488,1,legacy,0.0003,0.0,3.794123766882481,17.929786522237624,0.01152381394058466,0.0919921875,-0.00606871151831001,0.0010533688531722874,-0.0023639516439288855,0.04584558680653572,255,53,204,0,0,0,0,0,0,512,3,0,512,1,0,257,0,0,255,3,0,,0.10407268104609102,ee0d3f7495bffb17ab21178538ac345e:0:0,0241200ecc2a868b43c159b512a54820:0:0,924dab584717c5dffdda193f229d12fb:0:0,b5d40276d1a594327e415c0710652e8f:0:4086173189,064d8de0fcde1321a123dcb40aa89a31:0:1404512426,1.0
1489,2,1489,1,legacy,0.0003,0.0,3.6825910478474215,17.767930576325533,0.0068096197210252285,0.071875,-0.004624589812010527,0.0010284519026754423,0.00226745312102139,0.04575119540095329,254,46,212,0,0,0,0,0,0,512,5,0,512,1,0,258,0,0,254,5,0,,0.10520558198913932,0eea8331944f884509e29f5068e9505e:0:0,4f1c66425123884d16e11afa5c390b47:0:0,52602be8d62e86a729f5594cb3ea6745:0:0,8ed9768d98095dfb5ad4817bda7f3a8f:0:3360607470,08057af0776cf1e7c2c36f8c60420249:1:2997978463,1.0
1490,2,1490,1,legacy,0.0003,0.0,3.800122617798488,17.418878357208477,0.0032246746122837067,0.06328125,-0.003369082324206829,0.001017870125360787,0.005426469724625349,0.04527731612324715,263,47,202,0,0,0,0,0,0,512,5,0,512,0,0,249,0,0,263,5,0,,0.10628804296720773,96d94fb33190afaf90c9c957ab666c5e:0:0,1da68636353c92612ec894b32e783101:0:0,99ac0b31dd1fdb3bedae783739ca33e9:0:0,cbdcc7a7f77f6555ff472d05f7d9468f:0:4205346857,8f1fcd1005a15317c5e2191d6787cdd7:0:2890191832,1.0
1491,2,1491,1,legacy,0.0003,0.0,3.6170309865389947,15.957659702957883,0.020408565178513527,0.0943359375,0.0036921295803040268,0.0009933207649737597,-0.005789116024971008,0.04461447522044182,273,45,194,0,0,0,0,0,0,512,7,0,512,7,0,239,0,0,273,7,0,,0.10681459098123014,ebd8cb92b7acfc24b161f2370023885e:0:0,292138fd1e8bf15a2e713a08cf96075a:0:0,ca178301d7e7ab6eda2b28a889bc4029:0:0,d48519a7b4af8180d944a6316873528f:0:234665702,cf4d87c988c26b3b0e1b9ecce8f39fd0:0:3273698310,1.0
1492,2,1492,1,legacy,0.0003,0.0,3.891858475033495,17.917660183360006,0.010013645514845848,0.0935546875,-0.0019186565186828375,0.001259172716527246,0.003155533690005541,0.050413090735673904,261,49,202,0,0,0,0,0,0,512,1,0,512,2,0,251,0,0,261,1,0,,0.11298986303154379,3476af4c37a5d287e7d0b68a6720a45e:0:0,79fb4ff9cc593f93e9f1327aea0f0344:0:0,2edbea0e4bfd69b62be1c59d8bf3088d:0:0,0d6fead394b5b3644b73748a2c4d5e8f:0:1757647819,81462e87940c52bac7f687deea52b7ec:0:2120148310,1.0
1493,2,1493,1,legacy,0.0003,0.0,3.7891187321528985,18.034212211825107,0.007063768338412046,0.0455078125,-0.0034469493664801122,0.0010172254929784685,-0.00029406649991869926,0.04539991542696953,249,46,217,0,0,0,0,0,0,512,0,0,512,1,0,263,0,0,249,0,0,,0.11462152993772179,dc1fd36ad1bb07bed6d5f2ede05dc05e:0:0,a354f79661c3fffeaa6b3c269118b684:0:0,779d8a145447506228e423ac44ea79aa:0:0,c2b51cff66256137b9755f9c43676a8f:0:1130571074,3765e7b4c46dab354bae843915ed585b:1:2608064091,1.0
1494,2,1494,1,legacy,0.0003,0.0,3.7091520550225043,17.819806691336318,0.0078239431604743,0.09296875,-0.005838426854461431,0.0012174982635769992,0.006560750305652618,0.049747224897146225,247,46,219,0,0,0,0,0,0,512,4,0,512,2,0,265,0,0,247,4,0,,0.102717051981017,806d6da4214398dd63cbc3fd6bdadc5e:0:0,4bc6d41b393c4a8b4e0e75cdac8cb708:0:0,840ac1f98e08f501beb6e11c31f1a1e6:0:0,818d9c03e1be356693e76ef3adc1768f:0:1283408873,7e76b5c8d3e3de5e804194fbcb040dc4:1:835692341,1.0
1495,2,1495,1,legacy,0.0003,0.0,3.759632829504374,17.724472942808298,0.018139073625206947,0.135546875,-0.009169270098209382,0.0013021192251471802,-0.004509198013693094,0.05118558183312416,254,50,208,0,0,0,0,0,0,512,3,0,512,2,0,258,0,0,254,3,0,,0.10878127394244075,4cb63e10b7948591d2a686550997f85e:0:0,17fb8216459131addcae7cebb05c2ae0:0:0,1d7b572a2258f170fad1bedec4d8d233:0:0,e815c397955ea0b56461ea1c6b5b828f:0:487219967,faa62514d8d3962378644059789d44ac:1:185177398,1.0
1496,2,1496,1,legacy,0.0003,0.0,3.710290456950067,19.487738897731653,0.003143339417874813,0.066796875,0.002014727517962456,0.0014993817603681237,-0.0022101649083197117,0.05509309843182564,254,63,195,0,0,0,0,0,0,512,0,0,512,5,0,258,0,0,254,0,0,,0.1468563750386238,88298059d191ccd0e1f4d690b995145e:0:0,e1b55a9a00f4b8b5464cc887bb970220:0:0,b27429fe0eca65867f5eb967cad7b473:0:0,8d5491e54bbfffa6d97858a27c358e8f:0:3874573861,56feb04eb787413b718ee5de970bba1d:0:1742287163,1.0
1497,2,1497,1,legacy,0.0003,0.0,3.870272808666383,18.429094801462355,0.012138127349317074,0.062890625,-0.0050720205064862965,0.0012689912284258753,0.0024873903021216393,0.05043879896402359,263,51,198,0,0,0,0,0,0,512,1,0,512,2,0,249,0,0,263,1,0,,0.12290986196603626,cb13235eb3858bc1e6df914c7bd2305e:0:0,2dca2c8382859afd917bdd1630899385:0:0,8ffd1f1362e66a20db36b5819213a5ef:0:0,c0d0ab87a3886320d2b98211e04f9a8f:0:697713607,d5130f326a08bda10a7704fe86aa069c:1:543057765,1.0
1498,2,1498,1,legacy,0.0003,0.0,3.808522267698497,19.207749644043947,0.013072557747364044,0.0919921875,-0.003882306953892112,0.0011054394592065365,-0.003938817419111729,0.047033365815877914,254,64,194,0,0,0,0,0,0,512,1,0,512,0,0,258,0,0,254,1,0,,0.10641636291984469,23dd947e56d93eeae929d324504f4c5e:0:0,88bc58880b806d5d55099f3a6bfdad87:0:0,2b568c51a2dba2b0de9e15210a5e4d2b:0:0,734c38dcc83dfc516caf6df697a9a68f:0:4182093281,388fa97f7426b330cc0c6ad607737234:1:68407823,1.0
1499,2,1499,1,legacy,0.0003,0.0,3.764035073797367,19.067165029550882,0.0036949212662875652,0.0291015625,-0.0018825146602466703,0.0012734458810882642,-0.0017507063457742333,0.050539761781692505,252,61,199,0,0,0,0,0,0,512,3,0,512,5,0,260,0,0,252,3,0,,0.11586255498696119,9e35525c554d259cbf30f8b4370c685e:0:0,6a3fbbdb495bbebf39fa7d34b1480dc7:0:0,a5ab46c77425c77e6fffd87f6842be26:0:0,9500b3f07fa82bd40cdf63dca243b28f:0:1726962890,45fe0ff85e0c3ad889856c6378e6ee38:0:1785751101,1.0
1500,2,1500,1,legacy,0.0003,0.0,3.8086477393135647,17.154389103472447,0.015925142914056778,0.10234375,-0.004774571978487074,0.0011276517529040576,0.0017074935603886843,0.047636374831199646,279,42,191,0,0,0,0,0,0,512,2,0,512,4,0,233,0,0,279,2,0,,0.1206513229990378,509d7da23d49c79f29ec9e983009845e:0:0,3c21c81730582bbd87efb60b9bb6d74a:0:0,b843df72a2a0576767d6d4a281381a0a:0:0,8c23d985fe2a34166dc9eb50001dbe8f:0:3217486163,2360a325f73605a7c881f0d88bcf0125:1:2196496723,1.0
1501,2,1501,1,legacy,0.0003,0.0,3.63281608392104,18.26595418271242,0.006505987606942654,0.087109375,-0.0022857150994241237,0.0013939731055870653,-0.016073282808065414,0.05748812109231949,260,51,201,0,0,0,0,0,0,512,4,0,512,2,0,252,0,0,260,4,0,,0.16144834994338453,810abce8bae79d1cf0eea16c3b46a05e:0:0,6515c975189630a397f05c50625376a3:0:0,23a2303e26285032a475144ec389d3e4:0:0,0bdf171634a38efdaaeacbdcb137ca8f:0:2823649074,b469dff38eb9477c06dfdc0b722a9ff5:1:533193886,1.0
1502,2,1502,1,legacy,0.0003,0.0,3.7753320736466294,18.710106060823172,0.017165657132864,0.0689453125,-0.0018720679450780152,0.0015369009459391236,0.0013726872857660055,0.05790204182267189,250,57,205,0,0,0,0,0,0,512,3,0,512,2,0,262,0,0,250,3,0,,0.16157334798481315,c9fb039e4148d8cffe631dcc58c3bc5e:0:0,00a5b9a80439792dc21183f8f35dae87:0:0,ff1540c0d3ed4a34cfefae3b72043cf0:0:0,7b7302e28a61e6cb4cb90d0eb591d68f:0:4290822416,fcde4f3decd605560c0eba5b53f0d0e7:1:3785485005,1.0
1503,2,1503,1,legacy,0.0003,0.0,3.7586044830012395,19.124566400465937,0.006955407094210386,0.040625,-0.005895405448973179,0.0012965920788701624,0.005429364740848541,0.05115455389022827,261,51,200,0,0,0,0,0,0,512,8,0,512,3,0,251,0,0,261,8,0,,0.15903070790227503,a13d226b1fe1546d7b1070548880d85e:0:0,5a2039ea63e63ed188bf21402c72431c:0:0,6bf3ea0c7e42dc262fe741373b79a3b2:0:0,3a40aa8735b0b24254a6f6720d2be28f:0:1127594905,f1fbff5b21b39ab8631d1733cc57e14b:0:778995342,1.0
1504,2,1504,1,legacy,0.0003,0.0,3.863290750039976,17.9252805291233,0.006685115862637758,0.07890625,-0.007134109828621149,0.0011269368056673556,-0.0028844161424785852,0.04788506031036377,265,48,199,0,0,0,0,0,0,512,4,0,512,4,0,247,0,0,265,4,0,,0.16098709998186678,6a727a3d2f489f51ea5735a0ca7df45e:0:0,2b8e0709c6a89643a7e3029ccfc8b873:0:0,ebce390220392c9fe4532161190b9636:0:0,5322cfc3a592740c49220f92b805ee8f:0:2041065888,e34cfab8472418d33508d9232f551a8e:0:1143184232,1.0
1505,2,1505,1,legacy,0.0003,0.0,3.696993989718906,16.584150257616436,0.0027786046266555786,0.0560546875,-0.0026880348101258277,0.0011537109792698174,0.0009860671125352383,0.04813765734434128,281,40,191,0,0,0,0,0,0,512,3,0,512,4,0,231,0,0,281,3,0,,0.15302919200621545,8b87b9cf81322f6d46324a4d1ebb105e:0:0,22dd71979db3c9dfacac794683e50679:0:0,6e45b3647d0c9294ceba24465bbc1cb0:0:0,9321827aaf2f9d5e41931ffcb61ffa8f:0:1637025405,c9601ca1d9329ef0be2695505ce3ed22:0:2726060404,1.0
1506,2,1506,1,legacy,0.0003,0.0,3.739566540001908,18.028116949376738,0.026262495666742325,0.1181640625,-5.0819944590330124e-05,0.0010844653530512004,-0.004530702717602253,0.0471029207110405,256,41,215,0,0,0,0,0,0,512,2,0,512,4,0,256,0,0,256,2,0,,0.12131782399956137,fb2f382cbf27b46f1b36caf585382c5e:0:0,2ac7584378f30306b5be62e6d9c11de1:0:0,96708db8b6cef72c76d9e70f93e586ba:0:0,685aea37718713ddf25e2f3c077a068f:0:3208991910,71c008e0ede9e32d3e0436afaa67422f:0:2028605476,1.0
1507,2,1507,1,legacy,0.0003,0.0,3.714318724030927,18.287591371872058,0.020556241273880005,0.07734375,-0.0027145866304636003,0.0011321094119921328,0.0031562778167426586,0.048299625515937805,258,51,203,0,0,0,0,0,0,512,1,0,512,0,0,254,0,0,258,1,0,,0.10722021001856774,ab10455523a18d32a4941435fdf5485e:0:0,026901d836c4825cd8c3e04753827e7c:0:0,587bfc416c3331cee4f060e41d8cbd4f:0:0,613c80cf21ec5ac6b8e284dcac14128f:0:4165487065,736bf56ef137dc932238badf8e8b1750:1:4224498741,1.0
1508,2,1508,1,legacy,0.0003,0.0,3.8803314806915052,20.135162511426905,0.0035466025583446026,0.0837890625,-0.006995052588172257,0.0013294276490341873,-0.005422461312264204,0.05218924954533577,246,59,207,0,0,0,0,0,0,512,2,0,512,3,0,266,0,0,246,2,0,,0.10582990001421422,3322acdb39195f6ae813c2aa88f2645e:0:0,0f1b51bd988fac0571340529a21695fa:0:0,28df0a4712535a492c2c789f6d678a8b:0:0,8d187b0333df5f4ea77aa86aa3ee1e8f:0:839264312,c08fa9be8a0e1c4d13c38a051511f329:0:599498527,1.0
1509,2,1509,1,legacy,0.0003,0.0,3.833986076164221,16.728741467385188,0.009109433740377426,0.079296875,0.0009674267843365669,0.0010395334305940197,0.0005339719937182963,0.04609289392828941,259,42,211,0,0,0,0,0,0,512,1,0,512,2,0,253,0,0,259,1,0,,0.10609900101553649,73cca4f4cab2d18ed219b2ef262f805e:0:0,814ea2e7fa20c2ebb647683f8d39b59d:0:0,a9a4a46c50fb85deafb1a34bcdfd05c0:0:0,5103a3528ec9e84b917c6171ef082a8f:0:472665095,2f6953e830657ea32ba509e9f6ce4e10:0:375429515,1.0
1510,2,1510,1,legacy,0.0003,0.0,3.7506390248173194,16.943523582642417,0.007287775631994009,0.0861328125,-0.004222091566771269,0.0009375008492497727,-8.594052633270621e-05,0.04349590465426445,263,50,199,0,0,0,0,0,0,512,0,0,512,3,0,249,0,0,263,0,0,,0.10623360995668918,b3137f27b216670551a4019fd5ac9c5e:0:0,173c85f45cf2c23f0f51c8ea8215107a:0:0,8bae80a8fbe5327b4556a716a0689cf1:0:0,71f87e73c42ea9181738b77e8d62368f:0:2496264566,5a904eb1ba85798891619ab282c65da7:0:210812719,1.0
1511,2,1511,1,legacy,0.0003,0.0,3.747245857437498,18.941117708629072,0.006075472570955753,0.0462890625,-4.610568284988403e-05,0.00111507662513759,0.0014953815843909979,0.04718136042356491,244,48,220,0,0,0,0,0,0,512,2,0,512,0,0,268,0,0,244,2,0,,0.1147856559837237,38c4a6646e1a7e91744b0b589769b85e:0:0,6b8b8ab40a1c6beaad87d0ec2afa5d55:0:0,4ccf4261fb271002cf16bc1b4072928a:0:0,12bd303d78d5f7b8b1fbf21c7efc428f:0:2050255906,e3074c61783bda122289cbf974ecd4b9:0:2391250956,1.0
1512,2,1512,1,legacy,0.0003,0.0,3.687022143005576,19.267060255801315,0.019966820254921913,0.1048828125,0.0035594856832176446,0.0012537645932752639,-0.0032044164836406708,0.05042533203959465,257,51,204,0,0,0,0,0,0,512,1,0,512,3,0,255,0,0,257,1,0,,0.10683771001640707,d02cc90aadd672fe82416cb56b66d45e:0:0,97a71759f1bee683e4011a8fad014f95:0:0,482756158df0a5caeb8082e780da3408:0:0,243a430d73842640c00d98d7c3d64e8f:0:1743920109,4ddd79e0a1d53241566dbd8b27fd5829:1:223150966,1.0
1513,2,1513,1,legacy,0.0003,0.0,3.726591097995791,18.031192722415113,0.021684832870960236,0.0498046875,-0.003339842730201781,0.0010511535248951987,0.004313752520829439,0.04602280259132385,250,45,217,0,0,0,0,0,0,512,4,0,512,2,0,262,0,0,250,4,0,,0.10567446099594235,0dfe7bfe3bbbde0c1a54025251a3f05e:0:0,27034a663e1f6f9d0a44835ea8a497f0:0:0,478bb17f7afa5e5ad5ff65a8e433ba1f:0:0,3d112b0a03c57f7790b0733c5bf05a8f:0:1274108738,60a53a86cf36977e9c0a318a0cc6ec3f:1:4034609660,1.0
1514,2,1514,1,legacy,0.0003,0.0,3.7086065491617974,18.02075472324389,0.011702668853104115,0.0806640625,-0.004907395504415035,0.0010187592648435383,-0.003938745241612196,0.04613366723060608,258,48,206,0,0,0,0,0,0,512,3,0,512,2,0,254,0,0,258,3,0,,0.10640374396461993,f8b02e9cf451fd9a4de9e8cb4a210c5e:0:0,ae954748a5919a0917270dccd5560f31:0:0,4f30ef67d044852212802d0d622fdf62:0:0,ec9221e4b35be6bd702288d6474a668f:0:2517968478,a281eda71684361b68dc7c777f87f53d:1:3496543171,1.0
1515,2,1515,1,legacy,0.0003,0.0,3.7179044788765165,18.154601259859458,0.011514976620674133,0.0830078125,-0.004058522777631879,0.0009288909350289032,-0.002371915616095066,0.044064562767744064,258,51,203,0,0,0,0,0,0,512,2,0,512,3,0,254,0,0,258,2,0,,0.11357595189474523,eb1aee10b42f3b15bd047cbc54de285e:0:0,bcdc298218673d54e068d5a33ae3e5d6:0:0,d954a4888a061d206180fc218ae0e057:0:0,58f1c71074da1b30b39d213185e4728f:0:4188471213,ee7d32d208579fe9a2a75eef3de43b0a:1:2605549478,1.0
1516,2,1516,1,legacy,0.0003,0.0,3.609646736463982,18.102675625541043,0.011142897419631481,0.105859375,-0.00503008090890944,0.0011369489395292476,0.005051719024777412,0.04905913397669792,250,54,208,0,0,0,0,0,0,512,0,0,512,3,0,262,0,0,250,0,0,,0.14765029808040708,6ec0392268ccd523b23f5ac171db445e:0:0,c366077e49020893a0649d27c543bb78:0:0,a139d83a05844fe88cf68de89059a6ee:0:0,440fcba8c1f89e12c554c3da17be7e8f:0:1884209325,c73d9236daacb2fdad67028b3725f375:1:1214183108,1.0
1517,2,1517,1,legacy,0.0003,0.0,3.651353037412659,18.899964100253275,0.004919722676277161,0.0431640625,-0.0003123895265161991,0.0011763552436605095,-0.001944396528415382,0.04952596127986908,238,45,229,0,0,0,0,0,0,512,4,0,512,1,0,274,0,0,238,4,0,,0.11963556800037622,8f15045dafd0ab8e3ed05f76a118605e:0:0,503c5891cb79d306e1623bce9a94d1f1:0:0,82158522f52d5bd926a9f1dfa5cf43ff:0:0,6080d8925c303c6d3079385bfcd88a8f:0:3904299600,069d0e726af2daf7091be089d8f8a2d3:0:130250621,1.0
1518,2,1518,1,legacy,0.0003,0.0,3.6534050265596383,18.3202561391512,0.003013365436345339,0.0384765625,-0.0015331824310123921,0.0015146777441259474,0.007339781615883112,0.05627522990107536,259,53,200,0,0,0,0,0,0,512,4,0,512,3,0,253,0,0,259,4,0,,0.1092110249446705,fbc308feb0692d705687a777e2957c5e:0:0,280bea7d3e259b8ff93c922f40dbf9f8:0:0,2f16d0cdd29a2eb2589e8db0143abcbd:0:0,251ed0a9a2263bf6ad3586433532968f:0:3166967211,0ec46856e02eff849e0a8f2af9990395:0:840555759,1.0
1519,2,1519,1,legacy,0.0003,0.0,3.7085002010399526,18.695820922411176,0.006215380504727364,0.0533203125,-0.0009421876166015863,0.0011462206806754694,-0.0076233018189668655,0.04838229715824127,255,56,201,0,0,0,0,0,0,512,1,0,512,6,0,257,0,0,255,1,0,,0.1087861250853166,673f8fce1a5769a1ebcf8f613652985e:0:0,0a05dc27b751c3cebb591a834b3807b9:0:0,3f95056c92dc046ec5fd3f6957b18d10:0:0,fb63901dac762b382caff51bc0cca28f:0:1597084697,e977425fbf8fae7693fe66817d89624d:0:2722707376,1.0
1520,2,1520,1,legacy,0.0003,0.0,3.7082943764193983,18.697977473878225,0.0060805282555520535,0.0439453125,-0.004166748421266675,0.0011199258267879486,-0.006958690471947193,0.04733259603381157,253,52,207,0,0,0,0,0,0,512,3,0,512,3,0,259,0,0,253,3,0,,0.11203048098832369,1ba01bb9764341640bacb3ce9c4fb45e:0:0,c7e2295e06ed12c522743500dbaeaab7:0:0,3ea27fe02b3243191b1be3ed6a54f67b:0:0,af835562a46554f1e50a0c719fa6ae8f:0:577206399,35e2ce3880b40ea71e1ffafdf44ac6e2:0:1110007785,1.0
1521,2,1521,1,legacy,0.0003,0.0,3.7333714021170996,20.006135310860106,0.023828115314245224,0.144140625,-0.00343373054638505,0.0015526775154285134,0.009862019680440426,0.056940000504255295,248,66,198,0,0,0,0,0,0,512,1,0,512,3,0,264,0,0,248,1,0,,0.109357570996508,f379a6a032f5bd4cf9bdf15c148cd05e:0:0,3c23ec19fb9be4808719dcbc90082a50:0:0,af03f63adc2262986571222c639bcb86:0:0,63dd1771070bd6c05d6093d0d1c0ba8f:0:3412873022,76a3fa8259537aa226d2882da2850132:1:3736329346,1.0
1522,2,1522,1,legacy,0.0003,0.0,3.584542156141183,17.977776690545454,0.00725024426355958,0.053125,0.0010970651172101497,0.0012023108138237149,-0.004933731630444527,0.04930706322193146,266,58,188,0,0,0,0,0,0,512,3,0,512,2,0,246,0,0,266,3,0,,0.10665039799641818,f2168d781b1584744c3c64a59f09ec5e:0:0,5dbbe412fc459dfd6da89db0bfecb8b3:0:0,4bc133d8777e2d087dcc9ef729496e08:0:0,e7283052c77f5b0179cb92c5571ac68f:0:1909541832,3129670143710a8088b8df344bea9e30:0:1259051291,1.0
1523,2,1523,1,legacy,0.0003,0.0,3.8736867761490017,18.594265656281127,0.005866016261279583,0.055859375,-0.00122578963637352,0.0011693059059325606,0.00880425050854683,0.04839487001299858,247,51,214,0,0,0,0,0,0,512,0,0,512,1,0,265,0,0,247,0,0,,0.11032654298469424,cfa9cf961f0175df07fb6a473bc7085e:0:0,5319d396ca54d8957bf407a45f343bfd:0:0,b1045b3fbc7389f11400bda9caef4666:0:0,2107f24a828b75f9875e50db2fb4d28f:0:1990613410,1ad69926b27a0a7fd72931b694f3b297:1:2738355874,1.0
1524,2,1524,1,legacy,0.0003,0.0,3.7191765827658445,16.998122064713627,0.010747412219643593,0.0810546875,0.0007119573187083006,0.0012860028189606964,0.0007129994919523597,0.0507744625210762,271,47,194,0,0,0,0,0,0,512,2,0,512,1,0,241,0,0,271,2,0,,0.10934654506854713,259be7929e65642bbc689edceac4245e:0:0,195f7f0fa57b1bd4d09cb0c4c4ae7948:0:0,45f4ec64c648d86ca3d13c02b6e3e7ed:0:0,469ef92c3683a6384827559e5b8ede8f:0:3160115036,f23d178f8098543227df833d08a52870:1:1579764520,1.0
1525,2,1525,1,legacy,0.0003,0.0,3.9162701219455034,17.549960124587095,0.0038895467296242714,0.0515625,7.267799228429794e-05,0.0008918389910832047,-0.0038052743766456842,0.04239027202129364,260,48,204,0,0,0,0,0,0,512,1,0,512,5,0,252,0,0,260,1,0,,0.1148021100088954,aede42ea9d24f37e9f8bdf02ac01405e:0:0,f4b3b00b4d6f65c400a5a32e9522a75c:0:0,200fb5aa5941f4c54d30148786d91e09:0:0,a39d50ca31baf83dff30689adaa8ea8f:0:1357582866,373a0dff1a9197b4a933a2cead925696:1:152367181,1.0
1526,2,1526,1,legacy,0.0003,0.0,3.729071403780013,17.511868434759425,0.006967576220631599,0.124609375,0.002422645571641624,0.0010384764696937054,0.0038969425950199366,0.0460631437599659,270,53,189,0,0,0,0,0,0,512,1,0,512,1,0,242,0,0,270,1,0,,0.1228497140109539,7a9e38298f3899adaa0747547f7e5c5e:0:0,46784af86680ae71ea6a3e93ebe2e1b4:0:0,f16505518524f49d07daea6f45d4e933:0:0,ef55dca42a2d4d607c7e915cad02f68f:0:1701429008,f0914ba617ad363be2f49029b012f7df:0:643676410,1.0
1527,2,1527,1,legacy,0.0003,0.0,3.7208530290996285,17.96093057048216,0.006245538592338562,0.0484375,-0.0015291291289031505,0.0011328192165819928,-0.006318375468254089,0.04811166971921921,248,46,218,0,0,0,0,0,0,512,4,0,512,1,0,264,0,0,248,4,0,,0.14209468092303723,2ef75211a718c0acb317346e653b785e:0:0,bd57704924841313d6069cbf5fe1e4fd:0:0,ef8d9dfa1084c639e32b4d75936beff2:0:0,53e8cc51b0e645f02912176fd29d028f:0:3027761071,2c29ce23b058609f92f92753b9ebf3b1:0:1708644893,1.0
1528,2,1528,1,legacy,0.0003,0.0,3.598860679241132,17.274759365070746,0.00275433505885303,0.041015625,-0.001301530934870243,0.0012398828606819735,0.004618884529918432,0.05024584010243416,276,56,180,0,0,0,0,0,0,512,1,0,512,2,0,236,0,0,276,1,0,,0.113884252961725,bfa6d8e2d2530b398c9242ec5d38945e:0:0,5572e41e45828a868802e36a7ef92cb7:0:0,30357dda7de99e78e456e6a5c78f7ce9:0:0,72c2536c73b1ce9d12e682604b770e8f:0:2355888422,43a69098b402c73df070e5b2ecbae5a3:0:580826070,1.0
1529,2,1529,1,legacy,0.0003,0.0,3.6536838209965365,17.297426671595684,0.005710494704544544,0.0521484375,-0.0030927079264074565,0.000963781340396963,0.0026086203288286924,0.044068384915590286,256,52,204,0,0,0,0,0,0,512,0,0,512,3,0,256,0,0,256,0,0,,0.10790055803954601,7c7fb18acfe5bbc81ee94f6a6775b05e:0:0,8faf5efd0cd54772dac06ee533b94d5f:0:0,924e8fc9abfb8e03dede884ab480097c:0:0,c0ce5309ffa2511bf8f299ba17911a8f:0:3400788019,b225fd2b56f6fd8f7c5bcb5e44b76545:1:1733370905,1.0
1530,2,1530,1,legacy,0.0003,0.0,3.783201092403657,17.702640773694014,0.009658748283982277,0.0375,-0.0028609682340174913,0.0012684614164754748,-0.001713828998617828,0.050604235380887985,258,41,213,0,0,0,0,0,0,512,1,0,512,1,0,254,0,0,258,1,0,,0.11105528101325035,46b5f5330bfd3dae8527768483f2cc5e:0:0,9772562ef9e8e946f7bbda21c7151f83:0:0,7ad795ce14cb30a87f8e392a00adc7c4:0:0,8113261ff6f8880b5728650936eb268f:0:3222515332,6f62b4a919345915ffd2c8efcd7b74df:1:2313533778,1.0
1531,2,1531,1,legacy,0.0003,0.0,3.6633726080863016,18.912974215651367,0.010770964436233044,0.080078125,-0.004062331421300769,0.0012848467333242298,0.0014610177604481578,0.051131632179021835,236,54,222,0,0,0,0,0,0,512,3,0,512,2,0,276,0,0,236,3,0,,0.10831847600638866,454d0a4b2cafd09128f214d6b2afe85e:0:0,d836ed09a00631be241fcda955d5a3bb:0:0,3beb0cc379bbc6cf88970f33b60e2479:0:0,61275178ecf8f61872752bd9a985328f:0:2110035731,d5ff6696cd9014305d2e66616534b747:0:2282208581,1.0
1532,2,1532,1,legacy,0.0003,0.0,3.7708407549273497,18.59885257979961,0.00909870769828558,0.10703125,-0.002897382411174476,0.0011749397381208837,-0.002717161551117897,0.04855474457144737,251,56,205,0,0,0,0,0,0,512,1,0,512,2,0,261,0,0,251,1,0,,0.10951607103925198,ca418ad97b53560ede88c6fcf3ad045e:0:0,d6537623c904ae24b31bc6a020e82c1a:0:0,9019b0ec0e1267408a70ed31ece4f1cd:0:0,3b67732b5a3b006464c175b76f5f3e8f:0:4222451352,9d82458c8152dd05e6e68ca751491d91:1:1470117761,1.0
1533,2,1533,1,legacy,0.0003,0.0,3.8108842652552983,15.718668064792007,0.005909292958676815,0.0634765625,-0.0067862087395042184,0.0012074649916030467,0.008034780621528625,0.04991894215345383,264,37,211,0,0,0,0,0,0,512,2,0,512,3,0,248,0,0,264,2,0,,0.10899890097789466,75b1e284960941ad00c5699346ea205e:0:0,d43332ced5ca6a99cfa8d89756cdb005:0:0,d76642a03ce47af0ceb8aed06e957985:0:0,ba3374cf5bfdac2928f10a2e88794a8f:0:4219948563,13c78d7e30cc02e45901ca1761a43b31:1:1420584054,1.0
1534,2,1534,1,legacy,0.0003,0.0,3.8025297276044796,16.286261124734924,0.006661716848611832,0.0322265625,-0.001870393007993698,0.001079587865388021,-0.0073753176257014275,0.04648374021053314,258,38,216,0,0,0,0,0,0,512,3,0,512,1,0,254,0,0,258,3,0,,0.1096585700288415,348d4974151cab038d1c1935ac673c5e:0:0,2d45d4c11d53ad0469a7495376e8fe7f:0:0,c6372a9e0e99f37c4d1e7374111213bb:0:0,790bb6fb310dff9ea6e2f0caf4d3568f:0:393913415,536a238d9624516ec514ef12c7363040:0:638773607,1.0
1535,2,1535,1,legacy,0.0003,0.0,3.6843141022403643,17.879250554174387,0.00902351550757885,0.1025390625,0.0009398399852216244,0.0011808989336714148,-0.0015138607705011964,0.048624809831380844,256,54,202,0,0,0,0,0,0,512,1,0,512,4,0,256,0,0,256,1,0,,0.11589583999011666,af7097d00fce82293f9b32802424585e:0:0,2701708ec61810f28ae6ee1790895c8a:0:0,2fb7f5c0ba4d04e9adca6d80e86d928e:0:0,bf68abd9a6cb061fbf717118b46d628f:0:3045205324,2cc52e705e3385cb67268f9ef4b471ba:0:2385083508,1.0
1536,2,1536,1,legacy,0.0003,0.0,3.646355460408579,17.732411990322472,0.00225329352542758,0.065625,0.0008097227662801742,0.0012297350389417262,-0.0014308516401797533,0.049818187952041626,258,59,195,0,0,0,0,0,0,512,4,0,512,4,0,254,0,0,258,4,0,,0.10881063004489988,4e936051ac2be65faeeb520eae21745e:0:0,ca3a943bcd1669fa4009765ad91387f2:0:0,a0d86084066e7acd0a909008b5de2520:0:0,00d921f8e8d3778f587212a3c7476e8f:0:1487614811,3d78011df7920c347bf5336b1af560c0:0:3655896346,1.0
1537,2,1537,1,legacy,0.0003,0.0,3.6468025264800943,17.445194994387727,0.008703990839421749,0.0740234375,-0.0018725696951150893,0.0009753075340995565,-0.0003989189863204956,0.04470238462090492,256,56,200,0,0,0,0,0,0,512,1,0,512,3,0,256,0,0,256,1,0,,0.12688583403360099,533dcf01258a9eff684f547d4a5e905e:0:0,f2e5eacbf939b720aa414ef74fd0f73f:0:0,15bf86590df3c2d370bcccdb8dae32de:0:0,e19557bb65e902fd68b59cf82d617a8f:0:550191944,07a2f4ea489c300a8ee705fdc44bca6e:0:1151531147,1.0
1538,2,1538,1,legacy,0.0003,0.0,3.869100559137064,17.76814042821828,0.002622500993311405,0.034765625,-0.0006159478100016714,0.0008421328762779013,-0.006887751631438732,0.041553083807229996,259,52,201,0,0,0,0,0,0,512,1,0,512,6,0,253,0,0,259,1,0,,0.14530964998994023,e070f3e7f547b6a40ba45667f8dbac5e:0:0,9c3f74eb51a77d638e45c60b0fcb1f7f:0:0,c35493502274ee84d64d700bf67cefa0:0:0,8986d31fbc953c8c040817a1e6bb868f:0:2525736576,a24befa18224f1dc2a2e0757e18d2dd1:1:4133726684,1.0
1539,2,1539,1,legacy,0.0003,0.0,3.680222073403698,19.07381891048434,0.002727935090661049,0.054296875,-0.0016408054158091544,0.001307101029669866,0.0035926527343690395,0.0512382909655571,244,58,210,0,0,0,0,0,0,512,0,0,512,2,0,268,0,0,244,0,0,,0.11375857796519995,55776828096438986761b46ab998c85e:0:0,fefb513a3e8c007dd981fb83d0c90b60:0:0,c4f5a800c88cdeb659643881c0fd1b90:0:0,8506e8dfe21c2e946730ca2cf355928f:0:2292506125,9477ab8059b845744e5f8b1790d78ca0:1:3192618574,1.0
1540,2,1540,1,legacy,0.0003,0.0,3.8483814982510545,17.45090623869816,0.007940508425235748,0.0966796875,-0.009598545078188182,0.0011806666385382413,0.004140488337725401,0.04879095032811165,265,48,199,0,0,0,0,0,0,512,3,0,512,2,0,247,0,0,265,3,0,,0.10419605299830437,483b9e93349c108294990b218c95e45e:0:0,65e4c8bd01a78a7350e043a21e864a68:0:0,cf9ddfd3e7cb6eb8f4b15fee38796d6a:0:0,4587d932f6488e0c03f23c25532f9e8f:0:2286003002,c64fa26817f7bf62c53c7ea2bc1aab13:0:3999618550,1.0
1541,2,1541,1,legacy,0.0003,0.0,3.793430047056205,18.650082104653684,0.013944052159786224,0.0599609375,-0.0005865549901500344,0.001262650970602408,0.009622173383831978,0.056061483919620514,255,54,203,0,0,0,0,0,0,512,3,0,512,2,0,257,0,0,255,3,0,,0.15640741004608572,ecc3af8843930c5012f6372871d3005e:0:0,437b2d97e8044142543c4b6eb62acb92:0:0,c1c6ba9ceef4de3d88c7f68fd085efb1:0:0,783e6fc8769d92298d0a35170649aa8f:0:3276858011,625459c5cb97e71adfbaaa2bb49f3359:1:148128701,1.0
1542,2,1542,1,legacy,0.0003,0.0,3.714708219651391,17.50650493261554,0.014108874835073948,0.126953125,0.004565108404494822,0.0009348625084385276,-0.0059617445804178715,0.044713426381349564,246,42,224,0,0,0,0,0,0,512,1,0,512,4,0,266,0,0,246,1,0,,0.1134880050085485,fd500a8562b40061e4bf551b69501c5e:0:0,7a1d3373a679041f79dca713d51fec63:0:0,327ceb91fb012c7c7d98942162c89e00:0:0,d0f427dec37a6f4a0231bc8e0ca3b68f:0:1505037565,d2961a8e80b248ff51eb930828751e76:1:3633867404,1.0
1543,2,1543,1,legacy,0.0003,0.0,3.7774577336416684,16.67490134723939,0.0037503172643482685,0.0541015625,4.2400904931128025e-05,0.0009622210083762184,-0.005570427980273962,0.04435837268829346,260,52,200,0,0,0,0,0,0,512,1,0,512,1,0,252,0,0,260,1,0,,0.10858408198691905,75932e89c05e0df8aad4c196730d385e:0:0,5ceba079e83ec5c468e40f3d3e82f3c8:0:0,a71d85fe4d1a85c68d3625393f21ce74:0:0,86abf4a229bb7515bc1d1a16663dc28f:0:667114445,e8657c69453391f3ce07ac2ae4276f8b:1:2561937640,1.0
1544,2,1544,1,legacy,0.0003,0.0,3.775595414514024,18.380655567619808,0.0034964745864272118,0.0740234375,-0.00028929521795362234,0.0009690987877547741,0.006009022239595652,0.044119879603385925,237,59,216,0,0,0,0,0,0,512,0,0,512,2,0,275,0,0,237,0,0,,0.1443925959756598,dd8c5d0a96fc0be0c0b119358f0a545e:0:0,40dbcbcbf924b2d78a20f10d613595c4:0:0,2360d46027e854ff21cc9117c679242e:0:0,89f5f94ce364cfe5787bd53c1317ce8f:0:1008517210,d9cf51d1ad6adfe53b8338c972e68779:0:832856958,1.0
1545,2,1545,1,legacy,0.0003,0.0,3.874762243145294,18.79247556358241,0.010491541586816311,0.130859375,-0.0030717811081558467,0.0011488249059766532,-0.0023175706155598164,0.04849451035261154,251,60,201,0,0,0,0,0,0,512,1,0,512,1,0,261,0,0,251,1,0,,0.11547183792572469,a7fe29ea0aa2115e58693894bd47705e:0:0,6fae90299ec64b27cc770d3c7cd91732:0:0,fa23d8beb85c59d729d8787c25f10ca4:0:0,64f0b3cbc1e2ed6765f8b58b1331da8f:0:1771828224,0ddba03a6964df7c98c35bf8f7fbfe46:1:1386422136,1.0
1546,2,1546,1,legacy,0.0003,0.0,3.858951824506535,17.79120781894161,0.0021673589944839478,0.0771484375,-0.0028990404680371284,0.0010398389975307509,-0.0057397764176130295,0.04660730063915253,258,46,208,0,0,0,0,0,0,512,0,0,512,3,0,254,0,0,258,0,0,,0.10573321499396116,7f83d58885cd235996ac3c4ffdc48c5e:0:0,66048aaa55682134fe33ac4b1fb43f8f:0:0,f33750725dd67202b6f3a06feae9ca46:0:0,ae485ff6746c84843039c28f668be68f:0:2938264812,d7a94c8634cca1f6c98c7ce10ae991d6:0:696465905,1.0
1547,2,1547,1,legacy,0.0003,0.0,3.744294283219299,18.51792329608253,0.00467614596709609,0.0255859375,0.0003590694162994623,0.000981651953770779,0.008200628682971,0.04482283443212509,252,58,202,0,0,0,0,0,0,512,1,0,512,0,0,260,0,0,252,1,0,,0.10643444489687681,762d84b380e103caaec381035081a85e:0:0,6c3c58e31b022753a3dea9c7a89f17cf:0:0,419b455581f41a324d8b7aa5c623fc1e:0:0,f647a8b59d1240840be043d50d25f28f:0:3980352260,0d7d4303ef47e892459a6ce575e44362:1:152888828,1.0
1548,2,1548,1,legacy,0.0003,0.0,3.742478338349748,18.175256562179264,0.003966496791690588,0.0806640625,-0.0027940460946410894,0.0011455339554231614,-0.0008767927065491676,0.0480051226913929,261,53,198,0,0,0,0,0,0,512,1,0,512,1,0,251,0,0,261,1,0,,0.13807234191335738,188bacdee0002365fe92a34ab57ec45e:0:0,88a659821b5445dfb3b2ef241704deb9:0:0,3881fb6102818b62d108992f6e012d6f:0:0,0a7f17bc27080f73c288c0e806fffe8f:0:842921429,9c4cd75074b629b76860f037c05af161:1:3479820721,1.0
1549,2,1549,1,legacy,0.0003,0.0,3.7718965665875563,18.44107195168403,0.006507085170596838,0.1029296875,-0.005554111674427986,0.0010599986591842026,-0.0029252273961901665,0.046020351350307465,254,56,202,0,0,0,0,0,0,512,3,0,512,1,0,258,0,0,254,3,0,,0.14005900407209992,986d69c052d9b5882a977fc22cbbe05e:0:0,57b6291e320b49b2158639a99ba43610:0:0,71ec2180cb353937207a90e3dae39954:0:0,4ceb1bc490b413c9becb0154541a0a8f:0:3274235460,27af98b2e4e5f77b2db59c7c0e227560:0:226823426,1.0
1550,2,1550,1,legacy,0.0003,0.0,3.8294207960310516,16.77585281589953,0.004873852711170912,0.057421875,-0.006007202691398561,0.0008359714294783771,0.0003222091472707689,0.04094627872109413,272,47,193,0,0,0,0,0,0,512,1,0,512,0,0,240,0,0,272,1,0,,0.11011335393413901,cf8bec0e6209e66239ea3305b638fc5e:0:0,86c146df48e162db4a5dc59eec1a45e7:0:0,08bc8120d778c1b561ac1a72eb628d37:0:0,9a12f08e1c0f394b183a0ca5f474168f:0:2946624703,17960cc8769d1ac2c2cdb2fb2cd55224:1:917167601,1.0
1551,2,1551,1,legacy,0.0003,0.0,3.7500447101009677,18.770160787357803,0.006549721583724022,0.053515625,-0.003610358596779406,0.0011044918035622686,0.007313672453165054,0.0473024807870388,227,47,238,0,0,0,0,0,0,512,0,0,512,1,0,285,0,0,227,0,0,,0.10751096997410059,f12ec7cf15a83365b23d19b151f6185e:0:0,68219312ddcad4e14b30ebb9649f829f:0:0,18366f5dc86acdc248e1735c8a41a12b:0:0,c99d332117e36d309f642a68e80e228f:0:1179811835,2748861676b6f6114ea5ae213b3aeafb:1:1966405268,1.0
1552,2,1552,1,legacy,0.0003,0.0,3.8877986294262077,18.538855237784603,0.003746358910575509,0.024609375,-0.0006555137690156699,0.0013882867759093642,-0.003419009270146489,0.05322516709566116,243,60,209,0,0,0,0,0,0,512,3,0,512,4,0,269,0,0,243,3,0,,0.11560680798720568,95c19b4c609fe5f0b3dcd060fff3345e:0:0,b689e720442792469fbb72862c276085:0:0,3e3743ae931b22fcce3f5b03e7c46d12:0:0,2989782cb473798be9d2e2292ee82e8f:0:3241154278,ea66e2641b5150c8b3a0d82ff76d5a86:1:1905169147,1.0
1553,2,1553,1,legacy,0.0003,0.0,3.9019173570050043,17.677924644617484,0.008900095708668232,0.0853515625,-0.0010354678612202405,0.0009415735607035458,0.0014823484234511852,0.04362059012055397,267,58,187,0,0,0,0,0,0,512,0,0,512,1,0,245,0,0,267,0,0,,0.10912620299495757,8e9b566ebc6eb03a15b033b0c030505e:0:0,6f91f0e1eb5cf914e5aa64a730e3990f:0:0,0223f24f9680eb7bed31dcb3c96afb1f:0:0,60e0d19c161883ec5e0afb72c9023a8f:0:448357182,a1d50cc20b1187579e89cadefaf5e0d9:1:485614695,1.0
1554,2,1554,1,legacy,0.0003,0.0,3.703359841114932,17.514536725533645,0.00968395359814167,0.067578125,-0.0013323006685823202,0.0012047581287333742,0.006252831779420376,0.049828872084617615,262,49,201,0,0,0,0,0,0,512,0,0,512,1,0,250,0,0,262,0,0,,0.10843888903036714,d51a54e8a0e56c7d8138603c92ad6c5e:0:0,54ad3a67de2b8c9e95b663805d46384c:0:0,7abebed9be79115c7b9baa4985849392:0:0,de81d3cb98612f443f8c7dd1b65c468f:0:459027548,f595f641e346902808c687f9bc52af78:1:3936062914,1.0
1555,2,1555,1,legacy,0.0003,0.0,3.8709557220637567,17.52267416144493,0.011161517351865768,0.0765625,-0.00543220650870353,0.0009698611858766526,-0.0002530952915549278,0.0442965105175972,260,57,195,0,0,0,0,0,0,512,5,0,512,1,0,252,0,0,260,5,0,,0.12128599407151341,20f68447c386fe678e90b2a0776a885e:0:0,cf4d459f5cef5bc4eb4fc0119e2d2e53:0:0,01808f9985cce17e89c4d932bc4f50d3:0:0,4eef5a12743e610dbad2b0d1f6f6528f:0:108027527,e439aa7ef62e76991e62fff9ac4559ab:0:766165933,1.0
1556,2,1556,1,legacy,0.0003,0.0,3.710876561670771,16.485531223285932,0.005207812879234552,0.0564453125,-0.0013719262788072228,0.0010768245789222418,-0.00134441873524338,0.04635428637266159,259,53,200,0,0,0,0,0,0,512,1,0,512,1,0,253,0,0,259,1,0,,0.13509517500642687,7083f1ab4a2156c1e06ec7786e67a45e:0:0,5a4d999b2d08a9aa8e037de4e0549e46:0:0,c1c71bad28cb9923316d15e2bb87ba12:0:0,7bfc05a03bc9a9aff1541bff8ad05e8f:0:3295140994,bc6bcfdcb797d9af4135502373a11560:0:1073711213,1.0
1557,2,1557,1,legacy,0.0003,0.0,3.8830520514193365,16.695887384856057,0.007847790606319904,0.090625,-0.001852163439616561,0.0009426396252820268,-0.002656437223777175,0.0438416562974453,241,42,229,0,0,0,0,0,0,512,1,0,512,1,0,271,0,0,241,1,0,,0.11206286598462611,44d459885c3c995f40227b6077a4c05e:0:0,189549099b5e1b5ea8c8a4d4853167d6:0:0,b532126d2a97c660ad0fe58df4989c81:0:0,660f38f8de315024058286e671ea6a8f:0:3986511281,a9c83c530ae08dd6195edc15566ff9ca:1:295117789,1.0
1558,2,1558,1,legacy,0.0003,0.0,3.902537610250771,16.981977653818948,0.00217611575499177,0.03515625,0.0019479495007544757,0.000997038951027207,0.003099003341048956,0.04476745054125786,261,55,196,0,0,0,0,0,0,512,7,0,512,3,0,251,0,0,261,7,0,,0.14710438903421164,b575ae90befc6547b995eaf49321dc5e:0:0,959c9b0260a787b9d5950b145b37654c:0:0,a1f39b34fde3497aeda35ac97b6b0a5f:0:0,4bd325a5265600da26caf912ac44768f:0:2643811142,38a1741fe993d741847795b83273667c:0:3304518491,1.0
1559,2,1559,1,legacy,0.0003,0.0,3.8729527827926606,15.810749799143476,0.006664089392870665,0.0505859375,-0.00493190954439342,0.0008322927140397951,-2.8631038730964065e-05,0.04099149629473686,271,48,193,0,0,0,0,0,0,512,3,0,512,4,0,241,0,0,271,3,0,,0.1450166170252487,fe360379670f3f24b74d72d0c0def85e:0:0,e44f9e1f952d736ed7233de7193e09fa:0:0,dafdbcb112b47f5d7d003a157918482d:0:0,a59e60f8e6a61fde9d95ba1039de828f:0:1953479758,7ed3e4f600c7a4228e8913e5270335b0:0:1334387493,1.0
1560,2,1560,1,legacy,0.0003,0.0,3.8172216106487644,16.764661591585515,0.009839894250035286,0.1259765625,-0.010567118600010871,0.001096165124909021,-0.003101514419540763,0.04690942168235779,256,39,217,0,0,0,0,0,0,512,1,0,512,0,0,256,0,0,256,1,0,,0.10902540199458599,f71ad6092c481ded1e67af9100dc145e:0:0,4ef171a6fb52ed6108030daae8f1d9f5:0:0,cc89355d0aefe69cfa4d0155c5736bb8:0:0,c91e601b44c2be3ed746516b1ab88e8f:0:207361950,a1b64fbf49749e6796994b502339946c:1:4016721162,1.0
1561,2,1561,1,legacy,0.0003,0.0,3.635415963080902,17.572472220490965,0.013511494733393192,0.0501953125,-0.0011107330908998847,0.0012161616934463382,-0.0008853294420987368,0.050700124353170395,261,46,205,0,0,0,0,0,0,512,1,0,512,2,0,251,0,0,261,1,0,,0.10633371397852898,35da68820a7e19d16a9d7dd15319305e:0:0,2d7cd3d27e0674833708a4782bb73f08:0:0,3e341b703b8359c2bc42704c323e87ab:0:0,eaeb32c8d77a32ae723b86af4ed29a8f:0:875370982,5b767218cd216b0c24c38e4d64bf28e4:0:2031067646,1.0
1562,2,1562,1,legacy,0.0003,0.0,3.796321694408793,18.41886914189925,0.024996794760227203,0.1513671875,-0.0013098095078021288,0.0011240717518376186,0.0031446197535842657,0.047532085329294205,251,54,207,0,0,0,0,0,0,512,2,0,512,3,0,261,0,0,251,2,0,,0.10644355893600732,9ae1a1219b4e3d67ca41fa2db7964c5e:0:0,eb24863bfa63bdd419a3f0b8c87c4a33:0:0,ad7ce782f2ff3f38eaf068965ff545b3:0:0,79ffd79289a4556c49cf6168d62ca68f:0:2116276108,69a9fb8aa7e545119af702c235e28258:1:2180108924,1.0
1563,2,1563,1,legacy,0.0003,0.0,3.809516006708981,16.793738885577866,0.012705981731414795,0.13671875,-2.412600442767143e-05,0.0012535560817923397,0.0035446505062282085,0.050830185413360596,261,43,208,0,0,0,0,0,0,512,3,0,512,2,0,251,0,0,261,3,0,,0.10646962409373373,f487ce1fb45b79183a4281422e53685e:0:0,dcd09492859e3932fbc36519a657cc5c:0:0,254b2a94d8c260cb54325afc6eeceb2f:0:0,4fd593a7746c5f6782572923b0c6b28f:0:1572673968,0a2f2c33320546555afa67afbcb04ce1:1:339038951,1.0
1564,2,1564,1,legacy,0.0003,0.0,3.7616014873981083,18.272607380232863,0.00633403891697526,0.025,-0.0018601769115775824,0.0013863107305951416,-0.0047796969301998615,0.05309867486357689,247,49,216,0,0,0,0,0,0,512,2,0,512,3,0,265,0,0,247,2,0,,0.1329003709834069,63c3af3c55a8b8c8a226afaab750845e:0:0,8d74632205672d7d8b86ce8a6a7f8967:0:0,0e0e6a3987fabd4d1bd8cf8066a0586c:0:0,da53d38323946ca49523656bdea0be8f:0:3269174260,4013a8762e2c6b47e91a84466bbf016f:1:1781049609,1.0
1565,2,1565,1,legacy,0.0003,0.0,3.765155805833358,18.555066983384517,0.008326582610607147,0.08515625,-0.005677682580426335,0.001149479829473421,0.0003709817538037896,0.04792889580130577,243,55,214,0,0,0,0,0,0,512,2,0,512,3,0,269,0,0,243,2,0,,0.11815671401564032,78c2449853a91bc8f0106203528da05e:0:0,cea1c6b42e30dc03d11cb84c63c20b16:0:0,a537e12372770509bfbfad1ec6e59f91:0:0,2e294124f63ea1e25c7fddcd5fbaca8f:0:1840138963,fccf24f012676b121faa114e06298b0a:0:3335154556,1.0
1566,2,1566,1,legacy,0.0003,0.0,3.777680864747019,19.275286481085274,0.005800007842481136,0.0486328125,-0.001925006927922368,0.0011849561415147036,0.0028956003952771425,0.048677511513233185,238,59,215,0,0,0,0,0,0,512,4,0,512,6,0,274,0,0,238,4,0,,0.10509949899278581,c5681d3e68a24eff34bbb4e8000abc5e:0:0,a50c7d1949405d9efed9f55884d61861:0:0,8105014dff10f9bb8d397739cadc1def:0:0,cbb5efc08ec7f57f1fb399d43414d68f:0:2642751156,92e98f2a5c6fda3df1ddb8f845f03c5e:1:563740262,1.0
1567,2,1567,1,legacy,0.0003,0.0,3.6936554258785526,16.216115012199616,0.007542946841567755,0.065234375,-0.006272055162116885,0.0009289989829994738,0.0034322948195040226,0.04301893711090088,263,42,207,0,0,0,0,0,0,512,5,0,512,5,0,249,0,0,263,5,0,,0.10446935903746635,1a49366c98fd0953bf7f04f4bfc7d85e:0:0,ce39fd57345f4c4f343b326da102839d:0:0,ba72dc48f1e3022b4c8f83597da18fd4:0:0,c1b1bc2284409b9d9f00e10c5baee28f:0:1563353070,8861eef8f3bd92b64a9ffd1c60ca471c:0:618526058,1.0
1568,2,1568,1,legacy,0.0003,0.0,3.9119155644674897,16.037817735195215,0.005114937201142311,0.0392578125,0.0006343516986817121,0.0009999731817515567,-0.0013772827805951238,0.04472905769944191,263,36,213,0,0,0,0,0,0,512,2,0,512,0,0,249,0,0,263,2,0,,0.10874459997285157,fa41ef58161faa5d3a4aeec591c4f45e:0:0,41383ea964c538be2bcf7391ec11c67a:0:0,4afa70a325ed146859deb3f284ee6db7:0:0,b26d4c4fc80e158a1fa53b01d688ee8f:0:1960962159,95d18002bd466b7c4087590eacfe092f:0:1619903250,1.0
1569,2,1569,1,legacy,0.0003,0.0,3.774720351110801,16.503720930322796,0.004206452053040266,0.0841796875,-0.0018551513552665711,0.0010463351994985715,0.003574654459953308,0.04582912102341652,253,44,215,0,0,0,0,0,0,512,8,0,512,3,0,259,0,0,253,8,0,,0.1467985330382362,3bd523d00b6efb4cc5aa4ef67602105e:0:0,783039d30e42bdd4fb0a4ac9f4c046ad:0:0,b98db6dc6e7a0f798d1c905691fa8c67:0:0,062f70317242e45f77d96f40a4a2fa8f:0:955977656,67a7809c552f61f4e794f14ee59eaf1e:0:1491563840,1.0
1570,2,1570,1,legacy,0.0003,0.0,3.8838755974683443,16.303170764729515,0.010856041684746742,0.0828125,-0.006002901634201407,0.0008778129558777437,-0.005160082131624222,0.042284682393074036,265,44,203,0,0,0,0,0,0,512,0,0,512,3,0,247,0,0,265,0,0,,0.1345195050816983,80082ace0111121a14c242236c7f2c5e:0:0,f5d804e323736d3626de4ba19f7cb75b:0:0,87a46692b1a73422c04019aefd519532:0:0,3a040869e737deec1ad18554c5fd068f:0:1636598614,7dadfb9f3e2bc17635f3a57155ac4145:1:3608084582,1.0
1571,2,1571,1,legacy,0.0003,0.0,3.7111890175893,17.852744094947393,0.015418008901178837,0.088671875,-0.0020693135214969517,0.0010873359598917887,0.0020745270885527134,0.04666982591152191,262,59,191,0,0,0,0,0,0,512,5,0,512,4,0,250,0,0,262,5,0,,0.1244997379835695,4ee53cacc00e56ef895224e8753c485e:0:0,aada823802f9574c2304838811aa0fbf:0:0,c82c38bc298d72b31ec90efae38a8abf:0:0,b19507bb88f32ad724bcc4ca3a97128f:0:924526147,617afb8e3d4f62f1a2986c846582d6e1:1:3451130051,1.0
1572,2,1572,1,legacy,0.0003,0.0,3.8218783116649764,17.0921793328946,0.005077625159174204,0.0892578125,-0.004222386772744358,0.0010282545787049457,-0.0027413670904934406,0.04533233121037483,265,51,196,0,0,0,0,0,0,512,4,0,512,2,0,247,0,0,265,4,0,,0.1154101979918778,7c57a768e36cabd64fb393e19039645e:0:0,e678b7544c13dde926071888d5980ace:0:0,05eb514d23428fe8cf1402e41b607153:0:0,af999eb466e8d90566c5b52d02711e8f:0:1932301112,9f797fe81e29e33311b3d1a1d3c31abf:1:2476463603,1.0
1573,2,1573,1,legacy,0.0003,0.0,3.818403238862416,17.71850814478708,0.007919259369373322,0.055859375,-0.0003061741823330522,0.0010691891628084704,-0.002178959781304002,0.04653877392411232,261,51,200,0,0,0,0,0,0,512,4,0,512,2,0,251,0,0,261,4,0,,0.1014510371023789,26fb35f881e0b6a27ada6baabd76805e:0:0,37cba1d7611520a9d3c389d3ae786a89:0:0,17ef4ac09b5fc3f75d654b6deeaaa65f:0:0,0e4b289d9ea1253e73121e091d8b2a8f:0:799745746,fe9e6cc2de15fd58a6333dbe748adff4:0:2975507193,1.0
1574,2,1574,1,legacy,0.0003,0.0,3.834061460843373,18.701775800651465,0.002349194372072816,0.056640625,-0.0007751574739813805,0.0011807565431809052,0.0022985939867794514,0.04872378334403038,246,58,208,0,0,0,0,0,0,512,3,0,512,9,0,266,0,0,246,3,0,,0.10127356904558837,5ff94a719bb14d1f2054c8dffcf39c5e:0:0,9437b4b59c97f74d1e455543ffd64c45:0:0,a667a208c658237ee8a37e432c3afd4e:0:0,f36303f85fd05911a8c306ea8be5368f:0:3120582957,c23b6e3af52a51a6b3de3a370371c077:1:1410201179,1.0
1575,2,1575,1,legacy,0.0003,0.0,3.764181131506074,17.151394754405192,0.014949904754757881,0.080859375,-0.003425996797159314,0.0012068188370903954,-0.00257407920435071,0.049141619354486465,253,47,212,0,0,0,0,0,0,512,7,0,512,3,0,259,0,0,253,7,0,,0.12491486105136573,896a61613869037a744b081d4eb0b85e:0:0,ec882d92913a264e91e3429d627d5b52:0:0,ab917a900a2f4553f92134289e16627d:0:0,fca8201dc66c51fb3ff4b75d4d7f428f:0:2260283009,af455b59b133c4cdc16a22d218ab73ae:1:829764374,1.0
1576,2,1576,1,legacy,0.0003,0.0,3.603805911978995,17.30066386979514,0.004792419262230396,0.0787109375,-0.006680347910150886,0.0009560525155393407,-0.0032027496490627527,0.04488189518451691,259,55,198,0,0,0,0,0,0,512,2,0,512,3,0,253,0,0,259,2,0,,0.11902105191256851,ea2a075f5ff1dcf1e57fc5feb2add45e:0:0,d3b7a06bfe8c2b7f261f913c5bc10c97:0:0,6dcf65677e2ccc56486f5d8953ce6d9e:0:0,3646b4e1fd4baac955beb6ed62594e8f:0:573775808,476a0c96faa6471822960d469d732bea:0:3061396222,1.0
1577,2,1577,1,legacy,0.0003,0.0,3.678802411840431,16.46265105200384,0.008645812049508095,0.0951171875,-0.0019189976388588547,0.0013076320668915288,0.0015263876412063837,0.051198676228523254,264,59,189,0,0,0,0,0,0,512,4,0,512,2,0,248,0,0,264,4,0,,0.10792213294189423,0cddb8965ab71ebe394fdf2028eaf05e:0:0,3489ad77cb725a856f21d1c26900c4e7:0:0,15b167ebcd9436f3df8309c0462ce594:0:0,865050665bda8840f833cd26ca735a8f:0:1221912935,58cd277150552d84d728a5776b29b6e2:0:4067269183,1.0
1578,2,1578,1,legacy,0.0003,0.0,3.7117950616547692,17.79262922247229,0.008860784582793713,0.058203125,-0.005801541218534112,0.001265717690694146,0.003532387549057603,0.05065412446856499,261,49,202,0,0,0,0,0,0,512,2,0,512,3,0,251,0,0,261,2,0,,0.10518584097735584,6e5cac9de469453fa7b2701db1680c5e:0:0,e151704b0b65d68bd764e2d03c34b93e:0:0,6bba6a7060892dcda142b4200ff6782b:0:0,0c162a91717109033262019585cd668f:0:2278458720,acb570000ea1a52772a288c983316738:1:422687256,1.0
1579,2,1579,1,legacy,0.0003,0.0,3.84157219309686,18.165851745171757,0.006913011893630028,0.054296875,-0.0031423341948539018,0.0011105149489594624,0.0022324074525386095,0.04830139875411987,243,52,217,0,0,0,0,0,0,512,5,0,512,1,0,269,0,0,243,5,0,,0.12866964098066092,f7ef37b53d001b69f738d5934c25285e:0:0,ebae0dd8550a019aa094f26e2b9ddeb9:0:0,38ed917e757b3a31e3f57ea347ebabdf:0:0,31d37cef30d758b218529bc59467728f:0:2748487710,ef678af5dbf182eaa1691e1823258b72:0:3251805631,1.0
1580,2,1580,1,legacy,0.0003,0.0,3.814073165781485,16.68907386746694,0.03726668655872345,0.1509765625,-0.00798393173608929,0.0008753838890697807,0.0028781257569789886,0.04200046882033348,268,49,195,0,0,0,0,0,0,512,4,0,512,4,0,244,0,0,268,4,0,,0.14393202599603683,f6402d114396f470990eac1cf922445e:0:0,ac86502c4fdabb45d151a231db29084f:0:0,d4dc5d20568257dddf789c482ff20bd7:0:0,ce917906ae836655d30a2342f6417e8f:0:1799916312,e05c434d854528963ec58c6fa877074d:0:2580488749,1.0
1581,2,1581,1,legacy,0.0003,0.0,3.744744330866236,18.22744230122448,0.002414703369140625,0.071484375,0.002037919871509075,0.0014844641496893018,0.010430218651890755,0.06626623123884201,250,59,203,0,0,0,0,0,0,512,1,0,512,3,0,262,0,0,250,1,0,,0.10888795903883874,e0998c9e06bf07b2c4f9d056b85f605e:0:0,c8902ebd3858c1f4534a6ab3c21cbe88:0:0,422f7f33cb631ea27a9b931f2a695810:0:0,a8925e7e241c3e01ac885f99ab5b8a8f:0:2044973549,b94b6f7bc9621ac840bd8cd9522744af:1:2391436565,1.0
1582,2,1582,1,legacy,0.0003,0.0,3.8104838995496033,16.695220434743785,0.0026995879597961903,0.0548828125,0.0012023519608192145,0.0011442286748206242,-0.005285028368234634,0.048306748270988464,262,51,199,0,0,0,0,0,0,512,1,0,512,2,0,250,0,0,262,1,0,,0.10543192597106099,875fc13d75e3eee7955a5edc89dc7c5e:0:0,b917f733f6b11432f8a22138052dede6:0:0,074d9b834abe7a9003e87070b495702c:0:0,e12525b12bcf05b91bc85855b3b5968f:0:3984450712,d21baaf25a97f2c02f6f271eb9760d86:1:1222561342,1.0
1583,2,1583,1,legacy,0.0003,0.0,3.854331451805552,15.47457828790526,0.006185500882565975,0.039453125,-0.0035335190361365674,0.0010112534393556416,-0.0009719916270114481,0.045632727444171906,275,44,193,0,0,0,0,0,0,512,4,0,512,2,0,237,0,0,275,4,0,,0.10840352100785822,56f3cb371f5e468a232ab44a6d99985e:0:0,fe4e2fbad1d19947b4a432f5adbe5370:0:0,ea31af65311134c0e407c17a72050e6d:0:0,44c732a866019d94d0c055030f4fa28f:0:529385987,79be1ab2364fc1c26b2e783f86b016b6:1:3288292816,1.0
1584,2,1584,1,legacy,0.0003,0.0,3.7185910274649334,16.50172812442623,0.007100253831595182,0.0919921875,-0.0033525796607136726,0.0011963970842771231,-0.0023018764331936836,0.049004510045051575,266,46,200,0,0,0,0,0,0,512,4,0,512,4,0,246,0,0,266,4,0,,0.1159171509789303,7774e53726d07085a1ff6d3c6396b45e:0:0,509c25378d89e7f8eace2e06ee32ed3d:0:0,ff8761f80af108f7bee46f0ed9eee5ce:0:0,192d8facfbeee327c061dd2dbe29ae8f:0:2741317962,7516f77059cdbc216e75538ceeea43e6:1:3107978808,1.0
1585,2,1585,1,legacy,0.0003,0.0,3.8930300086433793,17.855202713997787,0.006629725452512503,0.0724609375,-0.0009375925408676266,0.0010437189223011956,-0.004682460334151983,0.04570656642317772,250,50,212,0,0,0,0,0,0,512,1,0,512,3,0,262,0,0,250,1,0,,0.1099672339623794,e48580e4df6979217c07664e6bd3d05e:0:0,e62d27ecd3bec9f12ac16ca24739fd56:0:0,2a2e023559dd50978b7a523e69df327a:0:0,c17345fdb1b898243099b861c043ba8f:0:4254888443,3ca5331849b4b6b2280b56c1834ca492:0:608184668,1.0
1586,2,1586,1,legacy,0.0003,0.0,3.822101018420013,18.424373646953928,0.02344414032995701,0.1236328125,-0.0025894784601405265,0.0011169558856636286,-0.002298597479239106,0.04741571843624115,260,59,193,0,0,0,0,0,0,512,3,0,512,2,0,252,0,0,260,3,0,,0.12068834505043924,547de2c3b5aa1e2d6e0bbc1c8650ec5e:0:0,264e6f604a9a4f4aa922a3defaa2f9af:0:0,469ab7c8ff914e984a24e57fbe6fb92f:0:0,627e8e767a7aec40c44fee2b159dc68f:0:3878342566,105aac1aa6940b338a47fc37765c9c43:1:161600770,1.0
1587,2,1587,1,legacy,0.0003,0.0,3.8842677271478543,17.405764112497856,0.004652612376958132,0.0595703125,-0.0029796976828947662,0.0008618559688329697,0.004350084811449051,0.04148107022047043,263,56,193,0,0,0,0,0,0,512,5,0,512,3,0,249,0,0,263,5,0,,0.12248236604500562,1e982bbb5447f86da36fcb42b30e085e:0:0,46ff7fbb454759114e2f05cd6327f070:0:0,6c03e840693e0ddc1590cb804142b630:0:0,89f2c346c0edaa5d8767c615be37d28f:0:3753287220,f940e41e531491b3706c289095f76eb7:1:615723579,1.0
1588,2,1588,1,legacy,0.0003,0.0,3.6927798783152213,16.47900775355171,0.0029756336007267237,0.0171875,-0.001541115646250546,0.0008241912379162386,-0.0005733207799494267,0.040609851479530334,275,48,189,0,0,0,0,0,0,512,4,0,512,2,0,237,0,0,275,4,0,,0.11036024102941155,75de414e2fcac746d231305cf20b245e:0:0,b1408e297cbb9744cddc460efd6d1c1c:0:0,1a3a8a26543501e7df13373620a533b1:0:0,abf9371dd71f08e8fabfc7adba11de8f:0:739984309,941d511caf94faaf40d10f905ee0b511:0:1737204349,1.0
1589,2,1589,1,legacy,0.0003,0.0,3.886817103714068,16.63422659754106,0.003967934288084507,0.0384765625,-0.002888375986367464,0.0008899530308553949,-0.0021560019813477993,0.04238879308104515,265,38,209,0,0,0,0,0,0,512,1,0,512,2,0,247,0,0,265,1,0,,0.12730167410336435,7539c42fe47fdeaa56e7c8074348405e:0:0,e37650ba0c772fdbced616c8dadee28f:0:0,5b1fcd5aa58b2a08aab05ce62aa14146:0:0,0b0f5d803fd41d852031ba7f092bea8f:0:2328869375,c9ed5edb946c8f5b91c40d2444ec99b4:1:1426060320,1.0
1590,2,1590,1,legacy,0.0003,0.0,3.7241092909787534,18.191588718616572,0.003777098609134555,0.053515625,-0.001992373401299119,0.0010300191293936222,0.0008365998510271311,0.04536100849509239,256,54,202,0,0,0,0,0,0,512,3,0,512,2,0,256,0,0,256,3,0,,0.13965701404958963,d2391f97125fb74250c5aedda6c55c5e:0:0,fc42d5398644d84fa4b28a26fdbff7ab:0:0,c92686cdf9602548b8f76aa01b3ea45a:0:0,3c1d0343c41af3ec8692a615ab85f68f:0:180843807,907ea579ae8c60280afface53158b782:1:3388820858,1.0
1591,2,1591,1,legacy,0.0003,0.0,3.7877291739999857,18.24164550926126,0.004855211824178696,0.0712890625,-0.0026305441744625567,0.0010429515677969903,-0.0007943097734823823,0.0462464913725853,251,56,205,0,0,0,0,0,0,512,3,0,512,7,0,261,0,0,251,3,0,,0.12009943905286491,ca2ab250a281a0ddbd97417c1c82785e:0:0,0b6b5e5dfcc43ea178eec0759e4c0071:0:0,e18443c7e81d1b6e9784f76d3a1aabfb:0:0,eb99b57b879a481755b2d1fda120028f:0:2329485705,314598ea24a7049988ed8a7364b495d5:0:348887681,1.0
1592,2,1592,1,legacy,0.0003,0.0,3.774932126323363,18.241419379863764,0.001716806087642908,0.0361328125,0.0005731233861297369,0.0010298002744093537,-0.005228150635957718,0.04600280150771141,252,52,208,0,0,0,0,0,0,512,2,0,512,3,0,260,0,0,252,2,0,,0.12594746996182948,32582544a1b9971c95c31c7ea47f945e:0:0,65a0ddf62ff1b11ec8aff9833999491b:0:0,ad2fa327c5fa480e3c3bea2e4ef5b736:0:0,c1bce0688e2ae3a05a5dc5c2e9fa0e8f:0:631924688,0fef95123ec63e348628f0a37747cc02:0:3510168758,1.0
1593,2,1593,1,legacy,0.0003,0.0,3.723025968347779,18.311363735733032,0.0072946688160300255,0.0654296875,0.0009398527443408966,0.0012832862674258649,0.001769924652762711,0.050724729895591736,237,42,233,0,0,0,0,0,0,512,1,0,512,0,0,275,0,0,237,1,0,,0.13865969993639737,b2b031c71bfc385be84a1c813ebcb05e:0:0,234e50be911e44bbfce95aabbc7cc1b8:0:0,934a466da2a993ff2df0b7a01547534a:0:0,36d8a74e65469e6a125a48f186141a8f:0:657007639,a05f4727e0fea4b40e51186b112b9d04:1:1290917177,1.0
1594,2,1594,1,legacy,0.0003,0.0,3.825773715880019,18.84394813007162,0.0023434243630617857,0.074609375,0.0010113947791978717,0.0008560785849113017,0.004040705505758524,0.04178008437156677,250,54,208,0,0,0,0,0,0,512,3,0,512,2,0,262,0,0,250,3,0,,0.11670018499717116,4c4c64b9a424dee1f6c75e1feb39cc5e:0:0,4e76c07fe8f1702fe6c40306fc255d37:0:0,0b048884c9b4b700f153529c91676ca5:0:0,c953f956e3d90283b86a6315756e268f:0:1720772013,b84c30c8f711f5353ad5f086fca5f50c:1:20459216,1.0
1595,2,1595,1,legacy,0.0003,0.0,3.847805576599767,17.888674455222976,0.0108238086104393,0.06015625,-0.0052624868229031565,0.001159822355839424,-0.0005597028648480773,0.048541001975536346,255,55,202,0,0,0,0,0,0,512,3,0,512,3,0,257,0,0,255,3,0,,0.12101370794698596,953ad22c73b9dc4a51703df6a9f6e85e:0:0,604ac21d1c10a598ae51bd84dbeeec0c:0:0,2bf2c1358594a430f6212a46648894e2:0:0,477cf6fb32fd934e504b5bbab808328f:0:3504376731,8dd3c12310074502e245c736f628a02c:1:3167091877,1.0
1596,2,1596,1,legacy,0.0003,0.0,3.775695618645097,17.15875890581602,0.0029622125439345837,0.0439453125,-0.0005182931665331126,0.001091741633717902,-0.000821925699710846,0.047090109437704086,260,58,194,0,0,0,0,0,0,512,6,0,512,0,0,252,0,0,260,6,0,,0.12828760803677142,bb092fd84e4ad731f31458a17af4045e:0:0,bed25a8321783026150fa950915a8941:0:0,12aa951ddea3c4f468b2a4e01cbdb0ab:0:0,b3e156b39237b7e1b2b5ba6d4de23e8f:0:3454926168,f443e546cfd82e18451ddf0376ad3a7a:0:2331103789,1.0
1597,2,1597,1,legacy,0.0003,0.0,3.8676885421926785,16.68277258209627,0.007973317988216877,0.06171875,-0.0028792939148843287,0.0008701494429260492,0.0014398861676454544,0.04213203489780426,257,51,204,0,0,0,0,0,0,512,5,0,512,0,0,255,0,0,257,5,0,,0.12674690003041178,97ff6b7494054b235d1d8abc5e31205e:0:0,ca76cb527f42d9b3b992da18f8be090d:0:0,c17cd65f92410147bc5cbbbda897b40e:0:0,a63f1efa89b048b1995d46b936fc4a8f:0:568305153,b7c1a375437850b0ca908f34478ccff0:0:1644701604,1.0
1598,2,1598,1,legacy,0.0003,0.0,3.783480846412248,18.093380194232168,0.004413825459778309,0.0509765625,0.000901990570127964,0.0010550453007454053,0.0013821646571159363,0.04592657461762428,242,45,225,0,0,0,0,0,0,512,3,0,512,4,0,270,0,0,242,3,0,,0.11485014401841909,26038c972f1b2ac2b38ff0e353ae3c5e:0:0,a057de277c03084a3fb355d4d2960267:0:0,8db24910128cebe041103919c5eaefe7:0:0,e0b4befb7d04c072aaf1082a7356568f:0:1169608974,87b9f960cca0404a9a93833ac3194f08:1:131893153,1.0
1599,2,1599,1,legacy,0.0003,0.0,3.849390693025769,15.177916049538887,0.01517499703913927,0.1083984375,-0.00048415861092507837,0.0009724408504553139,0.00017347642278764397,0.043961212038993835,274,50,188,0,0,0,0,0,0,512,2,0,512,0,0,238,0,0,274,2,0,,0.13235842296853662,900788764797a439d909e7b25b6b585e:0:0,75cfa66f1086fb4ee0b32217124afead:0:0,700aadce58fc85ea4a236cdfba5f1359:0:0,13dc4e8fd134103f871b464d02f0628f:0:156004492,d1df23ccd1726feb0e4c817ddf9f3828:0:975900910,1.0
1600,2,1600,1,legacy,0.0003,0.0,3.8268395137504267,16.08007232212352,0.0036046127788722515,0.0236328125,-0.0016732663614675402,0.0008294847037177532,-0.008656895719468594,0.04118310287594795,250,43,219,0,0,0,0,0,0,512,3,0,512,1,0,262,0,0,250,3,0,,0.14889853890053928,41e3a08de93e07e48ac40bc57568745e:0:0,db5373363c0ea729de24caccf5e6d6f1:0:0,5e71ba238c029c4b2f2f6bebd2e3f20a:0:0,70328979183516fdd28188ace5ca6e8f:0:3757541162,cba291cf8b0b535070e847cd70a65bbd:1:3045113579,1.0
1601,2,1601,1,legacy,0.0003,0.0,3.671114845923358,17.770046811098595,0.009597383439540863,0.05859375,0.0005025134421885013,0.0011109822982689366,0.0023855245672166348,0.047853920608758926,258,55,199,0,0,0,0,0,0,512,3,0,512,0,0,254,0,0,258,3,0,,0.12974392506293952,d0dcf3d6070ed13c7c9139b8a1a5905e:0:0,e51a4f1f41c6a1f11ac745cd8edc9f9f:0:0,5f5249198e2fd1737c68df0d5b6dd8fd:0:0,9acef111f4c2bc0342c496d61be47a8f:0:532454170,d0bd1224bf4bd46790cb61f0ef852096:1:1732068620,1.0
1602,2,1602,1,legacy,0.0003,0.0,3.7323092675952156,17.68876370806207,0.038895923644304276,0.1255859375,-0.004722901107743383,0.0010365397640271113,0.0021372982300817966,0.04564111307263374,257,53,202,0,0,0,0,0,0,512,1,0,512,3,0,255,0,0,257,1,0,,0.11246232397388667,9f1014df880ed20574de8e27e022ac5e:0:0,235a04245e86ec6f88e0a50d7cc5b386:0:0,f057e1056237842f08332b6a117ddd78:0:0,da4762faa8e9acfaaa807854a53e868f:0:476756023,1fa8384700bcca83d22231be884b35c6:0:2342196243,1.0
1603,2,1603,1,legacy,0.0003,0.0,3.8484542259268038,16.055728338603313,0.004708492662757635,0.055859375,-0.004197406000457704,0.0008759083139011636,-0.00323468423448503,0.041954271495342255,270,40,202,0,0,0,0,0,0,512,4,0,512,2,0,242,0,0,270,4,0,,0.10663254198152572,e3cabdd948ec7fb968b365af30dfc85e:0:0,bc362327d5c49373c5628919e40fa62f:0:0,aad323238793fcbd6488ed654cdc195d:0:0,c9de629181e3bf09054c74b481d8928f:0:2240364558,476e5540d7c08bcbab858ed36f011c13:1:3421271669,1.0
1604,2,1604,1,legacy,0.0003,0.0,3.8076702668979046,18.808721464442346,0.00687725143507123,0.0341796875,-0.0014827517559751868,0.0009613000642275437,0.0018412562785670161,0.04416283965110779,243,48,221,0,0,0,0,0,0,512,2,0,512,2,0,269,0,0,243,2,0,,0.11229373596142977,7cce1e283e1f633497b15cea93dce45e:0:0,f742b6c1ff62022b2f2d6a2c57dc2e19:0:0,2ee59bed05b62840942b4468a587228f:0:0,88104e5293ccf33283bb1381b1b29e8f:0:3365903215,3589da9dc34d46cd52252eb18492fcf4:0:3519757671,1.0
1605,2,1605,1,legacy,0.0003,0.0,3.8803823782987026,18.940089147113383,0.01928090676665306,0.091015625,-0.00295586601132527,0.0010139135411009192,-0.0003743179840967059,0.04526853188872337,245,61,206,0,0,0,0,0,0,512,4,0,512,1,0,267,0,0,245,4,0,,0.12339908396825194,cabcbbe8221daaa1a8145076091a005e:0:0,d44ac365249d21e260181d91bb53127b:0:0,40e7fa678a4d175b9f6ea74727e029da:0:0,1d78c18577be1dff975a1c4834ccaa8f:0:3776202171,e00cf6c9dd0972af19f6afc50ee41996:0:4200139987,1.0
1606,2,1606,1,legacy,0.0003,0.0,3.779944797393818,17.978267010174044,0.012090886943042278,0.06796875,-0.000133681483566761,0.0009940230433130638,0.0017817795742303133,0.04467398300766945,266,61,185,0,0,0,0,0,0,512,1,0,512,3,0,246,0,0,266,1,0,,0.11952376097906381,0fdb7e545b43dda5c2b25ced90971c5e:0:0,ed1a3c2cdeb657043389ed44f961268e:0:0,9b268402591b128bbad407b73f884d38:0:0,b51e75eafed93261feb296940b26b68f:0:469217276,b28434429a647cd131e6dfd88ffc34c7:0:3114359172,1.0
1607,2,1607,1,legacy,0.0003,0.0,3.778632590322844,16.508994806726562,0.006739419419318438,0.076171875,-0.0032038917997851968,0.0008123244624584913,-0.0012564158532768488,0.040263429284095764,259,42,211,0,0,0,0,0,0,512,2,0,512,2,0,253,0,0,259,2,0,,0.11589132098015398,860d2cc3050ab3ccaefbdeed2a54385e:0:0,198c5adae13391106befde68b46cd6a8:0:0,f3174b902428df6397a9f21b0f3d7a3d:0:0,22b918680cd32fd9d148c9f134c0c28f:0:1458827729,0a8be7a341f8ca2db1baf0ad9e510157:1:2932622787,1.0
1608,2,1608,1,legacy,0.0003,0.0,3.727931293172877,17.73636263711169,0.03954194486141205,0.116015625,-0.0054418488405644895,0.001029574655694887,0.0017420469084754586,0.0456787645816803,245,43,224,0,0,0,0,0,0,512,0,0,512,3,0,267,0,0,245,0,0,,0.11343912500888109,d9ca808648270d34eefb7310d651545e:0:0,a269f4315f0435939588fb8e8c050633:0:0,0f3f7df990bbbb1526b38b3771dd83f6:0:0,11b9aef60c87b3da8b9c3debb19ace8f:0:1503811889,c7174ca416bf623f3f223d33e9055950:1:3100377053,1.0
1609,2,1609,1,legacy,0.0003,0.0,3.6834788075612312,17.811021033701135,0.003975135739892721,0.07578125,-0.00304942918010056,0.0010277972964104266,5.88097027502954e-05,0.04559926688671112,253,46,213,0,0,0,0,0,0,512,3,0,512,3,0,259,0,0,253,3,0,,0.11719641205854714,1e0ed6b26d300d7bdb55f5f4948e705e:0:0,04f4ce4399022bba601022af4bbd195b:0:0,ef46eb8887f1a84536311241dc4a0aaf:0:0,0403656cb1222e701b27ba0f81b4da8f:0:2408738737,f7142d6802441e53bca77eb7a0b77677:1:1570414333,1.0
1610,2,1610,1,legacy,0.0003,0.0,3.6936843958461454,19.039763596981896,0.0027661151252686977,0.0455078125,-0.0007677660323679447,0.0011965237557888032,-0.003686114912852645,0.04910115897655487,250,58,204,0,0,0,0,0,0,512,2,0,512,1,0,262,0,0,250,2,0,,0.11578898096922785,d3029971556758e9bf4a8434650b8c5e:0:0,e464dd034325c51826a1f7756d4641fc:0:0,00715ae9fe7b2892d04b5e38d03660e9:0:0,f497da03f668ba23ea6145e8a50ee68f:0:4155834202,8ee781b0e0dd94170cf92b48833f13e5:1:209473790,1.0
1611,2,1611,1,legacy,0.0003,0.0,3.768827780543742,18.204969498743104,0.01182320062071085,0.103515625,-0.002099008159711957,0.0011900505749508738,0.005824928171932697,0.04922090470790863,259,59,194,0,0,0,0,0,0,512,2,0,512,1,0,253,0,0,259,2,0,,0.11258086399175227,70d89f36453f73ddf4b27a6c47c8a85e:0:0,03dfd20ef8f8b29da1570a9f250b24a5:0:0,7f6d7eb91e0d6a15cc885b7387507e07:0:0,f43f51b892b49721ecba29031ba8f28f:0:3291203036,47665f86933e84434bad03fe052b2bcf:1:3620079205,1.0
1612,2,1612,1,legacy,0.0003,0.0,3.816045578329595,17.572803681358717,0.004017137456685305,0.0439453125,-0.0014420750550925732,0.0008405032072914765,-0.0009138949681073427,0.04050842672586441,263,60,189,0,0,0,0,0,0,512,6,0,512,1,0,249,0,0,263,6,0,,0.12082519300747663,441b00cf2c3c447b000175383cc5c45e:0:0,faec3670c1b1a7cebf2baabc0ff73a1f:0:0,d8f9834586c9c360506a61bb0f5fcf5c:0:0,5faa98084d24499daa9eeaeae582fe8f:0:1299064298,ca46af4a3220ac9cb44e3de23a910798:1:615121452,1.0
1613,2,1613,1,legacy,0.0003,0.0,3.746889646595624,16.034088438389006,0.00856590736657381,0.08671875,-0.004371089045889676,0.0008759516145801172,-0.010280575603246689,0.04221773147583008,271,40,201,0,0,0,0,0,0,512,5,0,512,3,0,241,0,0,271,5,0,,0.1120909119490534,7ac645fad5c9b692ac4551344402e05e:0:0,9940307ee34dcf8b2ab8fef7a0b53822:0:0,6b1a8352485b1e5dc99f9d3226cc25a7:0:0,52f1b4c6ea935b774d77532c029d0a8f:0:3844047352,9cf830dfbeaac0eebc2151bfd29c27f9:0:3235409358,1.0
1614,2,1614,1,legacy,0.0003,0.0,3.7930205560108012,16.760333455675692,0.007114531937986612,0.0662109375,-0.008203376922756434,0.0011960303410887719,0.0032625554595142603,0.0489252433180809,264,55,193,0,0,0,0,0,0,512,3,0,512,3,0,248,0,0,264,3,0,,0.1118935210397467,3c4f42d5aea481d227262afc5d7ffc5e:0:0,3ce254527b0e930e4de8158e642f22a1:0:0,3e56070b68807d62325490487b8a3bc8:0:0,b0e81617a3e3c120aba6695272f7168f:0:4099739981,5f1a40f9ebaca6f898ebb6841ff6e512:0:3028800911,1.0
1615,2,1615,1,legacy,0.0003,0.0,3.873589529543615,15.877867669277855,0.006995209492743015,0.0796875,0.00017667138017714025,0.0009410752012627199,0.004126963205635548,0.04339571297168732,263,43,206,0,0,0,0,0,0,512,2,0,512,0,0,249,0,0,263,2,0,,0.11482353904284537,bc4897190a71122e1ce65f2c893d185e:0:0,143ae1660c00c2870f5c58fe48106968:0:0,3335caa0b5b245b72e678b66d5170e6f:0:0,68c44be25824e1c2548a74ea3691228f:0:2909852495,971bfc1a287d51283e8a399ddb5fe6a0:0:1066997180,1.0
1616,2,1616,1,legacy,0.0003,0.0,3.7212553077824957,17.03727808987574,0.015615010634064674,0.0849609375,-0.0011400668998248875,0.001123883159016259,-0.0005661589093506336,0.04782867431640625,266,52,194,0,0,0,0,0,0,512,7,0,512,3,0,246,0,0,266,7,0,,0.16392906894907355,9a1072d3151c928ed4628a60c73a345e:0:0,aca1349e4d8d8f43f19c75d32f08353d:0:0,aee05b7d04394314a9e86e97aa9d5e45:0:0,8d4efd66ed2442a09c7cfd7f4d6b2e8f:0:873065861,7d125332e19c7a0d538593f8fe464c7d:1:1068788960,1.0
1617,2,1617,1,legacy,0.0003,0.0,3.695349458090215,17.373885998318528,0.015883509069681168,0.074609375,-0.00552644282579422,0.0010670814488548785,0.003253334667533636,0.04591979458928108,248,44,220,0,0,0,0,0,0,512,4,0,512,3,0,264,0,0,248,4,0,,0.1258652899414301,c1fe12e7dba419bc4b1189351777505e:0:0,84eb33f4ef2e9c76600cfe566957638c:0:0,cd26d8ca20c015b77dd2b81353481388:0:0,417258dc90f3d5c0a8d2ca9db7853a8f:0:4014991776,9e3482c1e2c6978ec6939c29d4ae074f:1:3496792353,1.0
1618,2,1618,1,legacy,0.0003,0.0,3.6760344830455223,16.51945708116522,0.006890337914228439,0.0494140625,-0.00032953936606645585,0.00101518209266942,-0.0009893401293084025,0.045468300580978394,266,50,196,0,0,0,0,0,0,512,3,0,512,0,0,246,0,0,266,3,0,,0.13045797392260283,9830525617ddf98a5104784579f46c5e:0:0,0a99f9c447277c14593679c58413479b:0:0,9ca429ea065fef64aea06d3cbf6a30c8:0:0,69d8e055cef1ebcd7bdbe3d174df468f:0:2343260292,8bc00dd81082ce1e01a6e2193bcd698e:1:1255401956,1.0
1619,2,1619,1,legacy,0.0003,0.0,3.8221550628242444,17.017095596350163,0.01619381457567215,0.0953125,-0.0048470511101186275,0.0008221733907703311,-0.001891542342491448,0.040874067693948746,262,43,207,0,0,0,0,0,0,512,3,0,512,3,0,250,0,0,262,3,0,,0.13875167805235833,aca3b3e4aae13044a4e6b42deeb1885e:0:0,a9e0c5aa7b03e2831803fcafe6149377:0:0,91d0f5e7a7f7b0b01a24f2a063460726:0:0,6d90266daadec93d00e390a68579528f:0:4109596237,787e631f737c26e657a7ae2f1b458a09:0:2699473852,1.0
1620,2,1620,1,legacy,0.0003,0.0,3.704027087599919,17.177780861947102,0.013941818848252296,0.0552734375,-0.003417402389459312,0.0010340977256419136,-0.00041421872447244823,0.04555501416325569,259,46,207,0,0,0,0,0,0,512,2,0,512,1,0,253,0,0,259,2,0,,0.14941908093169332,c5d66a87f1a6fc5b0ffdd98a75aea45e:0:0,fb43b00bfa8ce7c2a9b067e722f42e05:0:0,a486c3d01397e743d8c527dd681067f4:0:0,0b99c88d348bdeb5183058a8e9535e8f:0:2229953545,94718c479cd3dc1814aa45307a31bccc:1:3208057606,1.0
1621,2,1621,1,legacy,0.0003,0.0,3.783948250796241,17.793315179415224,0.021937638521194458,0.108984375,-0.0021433847723528743,0.0010312736994819716,0.002994174137711525,0.04638734087347984,238,43,231,0,0,0,0,0,0,512,4,0,512,1,0,274,0,0,238,4,0,,0.147992572048679,e53c25785f82924d8229c4f70eebc05e:0:0,289d746fbe0a4e187cd65ba2596750c2:0:0,29789d48f17fed4cdb27c04c39fdebe9:0:0,5c3abbe446b0a4b0a3040364a06d6a8f:0:3147595774,704f8e23bead23f8a488d4d91bb56b98:0:1367639565,1.0
1622,2,1622,1,legacy,0.0003,0.0,3.773463562840149,16.550273773712743,0.009094884619116783,0.097265625,-0.004938732646405697,0.0010751079069450497,0.0007585652638226748,0.04731879010796547,266,42,204,0,0,0,0,0,0,512,4,0,512,1,0,246,0,0,266,4,0,,0.15042120695579797,3959bf9e0a0af4d82de4930fba68dc5e:0:0,e5f629de4da97455d878154c358dfa9c:0:0,5c57f3137a3d1e23fb8d013a4843bf40:0:0,6deed57b63711a648f9b9865aac7768f:0:919444860,af476d986ff30f4cbfcad6afb7af56c2:1:1727728523,1.0
1623,2,1623,1,legacy,0.0003,0.0,3.9044687941218514,19.16926717075773,0.0081389881670475,0.0599609375,-0.0022436771541833878,0.0011826620349893347,-0.0056107742711901665,0.04871032014489174,257,67,188,0,0,0,0,0,0,512,2,0,512,3,0,255,0,0,257,2,0,,0.11279576597735286,eed2689f1212ef5fa442a0707825f85e:0:0,6fc130e63160fbacf4dc7325ae82c871:0:0,491058d5b7145c7384e6b431905db330:0:0,826c550fe121e7e4e52f5f380861828f:0:3913311595,1207f0fb8d6c9b2e02af8bd643168f69:0:1896515506,1.0
1624,2,1624,1,legacy,0.0003,0.0,3.7198948757299717,17.69493112180782,0.0019294399535283446,0.0525390625,-0.0020717223640531303,0.001275004300987348,0.0038402103818953037,0.05037791654467583,257,51,204,0,0,0,0,0,0,512,1,0,512,3,0,255,0,0,257,1,0,,0.1491357779596001,ae3c7089154b329cf0f289b54823145e:0:0,ef0ab0c1ec24a648a5da2365cc88ae16:0:0,9ae51a1789d6c6acac8b400b68788ff2:0:0,b35925b6d9d62389cff2df67b93b8e8f:0:2903903962,c555742356516f784a468775ff73292b:1:4188755089,1.0
1625,2,1625,1,legacy,0.0003,0.0,3.7255685281682354,18.059712521217072,0.0109208133071661,0.057421875,-0.0020416733575984837,0.001127981225727126,0.004797920119017363,0.047402553260326385,258,63,191,0,0,0,0,0,0,512,3,0,512,1,0,254,0,0,258,3,0,,0.22181991208344698,827b8db8142a9389b63d2b7a2a60305e:0:0,8bfe886ddb4cf06a4d371e98bd87cb6f:0:0,4491359ac4b9f52bdd7baa142d279c75:0:0,ab797e8e9042ba94ad14e080bd559a8f:0:2206942664,cf0af1a95421c64ba295197fd62fd172:1:4246392897,1.0
1626,2,1626,1,legacy,0.0003,0.0,3.8223119691957903,17.11259574098456,0.026620661839842796,0.1302734375,-0.007076531974598765,0.0010259073111228644,-0.0009202323853969574,0.04527943208813667,261,49,202,0,0,0,0,0,0,512,0,0,512,3,0,251,0,0,261,0,0,,0.15315632696729153,14e13f4777b86c8c4905a25b1edd4c5e:0:0,83e3c5b31e26db54a9022accecff8390:0:0,89e43bfccf7059511fbb47c50020642b:0:0,1b7591113c837d1516bf6a0f14afa68f:0:1748446188,755bcf17825c5dab837d701b3f5307bc:0:3900362943,1.0
1627,2,1627,1,legacy,0.0003,0.0,3.7499717039491953,15.768899703363992,0.016261667013168335,0.1021484375,-0.006617686990648508,0.0008214125031372532,0.002028493210673332,0.040772754698991776,271,45,196,0,0,0,0,0,0,512,0,0,512,5,0,241,0,0,271,0,0,,0.14947972202207893,d3b1d50422d520e3ccc94af4259a685e:0:0,4ecd92d80c34f8094415e76accfe6f29:0:0,0267689853a375a19da1b35b27520830:0:0,941a01e7734dcd0df017c39ebf49b28f:0:3462407164,d834140cbf992d83837fabccf321dfc7:1:788463922,1.0
1628,2,1628,1,legacy,0.0003,0.0,3.8926061937414076,18.449925257634604,0.0018940450390800834,0.0775390625,0.00034725223667919636,0.0015396540460642428,-0.00300760380923748,0.055549439042806625,237,60,215,0,0,0,0,0,0,512,3,0,512,1,0,275,0,0,237,3,0,,0.1516733809839934,e725a880ba9cc2544f9fc1e13e97845e:0:0,5d4c8f8546a189a3b97b5b4e64f1ac7c:0:0,22caff1ebfd8ce35c9c1f36785ac4699:0:0,6e6d04639a1cf0da713e74bbbd23be8f:0:3890858659,3af10cd45d1c9c28e4ae7d665ac2f985:1:2528606589,1.0
1629,2,1629,1,legacy,0.0003,0.0,3.608029881631269,19.208652654259396,0.023762958124279976,0.11171875,-0.010006006713956595,0.0010004396986914798,0.00921657495200634,0.04449055716395378,232,57,223,0,0,0,0,0,0,512,0,0,512,1,0,280,0,0,232,0,0,,0.15372390393167734,02d23197917fd912e63ae3be69d4a05e:0:0,b4a2836bd9d8fb47ce19a8802a8151e7:0:0,da9a2ace7d50f2fcb59540e5f5aa0bd1:0:0,5758181b1ae408d3334f44f20e3dca8f:0:3457344288,443926cff8ab3b12c99b2556ba9d8cf7:1:1542637265,1.0
1630,2,1630,1,legacy,0.0003,0.0,3.8186629473434515,15.981841096950067,0.009727062657475471,0.0640625,-0.002321674395352602,0.0010990734735969454,0.0017365663079544902,0.04693153128027916,269,42,201,0,0,0,0,0,0,512,4,0,512,0,0,243,0,0,269,4,0,,0.1519760270603001,57d5db4fe0ae4df1c7e6cd27a751bc5e:0:0,e406037092ceef60739e345c854624af:0:0,b25995ec8eeb3500e6d7b2c15cccb7d4:0:0,e43c9b5d49d1a8333c613bcdb297d68f:0:785401981,db831824ada6445253b6fb6688893153:0:3616344212,1.0
1631,2,1631,1,legacy,0.0003,0.0,3.7860514699675836,16.35796825055369,0.008863203227519989,0.0755859375,-0.004468024102970957,0.0010408403672045098,-0.0002600554144009948,0.0462549589574337,280,48,184,0,0,0,0,0,0,512,4,0,512,1,0,232,0,0,280,4,0,,0.15197158989030868,616bd4c63b7076cc6a89dab8f70ed85e:0:0,145a2bdf4ee3c137b5dc56ab929d1267:0:0,dcb006e935728771f34991adc7b43a2e:0:0,3acfa4932fb1113d0b86a0daaa31e28f:0:3469264164,adee06bd0d20e1b1eea5ece8e9b00b8c:0:1253872157,1.0
1632,2,1632,1,legacy,0.0003,0.0,3.7704002536513133,18.3565005935175,0.012705037370324135,0.10859375,-0.007635912811383605,0.0012549377628602088,0.00223013898357749,0.050557106733322144,241,49,222,0,0,0,0,0,0,512,4,0,512,3,0,271,0,0,241,4,0,,0.15174675697926432,2bf28c62680a45339ea4a90e590bf45e:0:0,762a8071979e946226b266c96eb9bc1e:0:0,e7ec8f05585cba79568155c32da429f2:0:0,444fdfdeab75149fa4ccfba4f50bee8f:0:2097705025,c42a566f65f3d7aedf408e8b4d9fe407:0:1819415606,1.0
1633,2,1633,1,legacy,0.0003,0.0,3.75278776631057,18.727968981476327,0.015936190262436867,0.122265625,0.009538793214596808,0.0011061791679821908,-0.0035635835956782103,0.049079835414886475,236,54,222,0,0,0,0,0,0,512,2,0,512,2,0,276,0,0,236,2,0,,0.151635256013833,4030124f09c49759ab5214c3cd49105e:0:0,cd4348643f0cb1717c4bee88ec752595:0:0,e7aa54fcf3ae178f6bdeee3680ce3237:0:0,0dce859a9d78941b9d3d13b89325fa8f:0:2451468996,e0a58a5640b2fdb270122664c2dfad1a:1:3081515650,1.0
1634,2,1634,1,legacy,0.0003,0.0,3.844176761740643,17.8463114358123,0.026292823255062103,0.1123046875,-0.0046687059104442595,0.0012849029735662043,0.0028548475820571184,0.051305197179317474,263,53,196,0,0,0,0,0,0,512,2,0,512,3,0,249,0,0,263,2,0,,0.15194006904494017,bbfb49d1c7b8ab3e6a473a7553c62c5e:0:0,e4fd00f90afbedd1b768423c27d5af9f:0:0,36eb15f3726c7c314666db56f80a921e:0:0,d01ae1a90f00a86826daf0a18480068f:0:17860792,8412327b4daf8db05bcb2a6216183bfc:1:2916866854,1.0
1635,2,1635,1,legacy,0.0003,0.0,3.800021707509118,16.418429315324957,0.01614261046051979,0.0900390625,0.001504657627083361,0.0010570191167062148,0.0032684016041457653,0.04623812437057495,272,50,190,0,0,0,0,0,0,512,3,0,512,2,0,240,0,0,272,3,0,,0.11776896298397332,88a797ccdbf9b41b63d376beec83485e:0:0,79beb8b51b8dfe9862901522510a6300:0:0,206362fcba3e18a345094ca9c051dec6:0:0,952652c7888c6a581ca5d9ebc91a128f:0:1644999622,3b00bca8c3a4b53a2716ecb7187e1e38:0:2886234201,1.0
1636,2,1636,1,legacy,0.0003,0.0,3.789984525576198,16.924701479589576,0.003482157364487648,0.0541015625,-0.001702374080196023,0.0008532805513823405,-0.00010644254507496953,0.04122838005423546,264,43,205,0,0,0,0,0,0,512,2,0,512,4,0,248,0,0,264,2,0,,0.10993963608052582,40e29f5d36b8920feae0663c9780645e:0:0,72585ccbbd34281c9725a251d5de211e:0:0,8251e48b3b5a7548d3d2583075dea345:0:0,81ad246d097e5f3f0e98572360f41e8f:0:1770668464,238ed33822f9765f2423826330f507b1:1:3993480529,1.0
1637,2,1637,1,legacy,0.0003,0.0,3.6867864625496245,16.538774124799982,0.007034009322524071,0.039453125,-0.005067684850655496,0.0008785169658949599,-0.0027835641521960497,0.0421348474919796,263,45,204,0,0,0,0,0,0,512,2,0,512,3,0,249,0,0,263,2,0,,0.10928043199237436,65609c32a0fdac0d38f1e58a54bd805e:0:0,e9a61ac38251856582fed1a862721a5e:0:0,607c819490f9bb928325778c5609d57f:0:0,63d72d0053ab88964da82fd44c0e2a8f:0:2778863918,0f088faf6ffebe84280bfab6902e19a3:0:3839913635,1.0
1638,2,1638,1,legacy,0.0003,0.0,3.830923944907254,17.13570857100446,0.009119244292378426,0.1125,-0.002779360115528107,0.0010034090548288078,0.0004310773219913244,0.0449470616877079,262,42,208,0,0,0,0,0,0,512,1,0,512,2,0,250,0,0,262,1,0,,0.12958577007520944,2bfc04e98a94ec028a261144243a9c5e:0:0,989290a655c2f284527363956b1b509f:0:0,2a172ce4182bccd45a1f26302d82d1f0:0:0,3d99ad807d5c16e1f7c66b8a8a68368f:0:1088263359,69052963873c9e9dd88bd44b59d669c9:1:3133003052,1.0
1639,2,1639,1,legacy,0.0003,0.0,3.8566209821917865,18.157621728781393,0.009228002279996872,0.0638671875,0.0029126467648893594,0.001437490654643625,0.00697275809943676,0.05432197451591492,247,52,213,0,0,0,0,0,0,512,4,0,512,3,0,265,0,0,247,4,0,,0.11140871699899435,b21056586ec7dd493935460605f7b85e:0:0,16de039957b4a0d9c3d2e25afeb08c57:0:0,e9f8cef4ab16a688e024ce037d6bc48d:0:0,072a8f04fc49bfd603df51d21c02428f:0:2189094763,5b629dc931a2d90498d145da5f3b566d:1:1715316494,1.0
1640,2,1640,1,legacy,0.0003,0.0,3.694805780366549,18.219463793953295,0.020785972476005554,0.1083984375,-0.004018217092379928,0.0010602762835333125,-0.0009260310907848179,0.04623733460903168,259,49,204,0,0,0,0,0,0,512,3,0,512,3,0,253,0,0,259,3,0,,0.11118302401155233,db163b6cfb81ed50db72206bf9f4d45e:0:0,d449bbb6a2dbbe7c63b77e63eab6a0c5:0:0,d2d79c19c4a845f0264d51125cb5183f:0:0,ce0bc5c59c27b7bb4dda6a3700dc4e8f:0:905859999,e4ecf58368a5bd4b08f6a07bf5f8dc49:1:220920910,1.0
1641,2,1641,1,legacy,0.0003,0.0,3.7776160438372592,18.66350989107144,0.0029082922264933586,0.05625,-0.00144970309920609,0.0013368041894864292,-0.02340356819331646,0.0566142313182354,248,52,212,0,0,0,0,0,0,512,5,0,512,4,0,264,0,0,248,5,0,,0.1254852240672335,da20b3df667ace8b5cc97d120031f05e:0:0,eb056fe3c5ef3b6861ade77abb324bf9:0:0,a81fadc937331c191d82ce3044069732:0:0,935c58a613404e14a29a7c4538f65a8f:0:851140937,8ea47c13379c93a7a9249c5fdd758035:0:2640126578,1.0
1642,2,1642,1,legacy,0.0003,0.0,3.697702961868752,20.24254089640738,0.006873014848679304,0.0720703125,-0.0031998829450458287,0.0011545542220119387,0.009107401594519615,0.048426587134599686,229,54,229,0,0,0,0,0,0,512,1,0,512,3,0,283,0,0,229,1,0,,0.10888129705563188,820f66ac9c02fd991bc2789418af0c5e:0:0,b6e1cc3cb46ae8e8d458ab504c5ae0f1:0:0,05f5eec9efbbaa052262225c2d1ccbcc:0:0,d3734f8c27b42d83cbfd8f88c450668f:0:3959443006,eb5829d02fac3ac5894e554f4b0039c7:0:2241800153,1.0
1643,2,1643,1,legacy,0.0003,0.0,3.8691760172570655,17.92962311139672,0.014915001578629017,0.0986328125,-0.003635085315909237,0.0011208685842575505,0.003559387056156993,0.047649744898080826,263,58,191,0,0,0,0,0,0,512,3,0,512,4,0,249,0,0,263,3,0,,0.10886136698536575,2f59f3f2330e68b5057e6f8e436c285e:0:0,43016aaa80644239b3983468ff3459a3:0:0,262c9f90772108f1f9ec4e366736d89a:0:0,648f9a1297e73eee9cdceb8da2ea728f:0:2259038460,3633e75263a04de72b2ccdc0dfb1b033:1:4003522809,1.0
1644,2,1644,1,legacy,0.0003,0.0,3.8519619078696095,19.6728450484696,0.0075772544369101524,0.068359375,-0.004506351752206683,0.0013068883330561222,-0.002793117891997099,0.05181698501110077,241,58,213,0,0,0,0,0,0,512,4,0,512,1,0,271,0,0,241,4,0,,0.1291934670880437,a182dc7152193960b1b8fe9c8069445e:0:0,0be90fd96898d43a7b02f3f562dd1b29:0:0,266447207b63c290645f63310c521873:0:0,4ddedb7638a72fe3fd0d17dfd4c47e8f:0:1781372442,3a77de4ee1ea552bc2836e2d7937c1a9:0:1376510930,1.0
1645,2,1645,1,legacy,0.0003,0.0,3.733576729562875,19.297241655110376,0.008607679046690464,0.0708984375,8.784858509898185e-05,0.0010398950340459122,0.0010633262572810054,0.045766472816467285,246,58,208,0,0,0,0,0,0,512,5,0,512,3,0,266,0,0,246,5,0,,0.1420001919614151,9bc673a7f082c0507ec8025acfa6605e:0:0,5799152dea7aa904414c8091bcb8056e:0:0,3780b3e7911117dc50e4591bb2e5eda7:0:0,4e83efe5fb979c40f55ddc0b59de8a8f:0:584710011,02bcef0458d96531bcd43cde8849d797:1:3194541018,1.0
1646,2,1646,1,legacy,0.0003,0.0,3.778363285180716,18.47495404498509,0.010977180674672127,0.0818359375,-0.00422504663001746,0.0011778347892686726,-4.680873826146126e-05,0.04853534325957298,231,52,229,0,0,0,0,0,0,512,1,0,512,1,0,281,0,0,231,1,0,,0.10853814205620438,d6bb4c1a1ffa8397ad9b976531237c5e:0:0,1e643bd3da71adfb7322675601e6fcfe:0:0,42e48420f1aaa8bb313a93b0043cac63:0:0,f8dcf2a9d06fdb15bb9a3f9c3238968f:0:219886807,ca9691e435212e95b1690a13d0383776:1:3875404102,1.0
1647,2,1647,1,legacy,0.0003,0.0,3.72214260920844,17.237860604297705,0.01866629533469677,0.0880859375,-0.0037022233474999664,0.001289358953363262,0.006893245968967676,0.05109519883990288,252,43,217,0,0,0,0,0,0,512,1,0,512,2,0,260,0,0,252,1,0,,0.11452931899111718,e195a40f499b6f147dbe1a57a4e0985e:0:0,2e00d7e6501389d1b34428fa928eeaa3:0:0,cd184873a52d45ef1513e616bd2e2741:0:0,7c4f8bdf93966ecabe888a1e5dd2a28f:0:2626263179,e05d4ce40f7aabfbe8e56aa60dfef4d0:0:3089515010,1.0
1648,2,1648,1,legacy,0.0003,0.0,3.8225422636213406,19.898705449624554,0.004531817976385355,0.027734375,-0.0031753716990351676,0.0013814049947541208,-0.008866529911756516,0.05332653969526291,238,68,206,0,0,0,0,0,0,512,2,0,512,4,0,274,0,0,238,2,0,,0.1199032289441675,3bd68bb18a51271c495427ce2addb45e:0:0,28b9d2732de1594774b866bb952eb1a0:0:0,a407f66fe989cb3aa1a4fb200c8dca80:0:0,6a9957d87ca61885b1ea431ddcacae8f:0:44925622,38c1483af169f5687f2fd0032afae258:1:1556160442,1.0
1649,2,1649,1,legacy,0.0003,0.0,3.7370769765942216,18.336263852514033,0.005203609354794025,0.041015625,-0.002071315050125122,0.0011148662626510486,0.002982683014124632,0.04745633900165558,247,51,214,0,0,0,0,0,0,512,3,0,512,3,0,265,0,0,247,3,0,,0.11237024504225701,61a1cc279a237d67a11c9c64c31ad05e:0:0,bf14e6506e8fe6f0a8793ecd8409930e:0:0,af7a6ab4e987efb53e701e4268af26cb:0:0,e849516cbf688ece9a7c3226aec6ba8f:0:2371408516,422e60753bf3a4b661dbf70095bb070a:1:2747016181,1.0
1650,2,1650,1,legacy,0.0003,0.0,3.8795917183969753,16.944968571598082,0.009056084789335728,0.0955078125,0.0009434711188077927,0.001327436458086595,0.007374415639787912,0.052596814930438995,273,48,191,0,0,0,0,0,0,512,1,0,512,3,0,239,0,0,273,1,0,,0.1501581270713359,f00301ebea04083e687094b76d97ec5e:0:0,2e2feac29a512679e7eea6f6eb970a93:0:0,822c1fd0730a794493ff662b7a7104ae:0:0,bdde4be651d2d774d9f65ec4d420c68f:0:709168100,6df56b1ef8f3313ba4e0d353329ec759:0:1304349785,1.0
1651,2,1651,1,legacy,0.0003,0.0,3.9339673063063176,17.47546367304742,0.013370737433433533,0.0822265625,-0.00357925514690578,0.0013871950679458678,-0.007712417282164097,0.0539378747344017,269,58,185,0,0,0,0,0,0,512,3,0,512,2,0,243,0,0,269,3,0,,0.1069919279543683,9d52e34de3b9dbe3f1436d622a55085e:0:0,66b9a318a8947bbf5b5ff9e78ee8c16d:0:0,6ef0229d26552c4911abf653ff69b807:0:0,9b4db86f098f44b43b0c10844cbad28f:0:2903823960,5439172e7a810d379c6dcb25239bab4a:1:3576950338,1.0
1652,2,1652,1,legacy,0.0003,0.0,3.8101752406433316,15.56863420039367,0.028310535475611687,0.1302734375,-0.004164483770728112,0.0008113153569865971,0.003732002107426524,0.04075872525572777,265,44,203,0,0,0,0,0,0,512,3,0,512,4,0,247,0,0,265,3,0,,0.10923802305478603,b6f14eb4778766431822c300f952245e:0:0,91b99922c287417f0b8af2c5d1b20264:0:0,219890304c7ff1c8a4350e0425a3f958:0:0,85ad2e3983a11599fd6bcef11894de8f:0:1301996939,db4b88b9a76fc66b6d41db7d213a079a:0:693047833,1.0
1653,2,1653,1,legacy,0.0003,0.0,3.7843601981107615,17.75996588317552,0.011084035038948059,0.07109375,0.0016085457056760788,0.0010012141894549132,-0.0039874957874417305,0.04527584835886955,258,55,199,0,0,0,0,0,0,512,7,0,512,2,0,254,0,0,258,7,0,,0.15061296406202018,5ae77ae363266cda6036722fda8f405e:0:0,5ac070bd128795e91604b43da9d614b8:0:0,86399e55bf65a4d455e55101c1a8fa06:0:0,c9a073e788adb9a9e1bf619737aeea8f:0:3298570176,519c3505108448a3a28ddfe3b52dcf25:1:2558029617,1.0
1654,2,1654,1,legacy,0.0003,0.0,3.7052839127415096,16.994588766046114,0.0031124097295105457,0.038671875,0.00014130682684481143,0.001016219548182562,-0.0021726053673774004,0.04523062705993652,253,50,209,0,0,0,0,0,0,512,3,0,512,7,0,259,0,0,253,3,0,,0.11866064299829304,ebff7e2eddb62ce80f40978ace0c5c5e:0:0,62104c2ae09e907d099dceb69da707ab:0:0,79bbd915b1660664912c9bfb8b66d0d9:0:0,e0451bfbe077b7c335abd002aa08f68f:0:4006345034,a2d613497a509c52b68f420f6f777d36:0:1175791585,1.0
1655,2,1655,1,legacy,0.0003,0.0,3.7075944761243766,18.305594912249834,0.005310773849487305,0.04296875,-0.0018676890060305596,0.0012429165217326954,0.0028252191841602325,0.04996075481176376,252,54,206,0,0,0,0,0,0,512,2,0,512,5,0,260,0,0,252,2,0,,0.11547685600817204,7bb3583394379dd6499d8fadd3c9785e:0:0,64537cd46b7aa25ca3ab015c518cc6d8:0:0,0c1f00f4919fad2673ab25525f4e2a2f:0:0,6adc2570c7173845dfd161bf6fa3028f:0:755937965,a7db996a069156a07b0da153a8fcf44a:1:483866321,1.0
1656,2,1656,1,legacy,0.0003,0.0,3.8139580262109867,18.405895187032197,0.0074830628000199795,0.0591796875,-0.0012317436281591653,0.001121162995696068,-0.0007554923067800701,0.04743120074272156,257,55,200,0,0,0,0,0,0,512,4,0,512,5,0,255,0,0,257,4,0,,0.11112321401014924,4945bc532233d5e72e43f734ebc6945e:0:0,9fd1086e77bf1af7f3b02dfb32fc8675:0:0,b454bb7eb55a7612174be5622cee6dfa:0:0,b6a97cd7767c32776bcb9e59887d0e8f:0:343404553,64bea6e0cc091989959987a71097a4e3:1:1331606904,1.0
1657,2,1657,1,legacy,0.0003,0.0,3.836668549310123,18.261619053685596,0.0038543138653039932,0.05234375,-0.0036295929457992315,0.0012813337903935461,0.0023440958466380835,0.050447773188352585,250,54,208,0,0,0,0,0,0,512,6,0,512,3,0,262,0,0,250,6,0,,0.10703267005737871,32a209df72289120f2c4aabc1603b05e:0:0,65336b2a900179b044b0d516bb06f57f:0:0,d94cf21eee17915faefe97aa3bfa051f:0:0,11a8b1b076c63d2816314d5cf4971a8f:0:1887018958,c7a4ffc798d55f9caa5f73c5b2279711:0:3321959801,1.0
1658,2,1658,1,legacy,0.0003,0.0,3.845352103043508,18.05785342653834,0.00435661431401968,0.0759765625,-0.0051721116527915,0.0010757735755760223,0.0025017722509801388,0.04673115164041519,243,55,214,0,0,0,0,0,0,512,3,0,512,3,0,269,0,0,243,3,0,,0.12570961890742183,3c872989b156da79ff4ac6df5280cc5e:0:0,771820ce3521c03daf4b0eaed2714c09:0:0,da9247563f51d424f7d60be8109949eb:0:0,8d0db6f7a7fe0297d8947655b3f1268f:0:1115808899,0b22f3cf199326667c9d7a9ec479961e:1:502260308,1.0
1659,2,1659,1,legacy,0.0003,0.0,3.925593259813616,16.81050026557798,0.006406474858522415,0.1171875,0.00021780482493340969,0.0008529215352609754,-0.002552090445533395,0.04135347157716751,270,56,186,0,0,0,0,0,0,512,4,0,512,4,0,242,0,0,270,4,0,,0.16582998598460108,5e426e53c28fd7450a9ba83aa13de85e:0:0,b2014748f7c99d104099d30b2e6fa7fb:0:0,7c20ed2e2d0f2666660cd00ffe79f42b:0:0,8f50152a37bc579b758260cfc68b328f:0:3190221986,35c65557589acdcbfb66d6a5b46be1a4:0:1669231876,1.0
1660,2,1660,1,legacy,0.0003,0.0,3.7242176457145795,18.661247398350376,0.00170204509049654,0.0552734375,0.0005804664921015501,0.000968183804070577,0.0028453506529331207,0.04399346560239792,247,55,210,0,0,0,0,0,0,512,7,0,512,2,0,265,0,0,247,7,0,,0.14891681994777173,b41c1aed5b9bb4dd3616eb6a023b045e:0:0,5fb11751a975fa21b986f2c4e6fa2318:0:0,6bc714aae3dbc67f1d7b9d2c37cea233:0:0,bff68f57f54af601848394572c653e8f:0:906080863,53bac3d994d5167803208812c70deca8:1:2410480905,1.0
1661,2,1661,1,legacy,0.0003,0.0,3.7405448725339348,18.001245387511446,0.010884273797273636,0.0884765625,-0.004449031688272953,0.0010876855871174485,0.0033118836581707,0.04957122728228569,245,57,210,0,0,0,0,0,0,512,7,0,512,4,0,267,0,0,245,7,0,,0.11707141809165478,54cecb1038d6b89229b66d097578205e:0:0,a92259fc7a756cf691986457bdbe4258:0:0,b375aae7254c969ab8307630c01caec0:0:0,56c0e41cb6cada377e1bd877e57f4a8f:0:2894446918,d345a58a688537e9354ed683246e2afe:0:3073414350,1.0
1662,2,1662,1,legacy,0.0003,0.0,3.794043862779617,16.741423922967535,0.007226164452731609,0.0693359375,1.288577914237976e-05,0.0009788449358893558,-0.005059447139501572,0.04443361610174179,254,46,212,0,0,0,0,0,0,512,5,0,512,2,0,258,0,0,254,5,0,,0.10977633506990969,7435bb1912a071d4300e49b4faf53c5e:0:0,18a6bdaf6468578348b0fdbf8ce17a71:0:0,52024be2acbd7098c4e22fe632060b1a:0:0,a16506a9c1ec442ec7ca34bdf1d9568f:0:338703634,beee54144e4b6a722859471bdafd54ab:0:639576428,1.0
1663,2,1663,1,legacy,0.0003,0.0,3.6865528040931124,15.43792524978127,0.008166239596903324,0.0423828125,-0.0012406762689352036,0.0011056201183237135,0.0014178077690303326,0.04783869534730911,279,43,190,0,0,0,0,0,0,512,5,0,512,3,0,233,0,0,279,5,0,,0.10864753101486713,720bbec540390ea0524cde0892b2585e:0:0,6c012138168e9fc7c579028e616a6be2:0:0,9df074889fac7d74c67c6de058aefd21:0:0,9a1ceb526ac45b81c008f0b55173628f:0:2632899812,895d2aa12a76b35ef8843ed81651e4c7:0:1326044646,1.0
1664,2,1664,1,legacy,0.0003,0.0,3.7804669029290507,17.966692709709164,0.009754073806107044,0.0984375,-0.0062113531399518255,0.001171419967431575,0.00184411380905658,0.049002233892679214,249,55,208,0,0,0,0,0,0,512,9,0,512,2,0,263,0,0,249,9,0,,0.10947983292862773,215daaa733a8d22c743ac6a03caf745e:0:0,6c548135d7a92cd167231d576b9014bc:0:0,647369b16165e27215cc3c213e1b1fff:0:0,a0f9ce5a5b4c76d8ca4d93ea044d6e8f:0:2959016216,c74df85ed071f8d98b84e99dba5b7d52:1:2296493333,1.0
1665,2,1665,1,legacy,0.0003,0.0,3.84645299640343,18.577741361646538,0.0028449897654354572,0.0439453125,-0.0013346821069717407,0.0010778727155411616,-0.00965016521513462,0.04743881896138191,235,54,223,0,0,0,0,0,0,512,4,0,512,3,0,277,0,0,235,4,0,,0.11653782404027879,2e77028e3a4dadd3703ae017f8ec905e:0:0,4cc7b17f0e35f66bd1a428839c41ee79:0:0,c12b42cec180480de8ddfbe0e78d3acd:0:0,c599b30f3617068f5b08e5e80a677a8f:0:2876481080,0b5b537956771076b5daaedff52ef526:1:799047529,1.0
1666,2,1666,1,legacy,0.0003,0.0,3.9507823549237018,15.18132777593435,0.005968637764453888,0.08671875,-0.0005254508927464485,0.0009401959599927068,0.0025238334201276302,0.04384050890803337,288,38,186,0,0,0,0,0,0,512,1,0,512,2,0,224,0,0,288,1,0,,0.10849447303917259,3fcee9c82daafc41334a470bc769ac5e:0:0,7613b3ac036c4d9d2adc983f73b4ba42:0:0,172efc858fed5c2063ef85ea4f870dc7:0:0,81b3bc8286c6229903a6ee3b63c1868f:0:3842483222,0b82764e84a5c9350e48ebc7a7a12677:0:2171774818,1.0
1667,2,1667,1,legacy,0.0003,0.0,3.631593455152541,18.117996717371042,0.019971225410699844,0.128515625,0.0034042850602418184,0.0010407763620605692,-0.006347924470901489,0.04592084139585495,250,53,209,0,0,0,0,0,0,512,5,0,512,1,0,262,0,0,250,5,0,,0.15798967389855534,751598ce00175eded9005817a826c85e:0:0,ca4ce71d83cf88f9b46e48042e0e11b6:0:0,93ea3210ce11d6b8c0bf92759fcb2f86:0:0,4237f08432cfbba67e8ef470105b928f:0:690568377,e5e49c9416135ddb317d5bc721f04609:0:1289988507,1.0
1668,2,1668,1,legacy,0.0003,0.0,3.9073785193928963,15.28537706946187,0.010504763573408127,0.05,0.0019195687957108021,0.0009680043905973435,0.0018581371987238526,0.04448631405830383,279,46,187,0,0,0,0,0,0,512,3,0,512,4,0,233,0,0,279,3,0,,0.12899112806189805,7037fe9650e4bd7ec78eafd79b23e45e:0:0,7de06875c46b97d8d55f4bb806a1935c:0:0,1313809184534cd2654e4ab537824e9a:0:0,97b6f0c8dd1b6f8abb23801210359e8f:0:3597236104,741faa6414b507517cf96c2ae3597280:1:3210981000,1.0
1669,2,1669,1,legacy,0.0003,0.0,3.7330295315401623,16.048214730529864,0.0041497210040688515,0.05,-0.004127924097701907,0.0009420826128916815,0.00057137047406286,0.04350040853023529,256,46,210,0,0,0,0,0,0,512,8,0,512,5,0,256,0,0,256,8,0,,0.11641913594212383,513fb273739e6848cbc12ae7a061005e:0:0,7a6b2dd0497c4fb71abdae0901d2ae9c:0:0,3b9c6b576a99b5e5e49523172353cfc2:0:0,52ae3d72ef0600dfe9c258ad634faa8f:0:2594507702,787d29ead71c02b98d0773f95f9a1047:0:572017659,1.0
1670,2,1670,1,legacy,0.0003,0.0,3.6970951364630524,16.816509151136373,0.01343845296651125,0.073046875,-0.004036331456154585,0.0009228178998455406,0.002686824183911085,0.04326431825757027,268,49,195,0,0,0,0,0,0,512,6,0,512,5,0,244,0,0,268,6,0,,0.15116635092999786,31a0f60c95f95be634fde5e3b7de1c5e:0:0,9b4e08da4efacb39b31cb6083ce4d7ce:0:0,7b6cafaa8e08ed35de66f1a71d099901:0:0,206da780395671ec87c485ce09a9b68f:0:1671932194,7f1d5e75f8a972a9ff99130bdc74c646:1:1237019103,1.0
1671,2,1671,1,legacy,0.0003,0.0,3.796378599407456,18.351649061840412,0.01207516435533762,0.083203125,-0.005497640278190374,0.0012394222198054195,-0.005791445262730122,0.05024600401520729,240,64,208,0,0,0,0,0,0,512,4,0,512,3,0,272,0,0,240,4,0,,0.14966112293768674,e80f3dabf012a7edf1453d67e19b385e:0:0,57af7cc2645ac9c66ee49aaedda88e33:0:0,05338e25bdc93b1624837ff03abce46d:0:0,64d2b8e95fb0c2c86b7e4f000343c28f:0:2038440839,7a50d3ec00cf581a96546f4d3762cb33:0:3736489127,1.0
1672,2,1672,1,legacy,0.0003,0.0,3.770601291130534,16.61326776826204,0.01741119660437107,0.059375,-0.004151410749182105,0.0010848678444745018,0.0017249154625460505,0.04685613512992859,248,43,221,0,0,0,0,0,0,512,1,0,512,2,0,264,0,0,248,1,0,,0.15233180101495236,659287c62a97f790a931ce101d98545e:0:0,0d30b284033c9ec366120197298f5158:0:0,6f8dfc20e32c25d2336cbbb02dace3ce:0:0,ff4f038b811252c1d03f3bcf501dce8f:0:1591767177,c8be7228766841b9505b0c0614c816ce:1:1602984104,1.0
1673,2,1673,1,legacy,0.0003,0.0,3.963972453212741,18.082335011953443,0.0051790643483400345,0.0728515625,-0.00846284832805395,0.0008734232076676562,0.0005538295372389257,0.042080432176589966,243,58,211,0,0,0,0,0,0,512,4,0,512,5,0,269,0,0,243,4,0,,0.14883518195711076,0194bb4966763c84dbf874786bd5705e:0:0,224211ccf6cb2b1b50a7603ef1de6586:0:0,0647e7f9cfc057332304e0266e052a38:0:0,59d67f3fcfe3e502625213c7f037da8f:0:1358836974,de41c5825064171e0bfdb5191e3eed0e:1:2028025500,1.0
1674,2,1674,1,legacy,0.0003,0.0,3.705569556753604,16.28144414256485,0.01074758730828762,0.079296875,-0.010060397465713323,0.0010234784800559281,0.0016787543427199125,0.04551751911640167,270,57,185,0,0,0,0,0,0,512,5,0,512,6,0,242,0,0,270,5,0,,0.15024891903158277,bf364eec91aa7c32fb684d3ccc528c5e:0:0,a336a1bf217f97c1488ebde6eade76c6:0:0,830d34499ab84ae3774dd38e2966cef0:0:0,81ab62d00c2d48744afcde75e391e68f:0:4022120187,4853e090cf2481fa3d8e5b984be603d2:0:2693406071,1.0
1675,2,1675,1,legacy,0.0003,0.0,3.741093603485976,17.973112105843782,0.011314978823065758,0.078515625,0.0021110466681420804,0.0010760441480670124,-0.008128708228468895,0.04626002162694931,251,60,201,0,0,0,0,0,0,512,2,0,512,5,0,261,0,0,251,2,0,,0.15060258307494223,2caca261f4d0bf2187eab4f93f0fa85e:0:0,6dc463c48b834e1cc98503270f82a86f:0:0,91507d938a71892c9edd8a9719edc8fb:0:0,0fc532c21276a2e73c80e3652a2bf28f:0:107526708,9622516bcb03f5d6e07f476b2208891c:0:122182630,1.0
1676,2,1676,1,legacy,0.0003,0.0,3.842367428089779,17.23766881704225,0.021509790793061256,0.112109375,-0.0023340254090726377,0.0010344933456508444,0.006851523648947477,0.0461043119430542,260,48,204,0,0,0,0,0,0,512,9,0,512,6,0,252,0,0,260,9,0,,0.14989498897921294,27fab4fa250d22a12c834849c40cc45e:0:0,3d3e3b30926526c0fa541a25f38215e6:0:0,fe3a66fba3942740834f2350fbd0b93f:0:0,44091c3ff1e35f757e1aaa21c405fe8f:0:1358765321,208953e5a4c6ac3a58980177559d81a7:0:2641891666,1.0
1677,2,1677,1,legacy,0.0003,0.0,3.6314253132509084,17.167766229675486,0.011066117323935032,0.084765625,-0.0036886794958263637,0.0012049442593706772,-0.008665946312248707,0.05003342032432556,255,61,196,0,0,0,0,0,0,512,7,0,512,6,0,257,0,0,255,7,0,,0.1502741320291534,c53e43eec5eb0cb8dacfe3ca5b49e05e:0:0,cc974745900ffc134039b4c004c8e18d:0:0,663f0d0e94c345b96a282ed4ccfc5e9f:0:0,def219ad3c12c028f801fa37b1200a8f:0:3888592154,d02cd47ae9d3b977bdfcfbd168c45e24:1:49985553,1.0
1678,2,1678,1,legacy,0.0003,0.0,3.809584582459862,17.45933350773048,0.004690440371632576,0.061328125,-0.0016053694766014815,0.0010033081081928686,0.007098028436303139,0.04508878290653229,255,53,204,0,0,0,0,0,0,512,11,0,512,1,0,257,0,0,255,11,0,,0.12791311996988952,fc4fd536c6ce8251e708a41704c6fc5e:0:0,680ded11a760fa239e15de5a2ccc82b0:0:0,eabfce2562de5cd4a2d61cef8dc580c4:0:0,ebdfd1c5815212e03f69db32f17a168f:0:763543004,e828fe5dd81cf5d65e599a281c629862:0:2623085937,1.0
1679,2,1679,1,legacy,0.0003,0.0,3.730873424818053,16.502596567316317,0.013588160276412964,0.1119140625,-0.004430336924269795,0.0009264418244129047,0.0001934858737513423,0.04301391541957855,260,47,205,0,0,0,0,0,0,512,7,0,512,5,0,252,0,0,260,7,0,,0.10814897902309895,d7d3ca7007939fa423ffe5cbc084185e:0:0,b0a48b4e4b1ba92eea4ad873b5267bc2:0:0,94549038713a90a5c9bffffcaeef3867:0:0,c64ba16b2bac8973a280949f8514228f:0:2600097628,93c08e2f1e37dca3496ad0b812575b70:1:1892026493,1.0
1680,2,1680,1,legacy,0.0003,0.0,3.726932627932049,15.734271928481537,0.0033550471998751163,0.0642578125,0.0017284366767853498,0.0008762247598497197,-0.004310889635235071,0.04191216826438904,265,46,201,0,0,0,0,0,0,512,10,0,512,4,0,247,0,0,265,10,0,,0.1433695750311017,d1554a148ff832e1ff2245848e81345e:0:0,9f2b66fdf312683e34fe2438f02c0fa2:0:0,ef138bc6574ce111fce7df6e0011a275:0:0,20dbcb992b64b51a346fae096bee2e8f:0:2501162085,76e10a6527d003980752752e80ed6a3f:1:971722043,1.0
1681,2,1681,1,legacy,0.0003,0.0,3.9177661948003997,16.704213138379576,0.0018454851815477014,0.0390625,-0.0011958093382418156,0.0014745724445674568,0.023108502849936485,0.05822153389453888,264,45,203,0,0,0,0,0,0,512,10,0,512,11,0,248,0,0,264,10,0,,0.10510207095649093,06d99bdbc56b79249c769fdd6ebe505e:0:0,541dd6374c731a8f3f21979cd5058578:0:0,f96de03ae72589c72cb6273bfb4a475a:0:0,a9f562352763a50ed95beefca6083a8f:0:845175527,fa59c5e6b9ee3970d153602901d9d485:0:2888472382,1.0
1682,2,1682,1,legacy,0.0003,0.0,3.83907415478677,17.40681646006872,0.011009237729012966,0.0767578125,-0.0018920097965747118,0.0013211916841100902,-0.01671607792377472,0.051967937499284744,244,55,213,0,0,0,0,0,0,512,3,0,512,4,0,268,0,0,244,3,0,,0.10450760798994452,38cb7fd24adffd97f29e1172613b6c5e:0:0,4fe9adff760ebdfeeeb5614d07404c07:0:0,49656367866e6789be020a9940d5ea64:0:0,09461dcb2429a87552655f053362468f:0:2529743027,181f26f459a3c590b714641142562c1e:1:985410827,1.0
1683,2,1683,1,legacy,0.0003,0.0,3.8565187935930725,16.98350766085739,0.0050481874495744705,0.0337890625,-0.002790903439745307,0.0011961034615524113,0.006270209793001413,0.049097176641225815,261,47,204,0,0,0,0,0,0,512,3,0,512,8,0,251,0,0,261,3,0,,0.10887405194807798,356a0e5d763b9ae6e6d3f6df65f8885e:0:0,8c24418121c5105c8b885a23f3a25c60:0:0,9a209533e0d3327db4224bb02d2de9d1:0:0,50080986d3ccb37f49a745af13fc528f:0:236913050,ed07cb6f49f2c7baadb7412d4d89f60f:0:370231360,1.0
1684,2,1684,1,legacy,0.0003,0.0,3.730031607944737,16.420722344564865,0.0037210811860859394,0.078125,0.00015955539420247077,0.0009320293669588864,-0.004422595724463463,0.043184369802474976,258,51,203,0,0,0,0,0,0,512,5,0,512,9,0,254,0,0,258,5,0,,0.11306436103768647,b34dd20987019ee768edecc07cf5a45e:0:0,9b1bf2189c98afe8a17658c25ba91a6d:0:0,0e15db942046c22c4a5eeae10df245e7:0:0,85b9a40a019067d15e382a8647d65e8f:0:589503663,22cc633bbe32626490edf908bd4ca09b:0:4289864090,1.0
1685,2,1685,1,legacy,0.0003,0.0,3.8731089268284578,16.461858538781794,0.007940324954688549,0.0857421875,-0.0025726485066115854,0.0010238079208647831,0.0019501622300595045,0.04539846256375313,251,41,220,0,0,0,0,0,0,512,10,0,512,12,0,261,0,0,251,10,0,,0.1214171249885112,d1590aac09d310868f5bcfb1a632c05e:0:0,8463e4703b7e10affdc789c0d8d96b32:0:0,2dd9ba1e09a69611947b9b1a47b0ee7d:0:0,afeddd0acba3c0283029d516cef06a8f:0:58763893,1e79fb33760caede3b4f7951198b1671:0:1581935876,1.0
1686,2,1686,1,legacy,0.0003,0.0,3.9617736642807397,15.48210727676025,0.012195661664009094,0.0509765625,0.00020949812605977058,0.000873735552886501,0.0002262764610350132,0.0422438308596611,259,41,212,0,0,0,0,0,0,512,8,0,512,8,0,253,0,0,259,8,0,,0.1063104709610343,b1c5640e146117f4b327bc4ee1afdc5e:0:0,a99cfc44f4102d74bfc8708843f7c127:0:0,2111b95d7217185a1dee0dd5f0abe045:0:0,80f02aef9d905f3d6c894ceca94a768f:0:886712754,cd613d7404aceec56694a0a9efe42e06:0:3015425385,1.0
1687,2,1687,1,legacy,0.0003,0.0,3.8021410667041478,16.463001431149003,0.006909538526087999,0.0525390625,-0.004262997885234654,0.001250886550405994,0.00418985215947032,0.05017067492008209,275,48,189,0,0,0,0,0,0,512,5,0,512,5,0,237,0,0,275,5,0,,0.10975352802779526,2239e0fc456d89118bf60f342f6cf85e:0:0,a6181cbb834c02425bfe1b0120da6535:0:0,f9c5fdbaed28d1c2ee00061b363f3357:0:0,b181d2ea1de781ecd95ed993d6e4828f:0:3080499248,c763884286718beb4fd89460313d3a5f:1:2383502246,1.0
1688,2,1688,1,legacy,0.0003,0.0,3.7442052754558928,16.828484365444908,0.00891992449760437,0.0658203125,-0.00380834867246449,0.0009000302787171676,-0.0006516615394502878,0.042505521327257156,257,43,212,0,0,0,0,0,0,512,7,0,512,9,0,255,0,0,257,7,0,,0.10717757896054536,2e274e44b47590184c0564fd8f6a145e:0:0,cbca32eea8c22caf6495170fe263c6cd:0:0,bc02f0b6726c811781a9a035d1d6a513:0:0,e12e695d81b8949961ae029857be8e8f:0:2154546646,0bbc7e6130a43c7e14e87113e360da31:1:3352626140,1.0
1689,2,1689,1,legacy,0.0003,0.0,3.9156201492407083,17.057593360544132,0.008335019461810589,0.067578125,0.0010495747672393918,0.0011529764771694318,-0.00892232172191143,0.049062106758356094,255,51,206,0,0,0,0,0,0,512,7,0,512,7,0,257,0,0,255,7,0,,0.11005035799462348,05583fd53ca2808bbc2e9a4701a7305e:0:0,a96d3f9a1da10d3bae8bc7a2036f4412:0:0,7ee76db8568fed09d7a4cf3f658bd971:0:0,a1de87a7f85d6bd221758f862bd89a8f:0:567510513,466dc4d46c675df90c4a2926cc2405b5:0:2888181011,1.0
1690,2,1690,1,legacy,0.0003,0.0,3.6424572028047457,18.078534403584158,0.007444688584655523,0.0830078125,-0.003631701599806547,0.0009344049787614495,0.003025358309969306,0.0434187613427639,243,43,226,0,0,0,0,0,0,512,3,0,512,8,0,269,0,0,243,3,0,,0.10797904105857015,00eb64d6ce9cc66257e4cbac86244c5e:0:0,f425a049985126bfe29833587610767a:0:0,acb6983289c4c13f5f62c885206ce5c2:0:0,01a8b7b22228203771af87e95332a68f:0:1879519323,54428a669f726327e8294a94a0bcfbb4:0:1959042531,1.0
1691,2,1691,1,legacy,0.0003,0.0,3.7506915466240907,15.140612347690219,0.007523777894675732,0.066015625,-0.006494281021878124,0.0008784148580161854,0.001144319656305015,0.04267442598938942,275,44,193,0,0,0,0,0,0,512,4,0,512,11,0,237,0,0,275,4,0,,0.10992735403124243,f713e64cb4dcf972693555ca1ce1685e:0:0,090cbe0c0ae46ecf23646767223ff875:0:0,9863823849098243aa8c49fc289e5528:0:0,6ca9a4f2c47e8d9ff451334dcdccb28f:0:910680595,fae4163892097d8ea1f825712e8ded48:0:1819331878,1.0
1692,2,1692,1,legacy,0.0003,0.0,3.734461186247646,17.2306352932287,0.016859272494912148,0.043359375,-0.0004279040265828371,0.0009867396875051782,-0.006035332567989826,0.04465823620557785,249,56,207,0,0,0,0,0,0,512,6,0,512,6,0,263,0,0,249,6,0,,0.12200392200611532,ac3b8668f617131e24c7d53bc5de845e:0:0,a867d31170d6c59eead1c67acc14756f:0:0,26692859c9d8e0838190df601f2668df:0:0,1325bde02def757da04b193f9ba6be8f:0:725019213,40419fd5d34f8aeaeb75f6e2edddfff8:0:1964157748,1.0
1693,2,1693,1,legacy,0.0003,0.0,3.878859754785884,16.980754614792403,0.0031738178804516792,0.0265625,-0.0018648936413228512,0.0009156301646726206,0.004436379764229059,0.04311564564704895,256,52,204,0,0,0,0,0,0,512,5,0,512,11,0,256,0,0,256,5,0,,0.10569139802828431,38bd5571415bc63fc5de269d811ba05e:0:0,6d43f7042dba83607353ae04cf2bbb27:0:0,d100afdcba2108b162cbd2ce618160bd:0:0,119f9813fccd4482cd89014abcc0ca8f:0:3720440213,6967dffc5b7826e098ce18305e2814d3:0:1410108668,1.0
1694,2,1694,1,legacy,0.0003,0.0,3.843205428839818,17.658294528905508,0.006656238809227943,0.092578125,0.0007548736990429461,0.0010401199047919362,0.0027654666919261217,0.045688122510910034,244,45,223,0,0,0,0,0,0,512,5,0,512,8,0,268,0,0,244,5,0,,0.10808304999954998,dfa60bba0f8bf955aa54668b4e98bc5e:0:0,793f170a79057d270ffb9a7bb876ade1:0:0,887724e736cee2fc092017b55eee8394:0:0,5c279cb13ada7b8740f1f2fb311ad68f:0:2170163257,90142027b9c767a56073cf7247d4f11b:1:1608595819,1.0
1695,2,1695,1,legacy,0.0003,0.0,3.731833570848829,16.13739046416145,0.021239249035716057,0.07734375,-0.0023307190742343662,0.0010747752792667597,-0.002121566329151392,0.0471903420984745,265,48,199,0,0,0,0,0,0,512,5,0,512,12,0,247,0,0,265,5,0,,0.1521671360824257,46f86ee7e5ba62ee6ea0f1a12e55d85e:0:0,0ca6758bd66972b12bded2dcf49d3e4f:0:0,0da9ba967f9b2730a4ac768af29a8fb6:0:0,d732c1e80093bbad386835dcf8b4e28f:0:3617695681,b2b0cb9f4b475ba6aa896c64e97f2064:0:2142905223,1.0
1696,2,1696,1,legacy,0.0003,0.0,3.742122615968264,18.07215905648765,0.008439534343779087,0.076171875,-0.008183987624943257,0.0010011730948463083,0.0037823356688022614,0.04488585144281387,248,49,215,0,0,0,0,0,0,512,3,0,512,10,0,264,0,0,248,3,0,,0.15944980597123504,77209b50e417485509d4647b2052f45e:0:0,bd9ea147626d300c201b873c3bd7a89a:0:0,0b0be3972ca9bb945f0fc7f68027115e:0:0,09ff61bd12a375c676c9517c138eee8f:0:1607306288,f495365a42b0848157b84035647e59f3:1:426488697,1.0
1697,2,1697,1,legacy,0.0003,0.0,3.7880017001546156,17.640926052183083,0.008582520298659801,0.08671875,-0.0037011329084634783,0.0008692801027791574,-0.005977058783173561,0.04200019687414169,260,45,207,0,0,0,0,0,0,512,6,0,512,11,0,252,0,0,260,6,0,,0.15800809499341995,afc899030d025e7ce9999bb52490105e:0:0,1dc0ec030441c1f2438482ce803eaa30:0:0,00b07ae3b5882064e17ddfdd7f3192b9:0:0,643895872c0b3cf94fee0d6481a8fa8f:0:3521329941,7ac48bbe435121b42a92e879c9c8af12:0:711342745,1.0
1698,2,1698,1,legacy,0.0003,0.0,3.6748043344344925,18.34101927563139,0.011873244307935238,0.0912109375,-0.0073362892959266904,0.00129678844823502,-0.0006858729757368565,0.052072085440158844,250,57,205,0,0,0,0,0,0,512,3,0,512,5,0,262,0,0,250,3,0,,0.15933047397993505,2e634e9defdecd2e0e35b3eb3b0d2c5e:0:0,717aebb91cce2a31c223cde6d7e15fce:0:0,f6ac04367bfe058e58ddeb11a0533bf1:0:0,1d61e0dee78ebca5b4aa71224303068f:0:1431541539,eb47fbd5c0aaf3b16e8aa32d13e44419:0:1935031860,1.0
1699,2,1699,1,legacy,0.0003,0.0,3.7862140114411744,16.438312564416858,0.0024546317290514708,0.0837890625,-0.0008128471788950264,0.0010176186362514273,0.0030861650593578815,0.045641180127859116,262,44,206,0,0,0,0,0,0,512,3,0,512,6,0,250,0,0,262,3,0,,0.15559982310514897,a8c0aad8a3455471268809b963ca485e:0:0,4f52be29488160acf1c0f0dfef14f633:0:0,328bafa7447169fab8c32e5fa5bb75bb:0:0,33de66097aec518a3ecdc441579d128f:0:810602810,a521c5ae123e122f1dbde61bae26cf89:1:3671985262,1.0
1700,2,1700,1,legacy,0.0003,0.0,3.6939081616525065,17.472952893339723,0.01360650546848774,0.0927734375,-0.0007725659757852555,0.001122247995226644,0.0047949617728590965,0.04784929379820824,246,49,217,0,0,0,0,0,0,512,3,0,512,7,0,266,0,0,246,3,0,,0.1646400939207524,ae16c0373a30943bac0a39bb9ec7645e:0:0,078617e992c11014f45e1c5244937ff6:0:0,7ed4441e7bfe2d3f4a4fdd2f4ef20069:0:0,f6605931b66f46293d228e4dbf771e8f:0:1511439328,bf52eaf3c5a406a0503e1efa71413ab5:0:3893586378,1.0
1701,2,1701,1,legacy,0.0003,0.0,3.6952958857020457,17.75447684906384,0.015804186463356018,0.0453125,0.0022364437114447354,0.0013514268415747211,-0.025183003395795822,0.05596759915351868,237,41,234,0,0,0,0,0,0,512,2,0,512,6,0,275,0,0,237,2,0,,0.1614708899287507,8d5f8d1d1fbf765bfed0208dec04805e:0:0,34b2f37c4df131a48b527aaf2c9c2136:0:0,20fa1cc49ac4ea45cdbd125c9fba64cd:0:0,c076ef0dfb67b26dbf6e96d37a912a8f:0:2044625398,99c1375acf48aab57d538c5b8868f5fa:0:85754237,1.0
1702,2,1702,1,legacy,0.0003,0.0,3.6058176790310226,18.043298408136653,0.010117804631590843,0.0751953125,-0.0011365588288754225,0.0010578261368209495,0.016307150945067406,0.045640114694833755,260,60,192,0,0,0,0,0,0,512,4,0,512,5,0,252,0,0,260,4,0,,0.17216119600925595,fafa45140529baa58187dacc4b819c5e:0:0,931e6b2235f30a7a5680f8f6047c4b1e:0:0,937ef94842929fa1229cd565e162f5e4:0:0,1d0a96dd1c13fe90a272e55e88eb368f:0:1065283815,80ee736fba11602d917a95ccccd4e02c:1:1992654849,1.0
1703,2,1703,1,legacy,0.0003,0.0,3.769160659895216,17.223023019031025,0.0040248241275548935,0.0830078125,0.000758842984214425,0.0011071355605963618,-0.008897156454622746,0.0472898930311203,262,59,191,0,0,0,0,0,0,512,4,0,512,4,0,250,0,0,262,4,0,,0.18096958694513887,ab6926c94d82a55cb579c512bd3eb85e:0:0,cb2c89ca7987edb76a70621c304a3e7d:0:0,8a0279dc345cb969eee45fe7ba1546c8:0:0,4b20eeef5788093d9bebc17aea85428f:0:1391244338,f4a07083857ba23b6373a7ae3db3818d:0:3198073197,1.0
1704,2,1704,1,legacy,0.0003,0.0,3.84464228891315,15.771978497619887,0.010310500860214233,0.0892578125,-0.0040164018981158735,0.0009082754171686247,-0.00016961144865490496,0.04329674318432808,277,45,190,0,0,0,0,0,0,512,6,0,512,6,0,235,0,0,277,6,0,,0.18256956699769944,a80a3cee22e5cfe356887bfd413bd45e:0:0,1c1ccca57d702503cadaa38a4a28f88e:0:0,1c701b01b4204a7d60452a14f6b852ff:0:0,1d7b8e3be41df0f84690b2b49f5f4e8f:0:4005025401,f1e757e55f2148980cc8d7c51206ad2b:1:3539468804,1.0
1705,2,1705,1,legacy,0.0003,0.0,3.863169697654893,17.27577463734482,0.005339658819139004,0.085546875,0.0011473732884041965,0.0011324478837195784,0.003695555031299591,0.04806644096970558,242,50,220,0,0,0,0,0,0,512,8,0,512,1,0,270,0,0,242,8,0,,0.18120398197788745,7709d6d0a0aa1ba47730dc27d778f05e:0:0,4e988079c146880e7bc8edbe3d977eac:0:0,5889323dab3f13b2f576d34ed30c8c98:0:0,4fce74cebafc80c12e148097a7795a8f:0:3142175803,267137f29091879cf4380271213c3cea:0:3144230042,1.0
1706,2,1706,1,legacy,0.0003,0.0,3.7402876391555004,16.103963536292063,0.009289033710956573,0.065234375,-0.004062499478459358,0.0008846993703627958,-0.0013494438026100397,0.04227307066321373,242,39,231,0,0,0,0,0,0,512,4,0,512,6,0,270,0,0,242,4,0,,0.18299492297228426,7bc9102ebe36c7409c8a022e7ff60c5e:0:0,a5e34a7d5653da9c6d71b05c3e081033:0:0,ceedaa83cc6f2753ae58ff43fbaa871a:0:0,a7a4b825973f3ffadb2532b002d3668f:0:1254815276,8e3eef4ef9a6bd5db3ba9b4e135df81d:0:492791976,1.0
1707,2,1707,1,legacy,0.0003,0.0,3.862479529806623,17.615035494295526,0.007737267296761274,0.0486328125,-0.002575246850028634,0.0009581226971931755,-0.00018934026593342423,0.04426927492022514,255,57,200,0,0,0,0,0,0,512,9,0,512,4,0,257,0,0,255,9,0,,0.18736916792113334,6ac9666de616a5f9da454aad3ab3285e:0:0,24a95437e09065bb9914c36c8fe5f481:0:0,5b16549b212a31aa9c5b6e0d4fb92eee:0:0,7ed3cfde5b4c258edf6c1089b16d728f:0:3561139715,36495af21d72505f4d95a87f5410c1aa:1:2410405607,1.0
1708,2,1708,1,legacy,0.0003,0.0,3.8305236170398964,17.183040010309835,0.010320253670215607,0.06875,-0.0010049747303128242,0.0011324958089971916,0.00831158272922039,0.047746848315000534,241,47,224,0,0,0,0,0,0,512,3,0,512,3,0,271,0,0,241,3,0,,0.1533079600194469,7e201c0c64e5795feeae524007b0445e:0:0,045342ca8690c2718c91b0c3febee2e6:0:0,c050baf01f8c4e3bfdfa5bb35ce7f733:0:0,9cd7c2644ee2ee52e18da1b0b3477e8f:0:2851818273,d9fa7c7dedd4daac86d28c8b1d30bc72:0:2747521987,1.0
1709,2,1709,1,legacy,0.0003,0.0,3.713483886598655,16.446325985355916,0.004197267349809408,0.07109375,-0.011495310094323941,0.0009459358436288313,-0.000127465435070917,0.04390034079551697,261,44,207,0,0,0,0,0,0,512,5,0,512,2,0,251,0,0,261,5,0,,0.10442604997660965,77c109cc1bb36d3c5eaaf582e6ed605e:0:0,9131fa29f47c0568740abd05dfc3acc4:0:0,790c43cf568a8d054d57af13d8e9c31f:0:0,7edc5894e87216ada929adb108618a8f:0:3223795781,0a0673d43b1ab47812a386e5caf52fd8:1:103382348,1.0
1710,2,1710,1,legacy,0.0003,0.0,3.8582311247707697,19.05449119475877,0.008280396461486816,0.0482421875,-0.002515903580933809,0.0009111140680033714,-0.007764607667922974,0.04277097061276436,259,67,186,0,0,0,0,0,0,512,4,0,512,4,0,253,0,0,259,4,0,,0.1092930999584496,9fd877c0217ab5be91bb5111d86a7c5e:0:0,b44d771f16e6e33a43f5f5c10c898c3f:0:0,07d3ad187de2a3f05b86d493c57cfd9c:0:0,4ed172a0143d777c2adb3c16b0bb968f:0:3695078529,a5e5a918ee9fdd5b2c83113627bc62d0:0:392466911,1.0
1711,2,1711,1,legacy,0.0003,0.0,3.7665904925920626,17.919068620743992,0.011841503903269768,0.0822265625,-0.001135856460314244,0.0011059163109166548,-0.0011355726746842265,0.04729946702718735,262,58,192,0,0,0,0,0,0,512,0,0,512,4,0,250,0,0,262,0,0,,0.10532707895617932,012eaf113f434fe7edf9c188dc27985e:0:0,fff347d32f1397cd9aa82c3402633c07:0:0,581be9d26dc2f44ab6eb83da37c70d09:0:0,c3f297b32be286369438946dac55a28f:0:64915383,f4ff109627d456702fb091e6a51c545c:0:3665562500,1.0
1712,2,1712,1,legacy,0.0003,0.0,3.831772190565208,18.60948022935012,0.008528610691428185,0.0888671875,0.002291135909035802,0.00129338939441368,0.0016252953791990876,0.05129679664969444,247,56,209,0,0,0,0,0,0,512,0,0,512,2,0,265,0,0,247,0,0,,0.10615353891626,5e6e27f77290e437f41ae383f224b45e:0:0,395d2f8cb9079dfdd3818114e7697396:0:0,1b3423261c7d6acc57270e7aab3225df:0:0,ede3e54910c6385557d33e41fb2fae8f:0:1176199453,91e14c26ab66b2435b03b700a6d78287:0:1624969996,1.0
1713,2,1713,1,legacy,0.0003,0.0,3.928499936361659,15.70315557288433,0.013015927746891975,0.08203125,-0.0030650988221168516,0.000916568998945877,0.0014642155729234219,0.042921703308820724,267,41,204,0,0,0,0,0,0,512,6,0,512,7,0,245,0,0,267,6,0,,0.11430030700284988,eb5e8610e1b6cb985b6d939f1a61d05e:0:0,37968afa28ae88ec2fc2c0c3106c44ff:0:0,a4b4d05c48b5914d62c680aeb0a5dd53:0:0,72309a451bf889f63938011f9d49ba8f:0:1796421524,c91e3f694456b50314ef15a1277f4240:0:1253185738,1.0
1714,2,1714,1,legacy,0.0003,0.0,3.742873765029261,16.899922042944283,0.00932073313742876,0.0955078125,-0.005532074673101306,0.0011577973316889256,0.004008403047919273,0.048354621976614,255,41,216,0,0,0,0,0,0,512,3,0,512,5,0,257,0,0,255,3,0,,0.12391294306144118,eefaffe8edae36892ddaee7654deec5e:0:0,033192b1b4101c5af76070f1e284df05:0:0,20d36b825dbd736e107453555a36cfcd:0:0,fdd19d49d619a7c158eee49292a3c68f:0:1249833910,3e8f4288cbfd1498dea0129e566c3ca1:0:1349763166,1.0
1715,2,1715,1,legacy,0.0003,0.0,3.9555406374998903,16.648568022629526,0.008576683700084686,0.081640625,-0.0049712926149368284,0.0010845707962289452,0.0022810869850218296,0.0471210815012455,267,52,193,0,0,0,0,0,0,512,5,0,512,6,0,245,0,0,267,5,0,,0.1096239659236744,48fa552c4d0a768ce3e650a5a19c085e:0:0,61ac4d293347bf4b5dba8595d12f4072:0:0,36178975f8d21033f79b25eae75ab088:0:0,8cac8d07a9ccbc0e407b3026db3dd28f:0:777924048,6ce4276de523e63d4201c7c4079531ee:1:1457191525,1.0
1716,2,1716,1,legacy,0.0003,0.0,3.75944976330429,15.962079262814699,0.010882513597607613,0.1146484375,-0.003900036547565833,0.0010016944928793237,-0.0014076721854507923,0.04496191442012787,281,43,188,0,0,0,0,0,0,512,4,0,512,5,0,231,0,0,281,4,0,,0.10778020496945828,992919b15ba769d480ad56c90099245e:0:0,eaeab0275299d585773de8d07418bdbf:0:0,8dbbb97c5060c77ab25277a4661a25f0:0:0,a2f6248b03445f48ee5b6b687717de8f:0:3816051585,8687d49b75f2d637d99e98ef2938fb44:1:778376889,1.0
1717,2,1717,1,legacy,0.0003,0.0,3.723356863990228,17.533572892968664,0.011700112372636795,0.06328125,-0.008461426245048642,0.0008526434889063239,0.0013520471984520555,0.04161449894309044,254,55,203,0,0,0,0,0,0,512,5,0,512,4,0,258,0,0,254,5,0,,0.11086366698145866,ab1cda260aae092bade7dd7c71d6405e:0:0,67010bae6cb85e2582c0f2e4b767f301:0:0,baec38adcbf6657e792d0d4c08fd682e:0:0,9b4d04dc8f74ab96e2095de36631ea8f:0:4289008900,6357e22ac00668de7b15080f531ca22c:1:449507864,1.0
1718,2,1718,1,legacy,0.0003,0.0,3.8258997434577355,17.96990913161327,0.015115865506231785,0.0669921875,-0.0017688503256067633,0.0011491668148664758,-0.0031911665573716164,0.0480484738945961,244,53,215,0,0,0,0,0,0,512,6,0,512,4,0,268,0,0,244,6,0,,0.1116579290246591,ff8779df1c8b1824d7e8015bf5535c5e:0:0,d6694891f3f4a76a1ae8b8e2f291b534:0:0,9b70380e14ca55bc0d718de32acad4f4:0:0,b37c48918d76f3bc27fa0f23a88bf68f:0:2065850320,3bd94cc7e65c4170a67cde749a1e437e:1:138049174,1.0
1719,2,1719,1,legacy,0.0003,0.0,3.7293021897439935,17.412599332104904,0.005845541600137949,0.0466796875,0.0017748671583831311,0.0007970355392899365,0.004518141504377127,0.039843421429395676,250,45,217,0,0,0,0,0,0,512,5,0,512,3,0,262,0,0,250,5,0,,0.11316291708499193,080e1fee9873f785499a1f038b10785e:0:0,8f36d00dd1b4c02e0a2f3d8021647874:0:0,edadb847ba2aadf5a77f767e83e7e07e:0:0,7c5fa53564ab1d40659dc6b53e26028f:0:3038396318,5289748ca8b9cc1ba8a2c126aad6ef71:1:4063670178,1.0
1720,2,1720,1,legacy,0.0003,0.0,3.80626910408727,15.763493564274889,0.005347126629203558,0.08203125,-0.0022157703060656786,0.0009413995750946925,0.00024075573310256004,0.04345205798745155,275,48,189,0,0,0,0,0,0,512,4,0,512,3,0,237,0,0,275,4,0,,0.10933869110886008,1d3e1c51a11599f14884d30f330d945e:0:0,661f049d33816e4984c87ef33b1c276c:0:0,41cc55e8011e6ac1f97eb079147aed13:0:0,b29d49c0f2229dd3e5600c2427000e8f:0:1582125609,5cf14b51a2f2f8b043917dc8a646da73:1:1749386814,1.0
1721,2,1721,1,legacy,0.0003,0.0,3.6895004105936344,16.69411612867455,0.007922371849417686,0.0443359375,-0.0013274404220283032,0.000986491556977853,-0.0011904040584340692,0.044930629432201385,263,48,201,0,0,0,0,0,0,512,6,0,512,4,0,249,0,0,263,6,0,,0.12466647801920772,924c5cb01a099ad830c8fa1aed4ab05e:0:0,be4263404eb1ff27bcf147f453756164:0:0,eae14e8deeac7f93f109158dbb8142a8:0:0,4114209f3fe11bf4a2a7a6fc631a1a8f:0:24896435,786492452811c92053202a04e0582aa3:1:556240396,1.0
1722,2,1722,1,legacy,0.0003,0.0,3.854835834625008,14.743337880882756,0.0031045591458678246,0.0580078125,-0.0037231037858873606,0.0010351845441618935,0.005622936878353357,0.04603974148631096,289,47,176,0,0,0,0,0,0,512,5,0,512,6,0,223,0,0,289,5,0,,0.10863026196602732,c1f952d2c7ad77a09121b0c2b9c7cc5e:0:0,1a1c2686e1b6a65d65f346db684b4b63:0:0,335fd755abf95a00e9ac2295dc20fecf:0:0,36379f0a987eb2d355d69ec9f274268f:0:2732793608,7d148127c69ff33c1a2bbd632c720ed3:0:3587963870,1.0
1723,2,1723,1,legacy,0.0003,0.0,3.80412479812514,15.810932254388922,0.006373870186507702,0.0658203125,-0.0024613460060209035,0.0009338797040982172,-0.006985806860029697,0.04432438686490059,267,40,205,0,0,0,0,0,0,512,3,0,512,4,0,245,0,0,267,3,0,,0.10546145401895046,b57b959ed4f7eb1446e453a29884e85e:0:0,c965e7a322290d73f651a59ef34ce6c8:0:0,8c38265405e330c11fe035738b32fcf9:0:0,be5cdad829b7d978804a3b18d50e328f:0:3280075123,25eda7ce86bcdcb3281a59e26005644d:0:2131164159,1.0
1724,2,1724,1,legacy,0.0003,0.0,3.7477596355930514,18.570378500223097,0.005072267726063728,0.0326171875,0.0013375894632190466,0.0011552659241715446,0.005137577652931213,0.04900351166725159,244,59,209,0,0,0,0,0,0,512,3,0,512,5,0,268,0,0,244,3,0,,0.10753766796551645,4bf7080feae86b0c9a007f568982045e:0:0,89f068129e1873bc106c7c253270afc5:0:0,16b3d270dfeb56522d8d4d4da64cae31:0:0,b1773b13a876ed29785b03750ae83e8f:0:2255104493,f3e3fe0644f123ef195aa0875b9b0776:0:2878728209,1.0
1725,2,1725,1,legacy,0.0003,0.0,3.779120719188576,16.731897713847953,0.014148855581879616,0.09375,0.000772848492488265,0.0014194769551977514,-0.004233372397720814,0.053190767765045166,270,53,189,0,0,0,0,0,0,512,5,0,512,2,0,242,0,0,270,5,0,,0.10738845297601074,c104f054452cc85e5900107a8cbf205e:0:0,5150d8de51572e5fd0449650e29d6734:0:0,b3e03130bd299437803f7caafac6b579:0:0,e62dbf17a8e35f0d755cbf6a94024a8f:0:3095412382,87a8cad9f4844c24e4d9c320f49045b6:1:2148140233,1.0
1726,2,1726,1,legacy,0.0003,0.0,3.740871110196433,17.249378783579903,0.0031870969105511904,0.05859375,-0.000351935881190002,0.0008583594200899825,0.010293056257069111,0.04177768528461456,253,40,219,0,0,0,0,0,0,512,2,0,512,3,0,259,0,0,253,2,0,,0.10812884499318898,4d6b23d86f98f105f50723aaa23c3c5e:0:0,f1707af5df1e40d7d2fcd468381d7a7b:0:0,92ec23bfa537c3341d4d17d3f26b919c:0:0,39cc8b1a9d0285129b9e7685705c568f:0:1316391243,d7e9607e936fa773976103291654b86b:0:1125825577,1.0
1727,2,1727,1,legacy,0.0003,0.0,3.7984828128349637,17.727539771276277,0.015680545940995216,0.0904296875,-0.0021561913192272185,0.0012286762823350728,-0.010101255029439926,0.05022731050848961,256,52,204,0,0,0,0,0,0,512,7,0,512,0,0,256,0,0,256,7,0,,0.10822238703258336,909543ba980cd4939dd41582c9f9585e:0:0,0aa2299d4f3d705eed79cced8000fba5:0:0,f8f89ced503b4dc4541678a8852bed57:0:0,07a12873ac760e13086a70519ff6628f:0:132492305,0a1626e3c2386af9829e232e35b88070:1:1646395763,1.0
1728,2,1728,1,legacy,0.0003,0.0,3.8047022982426437,19.30468312838689,0.013358712196350098,0.0787109375,-0.0044836167246103285,0.0012246756843524054,0.002469964325428009,0.04944473132491112,242,65,205,0,0,0,0,0,0,512,1,0,512,7,0,270,0,0,242,1,0,,0.12002501194365323,adf2f7c7a0646ad75dbf829f03f6745e:0:0,281d744a34ba50c93f12cedafd516dba:0:0,d239635bb1187b22cb5112ac44cd67ee:0:0,960ab325d7e41939de06345b22d06e8f:0:4155089853,7dc0455c6d02f9d868e995ee17d59e7b:1:4121874246,1.0
1729,2,1729,1,legacy,0.0003,0.0,3.798088523816166,18.259395419654467,0.008709763176739216,0.0669921875,-0.0038962245918810366,0.0010181213088799267,-0.0007744352333247662,0.045430056750774384,244,48,220,0,0,0,0,0,0,512,3,0,512,4,0,268,0,0,244,3,0,,0.10455417691264302,c14924ce5c0ddccd35bc479b5033905e:0:0,81a38be7f548aec66329be78ce9be306:0:0,7b73be446f37f36d0b3ac8199ab1430c:0:0,bf32058b1a94f0a84fb28a2df8ea7a8f:0:525190397,9456cef34c216c0e18eb69806b6aff98:1:2570738844,1.0
1730,2,1730,1,legacy,0.0003,0.0,3.7316616279562123,17.90823793804639,0.006509141065180302,0.06640625,-0.007903175754472613,0.001074038408114575,-0.0030932920053601265,0.04670679569244385,241,55,216,0,0,0,0,0,0,512,3,0,512,6,0,271,0,0,241,3,0,,0.1047549230279401,b28a45bfa4e1cfc939578113aeb0ac5e:0:0,d2524b36bb3cfe010248f51d94567446:0:0,079873fb5711c170fac5a9199b98ffa4:0:0,c238d6447cd2675aadab79562244868f:0:2937216662,5bf4320dd1aac42634cc6df0b7265f7e:1:846029244,1.0
1731,2,1731,1,legacy,0.0003,0.0,3.8166544700473404,16.164497336444562,0.012199784629046917,0.0638671875,-0.0014006684999912978,0.0008520775794750079,-0.0010727397166192532,0.041564833372831345,275,52,185,0,0,0,0,0,0,512,2,0,512,5,0,237,0,0,275,2,0,,0.14448763197287917,b72b55bc32d9d2e3aab88ba41f6dc85e:0:0,42a9cc838fc134e162711c1cd75b77c3:0:0,53e54206edc8f6dfb4af4cd7b9a91534:0:0,aaf9abdf4994da4d7128495f9ede928f:0:2687881874,4ee6f49a807054f3b249d1f4f9720a9a:1:1271742357,1.0
1732,2,1732,1,legacy,0.0003,0.0,3.7381108206849167,17.17929487319674,0.004443598445504904,0.0658203125,-0.0036223896779119967,0.0007302130237803794,0.002307511167600751,0.03853490576148033,265,55,192,0,0,0,0,0,0,512,1,0,512,2,0,247,0,0,265,1,0,,0.11740346904844046,26671bdb6240eea516a103e8a26ae45e:0:0,93ef430fb7a0b934e9e7c145ac1a7621:0:0,74d00308e80dedf5a5806574eca0804b:0:0,0d6d84eada09d4e2485b81d66eb89e8f:0:2829500583,efd4938a7d1723f21a22fbec88cbf81f:0:3201109214,1.0
1733,2,1733,1,legacy,0.0003,0.0,3.660570087449921,17.896502332235166,0.0031556030735373497,0.0451171875,-0.0022691737161949278,0.0011456942127551883,-0.0035828324034810066,0.04842253774404526,258,61,193,0,0,0,0,0,0,512,3,0,512,4,0,254,0,0,258,3,0,,0.10789632599335164,e1b9282053fa56f2706cc67d37a8005e:0:0,455f1a87fc726fcc4538339a72b52550:0:0,f9c8e4db49455097b8a9cbfa609aa1a8:0:0,e1b71a85a98058852272ea4691d2aa8f:0:3320890168,936b5936b3983030f352cfdabd1c8484:1:3236449099,1.0
1734,2,1734,1,legacy,0.0003,0.0,3.735195984591839,16.61407704669453,0.006083646323531866,0.052734375,-0.004947960982099176,0.0009469823620747775,0.0009102086187340319,0.04372589662671089,271,56,185,0,0,0,0,0,0,512,1,0,512,6,0,241,0,0,271,1,0,,0.1092912390595302,a54c6bbd137a3f392e11effddf251c5e:0:0,96e03cd70e27c5d59e11321aecdab5c8:0:0,782864f104b1e8ca7089445f159c6daa:0:0,11eeb6b3a446c7913b978a3c082cb68f:0:3802633160,f4db7ecc8637fcecefc352ece0f165e4:1:3636551939,1.0
1735,2,1735,1,legacy,0.0003,0.0,3.799310316519743,15.612218641587749,0.007989095523953438,0.0958984375,-0.006705329939723015,0.0007781187916407362,-0.0017233516555279493,0.03952334076166153,277,46,189,0,0,0,0,0,0,512,1,0,512,1,0,235,0,0,277,1,0,,0.11693774699233472,4f670d6dae0cd0db6420dd0698e2385e:0:0,958335215ef69e567f289bee410559ce:0:0,085dcdca03ea9d8403503ffdc127059f:0:0,b654b71ae406737628eda942d1c6c28f:0:4072779269,db862188b652239bfa0982a2863cc07f:1:1049405633,1.0
1736,2,1736,1,legacy,0.0003,0.0,3.8830383078835875,17.377615402050807,0.0066453455947339535,0.066796875,-0.007752538751810789,0.0008973372663604095,0.007316759787499905,0.043256260454654694,256,42,214,0,0,0,0,0,0,512,1,0,512,2,0,256,0,0,256,1,0,,0.11564968700986356,c445ed5f670743dbe1c42a3364df545e:0:0,fbf5bdcd8ba66825aa03726ee1fb153d:0:0,4c79db46e82e2fed93c1baae6d7388e5:0:0,02cc000f4c28ce1ce494cee6eea0ce8f:0:3864579817,105a75473fb2c9772f5de41b971de813:1:1139833109,1.0
1737,2,1737,1,legacy,0.0003,0.0,3.8639266628436095,17.74717860559205,0.0199374221265316,0.1109375,-0.005541296908631921,0.0009724555478896945,-0.000655876996461302,0.04442838206887245,266,57,189,0,0,0,0,0,0,512,7,0,512,1,0,246,0,0,266,7,0,,0.10811800102237612,b79e3ac2747f19ca4cc0b420431c705e:0:0,7668d25e0835be4b1c68dacd126f039f:0:0,5ea6f98d082a497e4347b421727c52d0:0:0,7ca8db20b8d23e8cd9a7c2b45ebada8f:0:3436300295,847b9a8b5068f84cace913438b5e262a:0:1838903091,1.0
1738,2,1738,1,legacy,0.0003,0.0,3.8491267085508936,16.83070694867577,0.013619085773825645,0.090625,-0.004897814663127065,0.0008934071607654914,-0.004648130852729082,0.04241645336151123,264,44,204,0,0,0,0,0,0,512,2,0,512,3,0,248,0,0,264,2,0,,0.15137819002848119,885a87cef0237aef3d75976933998c5e:0:0,742347a7b4b110fa0a79fc6f6d8d7a52:0:0,e542855ff9299fbec5edb9a3d6d486eb:0:0,253bffaab2fe98d0f03c8c372214e68f:0:803898297,8b33ffa2363f734a1dd802f6242dd0e2:1:75802858,1.0
1739,2,1739,1,legacy,0.0003,0.0,3.8562067126864297,16.31252112349424,0.006152604706585407,0.0341796875,-0.0016292710788547993,0.0009946482983650639,0.0024700723588466644,0.04495009034872055,266,42,204,0,0,0,0,0,0,512,1,0,512,7,0,246,0,0,266,1,0,,0.15704974497202784,b062efafe7d4b5b85adc30aa3656a85e:0:0,97d592b48b151efa4ec752c015cdf369:0:0,4815ec159ef0dea10afd19edb79461b5:0:0,cf4cd32fdc4b391c996472fb38aef28f:0:339385500,781026f26408de046996dfb954780702:1:3250807832,1.0
1740,2,1740,1,legacy,0.0003,0.0,3.702418737344289,17.114102115171747,0.009400525130331516,0.0865234375,-0.0023741135373711586,0.00084769468230661,-0.002079869620501995,0.041591666638851166,263,48,201,0,0,0,0,0,0,512,2,0,512,4,0,249,0,0,263,2,0,,0.15838497399818152,43952471b995e06476881c7f4b53c45e:0:0,57b2ec937774ebdb319f36ac8be4c8d4:0:0,28f2654a087f3758c8d2c13eeef64ab2:0:0,c7314a9684fac230db2bfe8ca288fe8f:0:1510806329,caf06527fd98c11967453d65164ea0a0:0:1443937013,1.0
1741,2,1741,1,legacy,0.0003,0.0,3.851318020525005,17.824160179829953,0.0019862574990838766,0.092578125,-0.003362718177959323,0.0012681866297498345,0.004398019053041935,0.05481985956430435,257,51,204,0,0,0,0,0,0,512,3,0,512,2,0,255,0,0,257,3,0,,0.1555023540277034,c8c199bb26749cefa8a737847290e05e:0:0,970f3ddc60ef05170c6a9770e69dfe83:0:0,f41fe4147e214f7e8224eef471125df2:0:0,419d3ca71ebe7f015c9af6775fa30a8f:0:1972247815,5f663833fab3de4eef62228e41804298:1:1731833184,1.0
1742,2,1742,1,legacy,0.0003,0.0,3.618377249956266,19.370225242380037,0.004805668257176876,0.0578125,-0.0026868857443332673,0.0011211114673642442,0.004343036562204361,0.04826672002673149,231,69,212,0,0,0,0,0,0,512,4,0,512,5,0,281,0,0,231,4,0,,0.1606339910067618,8fce7bc2c802ff3f6c019e55ac0dfc5e:0:0,7fa38846265d6474ffecf4cd1322c400:0:0,fabd1b5edc14f0075cb5d18fc2fbc2e9:0:0,9fde69787ed1679971b462476ffd168f:0:2116180194,b7581e21f7400fdec11ba09a3c4e8aa3:0:4124989556,1.0
1743,2,1743,1,legacy,0.0003,0.0,3.6729219769264194,16.221745667523656,0.021082855761051178,0.1119140625,-0.006383801810443401,0.0010398181184427813,-0.00185489933937788,0.04568888619542122,254,34,224,0,0,0,0,0,0,512,3,0,512,3,0,258,0,0,254,3,0,,0.16268536006100476,bb47b89cd3ff958eb9f9ad8ef7cb185e:0:0,2b7d375f51096c66d64fec557025f51f:0:0,e5034fddd7844e396e54f55084075240:0:0,7445f9c121f0c94127768988d397228f:0:2470403698,6d1b4af0028cee272d5fa8bbf49cbb01:0:3255477448,1.0
1744,2,1744,1,legacy,0.0003,0.0,3.843578435472221,15.994327963743228,0.009505358524620533,0.0685546875,-0.001101001794449985,0.0008746027946472168,0.00013490638229995966,0.042280878871679306,265,36,211,0,0,0,0,0,0,512,8,0,512,2,0,247,0,0,265,8,0,,0.1635331780416891,b3e514a759c7931a268c01cc55c8345e:0:0,6f20f68cbd8755c7ae1b1b7e013905ae:0:0,a5ef7d238066b5b8ba2ebb787f0b17b2:0:0,423bc44fe4be91e24fdaf3c78a712e8f:0:3211595233,02cd19086745733cadcac5d22cfbb8e8:0:2936528090,1.0
1745,2,1745,1,legacy,0.0003,0.0,3.7035030267135425,17.161064237521842,0.013115022331476212,0.084375,-0.011039784038439393,0.0009199781372444705,0.008045945316553116,0.04385140910744667,271,47,194,0,0,0,0,0,0,512,6,0,512,7,0,241,0,0,271,6,0,,0.18136363895609975,dc2c1185652f1d0bfc4f77a9c605505e:0:0,f1e3ae4ddedddfb5f9087822c003492d:0:0,8d367e7864cf66f755bfa1b3baf755af:0:0,2e233f39e3193ead8dd6688f948b3a8f:0:2220129962,56a5eccb8c32b9f70bc30b7936bf98a2:0:1762306795,1.0
1746,2,1746,1,legacy,0.0003,0.0,3.778130031508505,17.45053077002283,0.011886527761816978,0.1154296875,0.005236353073269129,0.0015098866482730956,-0.005203709937632084,0.05599356070160866,262,51,199,0,0,0,0,0,0,512,6,0,512,5,0,250,0,0,262,6,0,,0.18405972002074122,4b8b59c3b25bb9a858752bc348826c5e:0:0,1b7b38140cd9f7929908b03205148d35:0:0,7ac5886d164c8efd96c0f5a5cef29976:0:0,2515a59670f56dff6158ef6cf1e5468f:0:3089245861,ae43ad024222ccf741cdef31e50d6893:0:1182066164,1.0
1747,2,1747,1,legacy,0.0003,0.0,3.667472940122201,18.29927976183745,0.0054126703180372715,0.061328125,-0.004230765951797366,0.0011940839351154864,-0.00043571903370320797,0.049171850085258484,262,56,194,0,0,0,0,0,0,512,3,0,512,5,0,250,0,0,262,3,0,,0.1785250010434538,4d6069ebde3ce1b946c87ab4dd3f885e:0:0,14ed73c0b47dce1740b44399af82d805:0:0,722bdfb33314c2775625b428f0b855d4:0:0,66c089ed5f451485334dcfeba27f528f:0:2636317994,4d6d694c7d665302686130a71a3f279d:1:781444257,1.0
1748,2,1748,1,legacy,0.0003,0.0,3.7333151414686374,19.759354234992422,0.010458382777869701,0.106640625,-0.0034234764985740184,0.0013280394254252315,-0.0019435570575296879,0.051647596061229706,251,68,193,0,0,0,0,0,0,512,5,0,512,4,0,261,0,0,251,5,0,,0.16075698600616306,8b8652753f3eb43addaf011a843ca45e:0:0,88457d28df1641791acb91136d8cd6a1:0:0,812fda0b982da8a61a7c21de866cf67d:0:0,bfb3c8c6ff7855a2619b9197a6595e8f:0:2997006914,72bcccf60ec56d4aeeb2bedac11f917f:0:4256154457,1.0
1749,2,1749,1,legacy,0.0003,0.0,3.738492902918256,16.849725159080297,0.01791452430188656,0.1046875,-0.0031031114980578423,0.0008519234048435465,0.00018923213065136224,0.04153680056333542,259,44,209,0,0,0,0,0,0,512,4,0,512,3,0,253,0,0,259,4,0,,0.10908801900222898,5f95acacd1d2cc475a289b903d79c05e:0:0,c84894eaaeceac8a28122bd5ac1c09ca:0:0,89d104ef237c8db0de280707670f3efc:0:0,1b5596189823ff154b23fbfcfd736a8f:0:1765923255,e5dd7d2e9a04427b2025c91c6e45e537:0:4233763194,1.0
1750,2,1750,1,legacy,0.0003,0.0,3.7635820111900786,17.992010911250755,0.0036446729209274054,0.0900390625,-0.0005939161404967308,0.0011191188474185764,-0.0020439608488231897,0.04766438528895378,264,61,187,0,0,0,0,0,0,512,8,0,512,4,0,248,0,0,264,8,0,,0.11708884197287261,f4223757e46b39433bcf66b208f6dc5e:0:0,b421231d77f7ee67b2954226c37edcbe:0:0,2ebdfc1f673bf3bc4df46e0319b4fb0b:0:0,55cf33933d59a7dc5bc416a7a7cd768f:0:2794100848,4021deb9b2fcd19c84eeaf3a66c2ba68:1:1811203279,1.0
1751,2,1751,1,legacy,0.0003,0.0,3.6613239077304813,16.535897729520087,0.004806242883205414,0.0453125,4.4561829417943956e-05,0.0008727781823836267,0.005770445801317692,0.04175915941596031,268,42,202,0,0,0,0,0,0,512,4,0,512,2,0,244,0,0,268,4,0,,0.1187071210006252,da42067f6e83994960d7bf1be6b3f85e:0:0,f03c7deb4d4897291a74f413f5c9a78c:0:0,5a4c341cc4cbd24097a1dea6957b0156:0:0,52d0bd263f3d725b18542923a567828f:0:2936882344,40c9c484fad286757e743c319d7a34de:0:2997567165,1.0
1752,2,1752,1,legacy,0.0003,0.0,3.880339628063517,17.35213957968982,0.0062308041378855705,0.0765625,-0.005671714479103684,0.0012311669648624956,-0.00813764613121748,0.050090592354536057,249,42,221,0,0,0,0,0,0,512,3,0,512,4,0,263,0,0,249,3,0,,0.11006376694422215,b1c4c47c3e5455d722104169d6b1145e:0:0,45f11412459212e1c7b77e5ad46c50b4:0:0,ef646cd520501b95c573ada81ee28c9a:0:0,49466451a16571bf2aa7bafcf6418e8f:0:1070340344,e9f57e1e285fef9ae973b91a733a9d3e:0:565297430,1.0
1753,2,1753,1,legacy,0.0003,0.0,3.689933800839597,17.827817247222754,0.007627666927874088,0.0693359375,-0.005684982985258102,0.001071420789230615,0.00208206451497972,0.04670967161655426,271,55,186,0,0,0,0,0,0,512,5,0,512,0,0,241,0,0,271,5,0,,0.11134836298879236,adf7310668cc02b86ee1ca37d8ee305e:0:0,95c43ae7958b413b7cec4bd56510d735:0:0,9d70d75be9a28cc9b212e280d79c9c6e:0:0,e1456a304d8eb2a56d8d93bf9a5b9a8f:0:3371798487,ec084aa3a1943c7ffb9c354e773bea3b:0:4069522874,1.0
1754,2,1754,1,legacy,0.0003,0.0,3.95537832163452,18.726801840611596,0.004337492864578962,0.1029296875,0.003424883959814906,0.001332602888578549,-2.8050330001860857e-05,0.05186977609992027,244,60,208,0,0,0,0,0,0,512,8,0,512,5,0,268,0,0,244,8,0,,0.11235771095380187,4fdfd5b4a76adf33e94f7621ed6b4c5e:0:0,3fcf1ed6d8a384cccd92be09c873e975:0:0,8fec186c3d78209f81682e41a58bb6e4:0:0,23d32b6cf433e6fef8cfbaf791b5a68f:0:1910185105,6aecaa7c50f7173c6407d8fa429c17b6:1:2596283011,1.0
1755,2,1755,1,legacy,0.0003,0.0,3.8149557474655733,17.248236305098263,0.005115157924592495,0.08671875,-0.009196361969225108,0.0010187334206420927,-0.002095631090924144,0.04574979096651077,251,41,220,0,0,0,0,0,0,512,3,0,512,6,0,261,0,0,251,3,0,,0.1066569279646501,d3cdce028f9c797701f6a1c41428685e:0:0,4d0ed96a6789d04a617313b3b23ce458:0:0,4df401204810b82c9822f89e6bedcff0:0:0,46f4a09fcd91b5362d337830dc4fb28f:0:64796131,9955dfa98d97e5a83f9ae20a2aa6e342:0:2392638491,1.0
1756,2,1756,1,legacy,0.0003,0.0,3.7809582054447666,18.64716993257993,0.008860382251441479,0.054296875,-0.002608324075117707,0.0010454460338223726,0.0036186743527650833,0.04671471193432808,252,57,203,0,0,0,0,0,0,512,5,0,512,8,0,260,0,0,252,5,0,,0.11153412400744855,bd19839ecf2b7442140ee9ba4d25845e:0:0,f0ea2485f9d9cdc4f2620bd30b9f16bb:0:0,eb55288d24d6b5c2869c8e70c1917eb2:0:0,06f0d0deada4aa93c07952f77a29be8f:0:1665450260,3d75c3047ee800e1add107baea424e44:1:2638946633,1.0
1757,2,1757,1,legacy,0.0003,0.0,3.9324079534062166,18.690745359471393,0.009303515776991844,0.0822265625,-0.003919138899073004,0.0011350302578648553,-0.000360077538061887,0.04768495261669159,246,66,200,0,0,0,0,0,0,512,6,0,512,4,0,266,0,0,246,6,0,,0.1254099759971723,d2595e6cd96b6ed4816a2aa09862a05e:0:0,604783a668c81e8d356e18070ea25ca7:0:0,b2c6bb219ce94387c24e221b7608fa70:0:0,731cdb941dacd0e3c95d12d76b43ca8f:0:1861330635,aac2209e0db5d16221e4046a7ba86c1d:0:1025345391,1.0
1758,2,1758,1,legacy,0.0003,0.0,3.7773144844522513,18.279372248191983,0.02715279348194599,0.1068359375,-0.004374363529495895,0.0009658980066888035,0.0006318754749372602,0.044333234429359436,244,50,218,0,0,0,0,0,0,512,5,0,512,4,0,268,0,0,244,5,0,,0.13037867296952754,f049a24fb0b50f18ce748112f5dfbc5e:0:0,37efa6c01d08d9620ee914ba67ad7f19:0:0,0020dbe85bcb3bdb4fe0969a7e9545c7:0:0,cc2471fd6dc2e75acb95bf5caf9dd68f:0:970209355,364936db7a229d6ca4d06f9a29365433:0:1258067146,1.0
1759,2,1759,1,legacy,0.0003,0.0,3.6861748314778033,16.775493010077525,0.006719645578414202,0.0849609375,0.0003244270570576191,0.0008949872164521367,-0.0018563350895419717,0.042443353682756424,260,50,202,0,0,0,0,0,0,512,3,0,512,5,0,252,0,0,260,3,0,,0.1052226941101253,8c7f0b7db7d02e10be3449ad659cd85e:0:0,381a1e7cb5f61188f3c6d1764aacea8b:0:0,95f5e7fed661446418889d4bc0a9d74b:0:0,3ecdd7faf10b3ebac3d5a0134737e28f:0:3094084144,73d5910146589ce0a090e13a04ef3bce:1:729445101,1.0
1760,2,1760,1,legacy,0.0003,0.0,3.794116841252631,18.312072190149763,0.007324423640966415,0.0544921875,0.0007534245029091835,0.0010485628212336452,0.0006521139293909073,0.04592091962695122,244,47,221,0,0,0,0,0,0,512,5,0,512,4,0,268,0,0,244,5,0,,0.10680260905064642,c4ef2cc7b6e826816e4a210be799f45e:0:0,3df742483aa5753c88c04d9b5375b57a:0:0,a1371f5141941ce126773d5a3732f6fb:0:0,dbf4cf28d71238b833ca3c873211ee8f:0:4224630676,e6506cacfa43fac583dd88d57e38cd1e:1:3337764034,1.0
1761,2,1761,1,legacy,0.0003,0.0,3.8522355746701633,17.705688085534298,0.010030804201960564,0.0375,0.0010788222309201956,0.0010919991385890172,-0.013308081775903702,0.05335328355431557,246,47,219,0,0,0,0,0,0,512,4,0,512,6,0,266,0,0,246,4,0,,0.10714542691130191,a0a821e77fa645df72f0e3ca7bd7105e:0:0,3910432b53d2de568a28c6541472ad92:0:0,ae21b6b1452f38ce7f0093a21bb30606:0:0,2024268254de6a9f2e1c5c44702bfa8f:0:269367418,0002167601272abda142a5bf8c11e25f:1:2705372105,1.0
1762,2,1762,1,legacy,0.0003,0.0,3.7782976703436493,17.433079165775855,0.01256142184138298,0.0669921875,-0.0021887850016355515,0.001090892098727636,-0.0010501109063625336,0.04705963283777237,262,50,200,0,0,0,0,0,0,512,3,0,512,7,0,250,0,0,262,3,0,,0.15564737003296614,e2fad294dc0e5f7af2fdae8522542c5e:0:0,56dd51d3a510ca7055d76de51b398320:0:0,d09fe9ed2a9c0c6875ca5b5b63469600:0:0,9e120c1c10446338627006d70186068f:0:2518910155,4e3e40612dcfb10b69ed953e88435377:0:2622457082,1.0
1763,2,1763,1,legacy,0.0003,0.0,3.8379622538772717,16.921705796885632,0.008453336544334888,0.0986328125,-0.002987069822847843,0.0009328783344244584,0.002159748924896121,0.043255046010017395,263,46,203,0,0,0,0,0,0,512,6,0,512,5,0,249,0,0,263,6,0,,0.14047802099958062,b71fc9c9b3b981ebc3dfddd7db11485e:0:0,4043d5c90dbd21c8836107c6f9b6aaa3:0:0,bbd4a447cef8bdb02e39b1dd2676772a:0:0,e28fadce000813ee296483cae620128f:0:3945661670,7e526ef084de01dce1dd4d3c44af6db5:1:2162350291,1.0
1764,2,1764,1,legacy,0.0003,0.0,3.748756383175138,20.20683059142374,0.0019982922822237015,0.065234375,-0.003369915299117565,0.0013456976361339913,-0.003276194678619504,0.051817528903484344,233,66,213,0,0,0,0,0,0,512,3,0,512,9,0,279,0,0,233,3,0,,0.13819596206303686,b93e8748930acebd85a10e5ea60e645e:0:0,28c0211749bcfe467ad0c1e387645e97:0:0,4de54dba907f94ac607ed6a2f886280c:0:0,617930f03357dd3190945aac1dfa1e8f:0:2915286769,8e2918e7f7a13b7fd59eb45f34ea737b:1:409561344,1.0
1765,2,1765,1,legacy,0.0003,0.0,3.7067808955068475,20.011938288546904,0.0029434473253786564,0.031640625,-0.0018970346078276633,0.0011044766753911972,0.008410396054387093,0.04733377695083618,225,61,226,0,0,0,0,0,0,512,4,0,512,6,0,287,0,0,225,4,0,,0.11570330895483494,acfa3022fffa745bbee51cb5834b805e:0:0,a7f8b72a7979d4ffa979a76cb225271c:0:0,5d1843c29b5fecf84a5a4e02d39b8306:0:0,1d1f9099332d3e1f66955306a9142a8f:0:553063815,aa763f2de33c295b2beaa64bdaa33aaf:1:1502504900,1.0
1766,2,1766,1,legacy,0.0003,0.0,3.772241396283187,16.627619792357518,0.008066166192293167,0.076171875,-0.002806959208101034,0.0010643959511071443,-0.008369043469429016,0.047016680240631104,266,45,201,0,0,0,0,0,0,512,8,0,512,8,0,246,0,0,266,8,0,,0.10784297599457204,bb7c9da74812ca3df8ea257872c89c5e:0:0,d3fc8dae3230c00ce3c869f7e7874e44:0:0,da09b7221adee90feae4840c4f142a1a:0:0,b7c28517f01f276546f87466876e368f:0:2341190536,b0f9ca631e59c8c0838fdcc7e5fa46c9:0:1783609912,1.0
1767,2,1767,1,legacy,0.0003,0.0,3.7103698291939646,17.37752607775593,0.005437177140265703,0.053125,-0.003979217051528395,0.001158236523042433,0.001537555013783276,0.048528041690588,254,59,199,0,0,0,0,0,0,512,7,0,512,3,0,258,0,0,254,7,0,,0.10353563399985433,8daa00c7b33b8f53db8885437485b85e:0:0,3bc19ca4a96734d0690fa2114abdd298:0:0,41cc68db3f1fbe8dc2408f68bb088cc5:0:0,ac3d36ae6f31f166a64a0657b908428f:0:523945782,45a75c9c255d716a3b0ae6acef5f568c:1:334708566,1.0
1768,2,1768,1,legacy,0.0003,0.0,3.6838363318061873,17.251999941443042,0.011731580831110477,0.08203125,-0.002278588083572686,0.0008721986581804231,-0.0033906702883541584,0.041855327785015106,256,55,201,0,0,0,0,0,0,512,10,0,512,4,0,256,0,0,256,10,0,,0.10451912495773286,34f3a2b746ef4ab14932d8b28882d45e:0:0,997383210e59f2f19c60fa06355d6055:0:0,dffa0b91423868e2293513bda675e2ff:0:0,7b4528dda830f5a1de1190663de24e8f:0:1464528058,84d7753153b9dd38bec144efa5b92ea1:1:2063628748,1.0
1769,2,1769,1,legacy,0.0003,0.0,3.6553568116146296,18.711427041652186,0.007718468550592661,0.0951171875,-0.0007255450356751681,0.0012963656306965276,0.0029427220579236746,0.05108790844678879,247,48,217,0,0,0,0,0,0,512,13,0,512,5,0,265,0,0,247,13,0,,0.10414788103662431,c867ba228576ce7a7af5fc61aebff05e:0:0,6f5558b8745d0d466d869dc0c2df55a4:0:0,f2017a1b3e85d68c3d4fbc92366e13d6:0:0,a0c782de481dcb5538d1da1e15fc5a8f:0:3227378065,8c57aea1b52569c0d34e41aa8a2d11ce:0:1742802689,1.0
1770,2,1770,1,legacy,0.0003,0.0,3.885664329980342,17.41239718292198,0.011445214971899986,0.0748046875,-0.0018235027324408292,0.0012140743783675134,0.0032031647861003876,0.049441978335380554,254,51,207,0,0,0,0,0,0,512,12,0,512,6,0,258,0,0,254,12,0,,0.10704494907986373,165ed714d4c6dd101c790cece73d0c5e:0:0,8a4d6c44e2ba95bbf1e5ea5943960c00:0:0,f00d1dcad06c41cb3c807eab941d57d3:0:0,144d9d2d4a412763fe08eb0b4156668f:0:1733438385,8295448b96cd51b047a6f77fabb478b4:1:1031350532,1.0
1771,2,1771,1,legacy,0.0003,0.0,3.6510182643547684,19.58580512655843,0.006771812681108713,0.0517578125,-0.001409045560285449,0.0011799101310316473,0.0016182375838980079,0.04879969358444214,246,64,202,0,0,0,0,0,0,512,3,0,512,5,0,266,0,0,246,3,0,,0.11571426608134061,ffc50e45789bf07b67fd66f031fa285e:0:0,12b9ac241cb902b5431a085d9f89c340:0:0,17da8bce09ceb70d2e0c57c61ca592ca:0:0,e31e8b5e9a695f7b7e300ab9bff0728f:0:780265253,8d8646b6a7c65368e7bc82e72f65c2b2:0:823423547,1.0
1772,2,1772,1,legacy,0.0003,0.0,3.8640929236764054,16.502061239734655,0.015870533883571625,0.0568359375,9.618713520467281e-05,0.001038849088945426,0.001110685057938099,0.04558089002966881,257,47,208,0,0,0,0,0,0,512,7,0,512,3,0,255,0,0,257,7,0,,0.11216366104781628,32b5cf314b70241a425ea7078ef7445e:0:0,9fe8f6301d94d9410f1c512df8e7b2a9:0:0,dff659c88937686ce38135f2ddf6a265:0:0,0e5034b332e290781ebbc0b591ca7e8f:0:3793583744,610c1e4f3e9338d6e5497b0a30e67eb8:1:1967550084,1.0
1773,2,1773,1,legacy,0.0003,0.0,3.7837329927635137,17.220433322336312,0.003209864953532815,0.0525390625,-0.0008316687075421214,0.0011106249905424193,0.003504169639199972,0.04751738905906677,256,46,210,0,0,0,0,0,0,512,6,0,512,7,0,256,0,0,256,6,0,,0.13333541504107416,39352f10a1e7408b5712a9cefe34605e:0:0,5209d16716f71b68fca2f134569b66b4:0:0,ac7b9450aaabf405ef9af9e0b628ad63:0:0,3567753b68b4680a661bd48ab6e48a8f:0:338336741,c4af37c12ea9b849486a341c50e4dcc7:0:2179907366,1.0
1774,2,1774,1,legacy,0.0003,0.0,3.7757642926152,17.649157864951647,0.0028738495893776417,0.0509765625,-0.000748300296254456,0.001136410515755415,-0.0008745752857066691,0.04805101081728935,261,49,202,0,0,0,0,0,0,512,10,0,512,4,0,251,0,0,261,10,0,,0.13845678698271513,60806d63044ce9da34298be27fb17c5e:0:0,2f7102ac0688bf8d218f7f15da9dd042:0:0,003e07de3c46c867b98adaffcb0de2e2:0:0,aac3b49958b1919c07bb4dc52f3e968f:0:1461576641,1057efebcb5357e66e52514a7a9e5f74:0:669015018,1.0
1775,2,1775,1,legacy,0.0003,0.0,3.6949875587840197,19.519252100304605,0.006882670801132917,0.0693359375,0.0018421674612909555,0.0012237767310580238,-0.0020258671138435602,0.049594536423683167,237,57,218,0,0,0,0,0,0,512,8,0,512,6,0,275,0,0,237,8,0,,0.1380289599765092,0ff98d74a9c0efeb664da9de136e985e:0:0,1ae767023adc9af8b6f87f809cc20005:0:0,2eba2e2f2b0e15b4c9ff4880a242e2a1:0:0,4d1f5ec2a7e4c674f00073f0fad8a28f:0:2359261091,eafad57d155da54bcb7c080900cec1f6:0:1639406853,1.0
1776,2,1776,1,legacy,0.0003,0.0,3.809671037249074,19.318217244009105,0.004635950084775686,0.0318359375,-0.0031797979958355428,0.0011122674681246282,-0.0014615138061344624,0.04731833562254906,218,45,249,0,0,0,0,0,0,512,5,0,512,4,0,294,0,0,218,5,0,,0.13661588600371033,ee5712ebe0adc12894c3a05db96bb45e:0:0,96b7c9744a991202be72573dd4edcf73:0:0,d1d6e7a20898660a92a811cbef0893de:0:0,dc2bb66c09e78120504cce9a19b2ae8f:0:3471961120,858d9c541ac9e6528906703b58ac1f4d:1:2704473231,1.0
1777,2,1777,1,legacy,0.0003,0.0,3.834884980862708,17.60635399150383,0.005197674501687288,0.09296875,-0.007543784519657493,0.0007820253755198792,0.0017129150219261646,0.03958906605839729,245,52,215,0,0,0,0,0,0,512,7,0,512,7,0,267,0,0,245,7,0,,0.13603910093661398,e2c13e16d024ff6c9d6a4bfd71a8d05e:0:0,9537852465e3a12d7b9cfecb12f14a36:0:0,95a5841d50aaaf36014c0d6546af584d:0:0,68fb90143fae5411aafd254c8bccba8f:0:414951344,2333cafb78b98c97e71560656d6dbc99:1:247735978,1.0
1778,2,1778,1,legacy,0.0003,0.0,3.6953231821286803,16.64167587151033,0.0041272290982306,0.0751953125,-0.00024207893293350934,0.0008726409956580028,0.00038557196967303753,0.04173855856060982,253,46,213,0,0,0,0,0,0,512,3,0,512,5,0,259,0,0,253,3,0,,0.1565972629468888,c8218f5c3dbe372fb0bac9593c25ec5e:0:0,232a3e804d352fa34161e5e664e3ab76:0:0,5119022fa5b14be8dcc5698318484e9d:0:0,f0cda7ef8156e389df697f945126c68f:0:4199385021,10897e662c65e0616d7e26a43938a809:1:2279568780,1.0
1779,2,1779,1,legacy,0.0003,0.0,3.8100069967872483,18.578298102500202,0.007055319380015135,0.04296875,-0.0036658620927482845,0.0012971501215361058,-0.00617650942876935,0.05117018148303032,246,53,213,0,0,0,0,0,0,512,9,0,512,7,0,266,0,0,246,9,0,,0.14229188696481287,bd5fdfdc4393b8f36dc8750d18e3085e:0:0,df7f5ebd5e842d7cf832ac38441bac33:0:0,971981a46023c9ee4e3b1bed2f02e093:0:0,1514743f858382bc35e524fd69c0d28f:0:2567408262,47a75aa3098c9e0f83f1ba59577ec250:1:774890027,1.0
1780,2,1780,1,legacy,0.0003,0.0,3.774193082817649,18.306525678566544,0.01774277724325657,0.1099609375,0.00011351099237799644,0.0009633883397327736,-1.4190329238772392e-05,0.044626642018556595,255,52,205,0,0,0,0,0,0,512,7,0,512,9,0,257,0,0,255,7,0,,0.14124931301921606,8fd9fff821f994eefe40ebb507e0245e:0:0,5a34e2f2d4644991149471dec28beb9a:0:0,7b7c2d8b761ff42bff0a359bdfbd60d2:0:0,319690ef98d074336bbe9d13d59ade8f:0:2881856128,d21e83b31aa27d577405aa8d30ccbe20:0:2996036262,1.0
1781,2,1781,1,legacy,0.0003,0.0,3.6499057555176977,16.889811403541042,0.003268531057983637,0.0568359375,-0.002685767086222768,0.0011170097888680175,-0.0035959011875092983,0.05305878818035126,252,41,219,0,0,0,0,0,0,512,4,0,512,8,0,260,0,0,252,4,0,,0.12787060299888253,004f8b22988ab8fb326c09ed091d405e:0:0,6d67cdf515cdd8b59a1b4cff3346a33c:0:0,968a02e33b30de7d4560587253f6a9a3:0:0,bc70289777eecd76bf3faf6394b4ea8f:0:266978996,2f3498ac55764afe00f750e8295c78db:1:1151727737,1.0
1782,2,1782,1,legacy,0.0003,0.0,3.806996426278732,19.137359128803524,0.009213520213961601,0.0640625,-0.001865095249377191,0.0013179076660890133,-0.004091684706509113,0.05218040570616722,242,58,212,0,0,0,0,0,0,512,9,0,512,6,0,270,0,0,242,9,0,,0.10857194103300571,c8037b04722830be9d2bec511c9a5c5e:0:0,6d32a79ad57537166ff57a1b588f6e2f:0:0,1a2029bdcd374afb6a2df6ebbffe1945:0:0,d6db1252def0fdeefbad6378a70ef68f:0:3012121551,440d27ff63a5756833ed768b768da372:1:1796029424,1.0
1783,2,1783,1,legacy,0.0003,0.0,3.781510483912113,17.876829483480925,0.0048882621340453625,0.0666015625,-0.006066923774778843,0.0008330227312399075,-0.003811035305261612,0.04094667360186577,266,57,189,0,0,0,0,0,0,512,6,0,512,9,0,246,0,0,266,6,0,,0.13493566494435072,7e37faab2f868819affcef7d4257785e:0:0,6460de00c8e2407cc8ce0e9992f8f920:0:0,82f7731cb89d1c1266b5bcecf5efecf9:0:0,3430bb270054f90b854800df0ca9028f:0:3693448133,066b17ca18be71e76ffe4e551d580137:1:885697743,1.0
1784,2,1784,1,legacy,0.0003,0.0,3.7790468020395425,15.10248051021128,0.008819679729640484,0.10234375,-0.0035610787570476534,0.0007430716621456667,0.003354270476847887,0.039094358682632446,271,37,204,0,0,0,0,0,0,512,5,0,512,1,0,241,0,0,271,5,0,,0.12118351203389466,ffa70d21fbe54fd2d6f5b00d7a54945e:0:0,32c30ea9848ab89924c26c3b7f26c8df:0:0,0202335db7e20b2e043a49e41a10ef1c:0:0,f1d65cfa565803a7654b0f22c5830e8f:0:1238711689,2de37128b630489f8e906c10f1f35cf3:1:2375315043,1.0
1785,2,1785,1,legacy,0.0003,0.0,3.7332436345277347,19.27952357352376,0.011579879559576511,0.080078125,-0.0016331202816218138,0.0011089109000749886,0.0033886341843754053,0.047742195427417755,246,46,220,0,0,0,0,0,0,512,7,0,512,6,0,266,0,0,246,7,0,,0.11889073299244046,f473c97f578cc48294c70a9dc491b05e:0:0,a7c32cde0542bc470158bc305fe890ad:0:0,718d27c978c184aac50f1e86b1d8089d:0:0,99f17c6e812024ae55ed55cfd19d1a8f:0:2235757816,a06836ecf14d10cdb3254bb5cf89b02b:0:1497285792,1.0
1786,2,1786,1,legacy,0.0003,0.0,3.881064991021825,16.70890292085363,0.01681334897875786,0.07109375,-0.0006430753041058779,0.001242103477125056,-0.0014613120583817363,0.049968548119068146,281,44,187,0,0,0,0,0,0,512,3,0,512,4,0,231,0,0,281,3,0,,0.1487694620154798,b784391c23ad97bf9ebc1bca210ecc5e:0:0,c65fdc7d2c4d4d425d865124bdc41ea4:0:0,ed8832ba86049d5514d56acfe04d981a:0:0,47202a3724473901ce60dc7230f7268f:0:264717472,11e1d5fc9f5e3f3634089df8d0a565dd:0:2992542848,1.0
1787,2,1787,1,legacy,0.0003,0.0,3.8429005560797505,17.19912827752843,0.004178921226412058,0.040625,-0.0003758625593036413,0.0011818577506346629,0.003724117763340473,0.04869513586163521,262,48,202,0,0,0,0,0,0,512,10,0,512,4,0,250,0,0,262,10,0,,0.11300095298793167,66834b52fb3edb8af8ba402e8fcbe85e:0:0,0c2fe5cf6ef066709f0f6aa153f31d9b:0:0,0ed7aa17283768492c4c0fdd6453a731:0:0,ac3e13d3f653aa9e0ed2ea95e391328f:0:683849811,539d9027f90649202ea49e9cca581f51:1:3848738771,1.0
1788,2,1788,1,legacy,0.0003,0.0,3.7497719813372963,17.557291705962207,0.0039190081879496574,0.0236328125,-0.0026257272809743883,0.0010458902397658676,0.0026450371369719505,0.0457763746380806,269,56,187,0,0,0,0,0,0,512,9,0,512,9,0,243,0,0,269,9,0,,0.1258371489821002,7634d4d104760ffc1141146710c9045e:0:0,0ed65f906eb047a68bfa8bb9d5ca8597:0:0,28dfb962c75820b4471b6e0ce9cb713b:0:0,93bd0adf74aacaff2c6c07c6e96b3e8f:0:2581339975,35c850a6e0d85f3b6bb2f792b5d7ec4f:0:2611147733,1.0
1789,2,1789,1,legacy,0.0003,0.0,3.7880070150025773,17.29863802785916,0.014098123647272587,0.0998046875,-0.007602926273830235,0.0009587920940248296,-0.0003830204368568957,0.04386534169316292,253,55,204,0,0,0,0,0,0,512,12,0,512,12,0,259,0,0,253,12,0,,0.1440497520379722,fd8b2f2ba675532cdd6a750fa406205e:0:0,d8a2f9cec51c020d2ba4873988bcd2d2:0:0,7c71f60fdcf284c62f87da00320a62e1:0:0,3185516eee88d0c61d4ffb9142854a8f:0:2761084074,30a1fd2512d52e72f1f64f19648988ef:1:1776031099,1.0
1790,2,1790,1,legacy,0.0003,0.0,3.748300579852157,18.648590764895268,0.005006841383874416,0.0802734375,-0.003609568439424038,0.0009886211046250537,0.005309626460075378,0.04438115656375885,250,59,203,0,0,0,0,0,0,512,11,0,512,8,0,262,0,0,250,11,0,,0.13498585193883628,354ec818cecbb365f4ea7ec449833c5e:0:0,def75778af9597d8e19eef8391116d3a:0:0,05aab7bd6dbe52ab77ffa00d65df2486:0:0,53efad4bd98a789dc49dcd80eedf568f:0:1390487927,ca7b5b1582450d75c32b768a35711d57:0:191360461,1.0
1791,2,1791,1,legacy,0.0003,0.0,3.5804434506216536,18.25436631710322,0.005016004666686058,0.153515625,-0.004268975928425789,0.0012099518062314019,-0.0040756408125162125,0.0494949072599411,256,56,200,0,0,0,0,0,0,512,10,0,512,7,0,256,0,0,256,10,0,,0.11468518699984998,9c63c651b263a38aae0f8e210140585e:0:0,5c6c4d92ea4ebbeb91a278bae5a8b8e1:0:0,fe9f64fcfb5415ecaacba713a590b652:0:0,0f790319a254495ffe6fc521ee79628f:0:505600199,14d5c8b04e58d2194fc0067909496b82:0:3671633526,1.0
1792,2,1792,1,legacy,0.0003,0.0,3.890918042288278,16.924862056633195,0.006296024192124605,0.0658203125,-0.0012306178687140346,0.0008364683686522767,-0.0027879513800144196,0.04106000065803528,261,54,197,0,0,0,0,0,0,512,11,0,512,12,0,251,0,0,261,11,0,,0.11498826008755714,fc10dcd2357b91c539c23fc1cb3d745e:0:0,bf362c526156033183088c1e67a55323:0:0,ddf804bc2664d412be52603a49dd9594:0:0,e08d05c66be37b7aabdb6a0041536e8f:0:1450165802,4ffbc5e0ebf755edc1e547c0ed260591:0:705663427,1.0
1793,2,1793,1,legacy,0.0003,0.0,3.7403489277277977,17.526900877134153,0.0026083672419190407,0.0490234375,-0.002849198691546917,0.0009661922929808497,-0.0010399851016700268,0.044127799570560455,255,52,205,0,0,0,0,0,0,512,11,0,512,8,0,257,0,0,255,11,0,,0.11403515399433672,5e5c73d16644a072bf857042a77a905e:0:0,62a406fa1d908e53419fa6696711e25c:0:0,53626f234f904655c8648a58db51e59f:0:0,62735df070148394bef183a7e76d7a8f:0:2046368732,64480129568d910d335b15905e6b1786:0:1933788587,1.0
1794,2,1794,1,legacy,0.0003,0.0,3.7222507409797947,20.331248079647413,0.002060155849903822,0.0841796875,-0.002049687085673213,0.0011075643909862266,0.0035191357601433992,0.04717476665973663,234,59,219,0,0,0,0,0,0,512,13,0,512,6,0,278,0,0,234,13,0,,0.1538771539926529,1ce27979b5c3814f79763c3f95f7ac5e:0:0,f075e151895701c7004a6c9e9a0b00b3:0:0,bab673e2711d9c7e0351655bee6dbc30:0:0,95489034f3eb407346be19a4e0c7868f:0:2157536823,dba572cc5971dac31783bc5e2a37038b:0:2604288461,1.0
1795,2,1795,1,legacy,0.0003,0.0,3.871808851601955,18.404498984346063,0.010143636725842953,0.0826171875,-0.0018581690266728402,0.0012836129288189113,0.00885950867086649,0.051302455365657806,246,48,218,0,0,0,0,0,0,512,9,0,512,13,0,266,0,0,246,9,0,,0.11887073004618287,b2ad7311da8f72e2d04c005496b4c85e:0:0,99ffea15b95fcec0d3d3d1f972eb53ac:0:0,85ef8d2b7933d4b12dd8c815bd395223:0:0,3239d8a90228cc1e7b4873832d61928f:0:3910440730,2a1b4a8a1511743bae285618d40a0ecb:1:3156282567,1.0
1796,2,1796,1,legacy,0.0003,0.0,3.717806298938135,16.463487343785822,0.007896357215940952,0.080078125,-0.003640665439888835,0.0008581416012020781,-0.0009654208552092314,0.041896432638168335,268,47,197,0,0,0,0,0,0,512,6,0,512,7,0,244,0,0,268,6,0,,0.15412076003849506,21e0c9f1890b602b7758591da9b1e45e:0:0,d3c39da79ee295b8a3fe3747a6f9126f:0:0,0d7d992bb829105df9260166800e33f0:0:0,b0392d075ebaf046c99318cecd3b9e8f:0:1553545238,3c29e1ffa6254bffd623d4cd69f30613:0:2614744084,1.0
1797,2,1797,1,legacy,0.0003,0.0,3.716092352588248,18.520752747712297,0.012374451383948326,0.0552734375,-0.0030533287208527327,0.0009561027312884107,-0.0016449859831482172,0.0437435545027256,248,58,206,0,0,0,0,0,0,512,7,0,512,8,0,264,0,0,248,7,0,,0.17013723799027503,b8a0ce476cb5228b88872336ceef005e:0:0,d69f446ea31e32d4095f736ab1c69abd:0:0,496ef8fd41db33beadea185019d8fd9a:0:0,4f4c9e6a65913de9df9bd113c055aa8f:0:2464993818,885f7866771d3158c76770cf20c5f11d:1:1442197521,1.0
1798,2,1798,1,legacy,0.0003,0.0,3.763692916550414,16.51347744789291,0.0058453804813325405,0.0890625,0.001479092240333557,0.0009716263681184501,0.0028893279377371073,0.04427168890833855,257,42,213,0,0,0,0,0,0,512,13,0,512,5,0,255,0,0,257,13,0,,0.16994241008069366,01de84600e26e5f4a05e7b3c066c1c5e:0:0,975b767f30d17086b7055d3f2ea58bce:0:0,6eb1dec542a1cf2e1ed4b0ab2d7aa8da:0:0,b8ba66b3c763c837b85ba3de06afb68f:0:364316465,fa5c68adad1e0cb1ef186073cdda2d76:1:1427121017,1.0
1799,2,1799,1,legacy,0.0003,0.0,3.828324972650411,18.272123126849472,0.003709059674292803,0.0623046875,-0.00592555426992476,0.0010625844908645377,-0.005222222302109003,0.04646410048007965,242,51,219,0,0,0,0,0,0,512,8,0,512,1,0,270,0,0,242,8,0,,0.10866118595004082,e8c207c79166af53f9febdc95029385e:0:0,32456e04b6917d51f5329c747b453395:0:0,0820a8a27f56ebe9d565cf6e8bf5c5e1:0:0,71e10d0f56f782b7a7c6d8b9a049c28f:0:1810105229,14adead6e0184c174b4b719616cb4fa1:0:3003069658,1.0
1800,2,1800,1,legacy,0.0003,0.0,3.7144613941148137,17.677186443696755,0.009069019928574562,0.0798828125,-0.000660700025036931,0.0011241919244639575,0.0044825756922364235,0.04780218377709389,255,49,208,0,0,0,0,0,0,512,10,0,512,10,0,257,0,0,255,10,0,,0.11015362606849521,ba9e224a7820053e8b22877aac26545e:0:0,f3a325e93f650c5a803b99983c11512d:0:0,332d80f4368fc08588cdd62809a710bb:0:0,79c93849596c42ad66ccf7328d23ce8f:0:1363030152,372022de95ed43e6aa8d3378d7738858:0:1576332648,1.0
1801,2,1801,1,legacy,0.0003,0.0,3.874500831290994,18.114142629126626,0.005013975780457258,0.048046875,-0.002592201065272093,0.0010645737376762554,0.010855340398848057,0.04628976434469223,237,49,226,0,0,0,0,0,0,512,12,0,512,8,0,275,0,0,237,12,0,,0.11996784096118063,f5e2a383d363badd201eb4ec1a63705e:0:0,a7c321afdf1c5a086423cf453dc164ca:0:0,70db45a24d3add015aa6c55a77d8bdc4:0:0,e1acfcfc0c2063be1f58c6d4cd3dda8f:0:4097452225,11fe06acf12d7b1a87a9e7f39cbdcd46:1:3378871829,1.0
1802,2,1802,1,legacy,0.0003,0.0,3.847379809376603,17.07963586744747,0.008991813287138939,0.0947265625,-0.0023287506308406593,0.0007239562488393858,0.0017344416119158268,0.03927890956401825,253,50,209,0,0,0,0,0,0,512,6,0,512,8,0,259,0,0,253,6,0,,0.1163279740139842,e6a910519089dd1877e262b99ae08c5e:0:0,cb122c584ed5e740282f9e9e3dbb79b0:0:0,9a761bd3f9e77209f29197323259be20:0:0,fa0eb8e352b60fd578504f2c6097e68f:0:159113020,f345b7e65a9c62852ad23b38e989cc4b:1:2574831083,1.0
1803,2,1803,1,legacy,0.0003,0.0,3.749459827721036,18.21415428317823,0.0046164896339178085,0.059375,-0.0047059071250259875,0.0011199917556950823,-0.0037639737129211426,0.04704229533672333,254,48,210,0,0,0,0,0,0,512,11,0,512,8,0,258,0,0,254,11,0,,0.107143405941315,25786831ccd1c2055ff6ed7f2d9da85e:0:0,ade0bef509929c978e50b8a2d2fde083:0:0,8239d2272ff25fd6c3aaefb974c7100d:0:0,bbc7dbf0bfc62a4aa194d7c54731f28f:0:819454943,1f972b5d9c4c9d83f8d1f9cc8a9d8de5:0:3452865957,1.0
1804,2,1804,1,legacy,0.0003,0.0,3.8927829824009397,17.60515436543164,0.010064884088933468,0.09453125,-0.006197358295321464,0.0008975005970569327,0.004053283017128706,0.042271848767995834,249,45,218,0,0,0,0,0,0,512,11,0,512,4,0,263,0,0,249,11,0,,0.1065954010700807,54f901365b5c3a90d07ff1d8d29ac45e:0:0,684be0f25182c275f59a7d31b94121d3:0:0,f30da38917b6676889a29c081299c107:0:0,59f65b056accde456002e82b810bfe8f:0:478357735,229968aee743a21e54f72166e9d8d794:0:2323017289,1.0
1805,2,1805,1,legacy,0.0003,0.0,3.7616222398512926,18.668000659180016,0.0050486293621361256,0.0484375,0.003066023555584252,0.001023638222250156,-0.0023251944221556187,0.045469678938388824,252,63,197,0,0,0,0,0,0,512,10,0,512,10,0,260,0,0,252,10,0,,0.10511752299498767,29c8d9e5e91be66c083b4c6289d7e05e:0:0,878b7d40d33ea5fbc6489936000e4466:0:0,34f1b5cd90ca1ca0e0819834c6d1f8ad:0:0,5a1def8245dbd063197247eb0e260a8f:0:4151030029,1c5599ee02b538bfe657bc559dc0abbb:0:166986827,1.0
1806,2,1806,1,legacy,0.0003,0.0,3.8987201077176654,15.85624339455267,0.004089314490556717,0.0830078125,0.002276236773468554,0.0007776374754030257,0.0014275267021730542,0.039477527141571045,266,37,209,0,0,0,0,0,0,512,15,0,512,9,0,246,0,0,266,15,0,,0.1060498800361529,0eb33b0c6a57aa38a88119b85354fc5e:0:0,3f5e449832704729d8374ca23295ef07:0:0,5d95197ea3c995e037afdc31d8b6e4ef:0:0,1e70ba2ae59df39be0b5fe8fee80168f:0:704481929,b007ed92da3c9a630877ba69bece29d8:0:2142654251,1.0
1807,2,1807,1,legacy,0.0003,0.0,3.7214839865116325,17.739993257670704,0.02296517603099346,0.0552734375,0.0022927704267203808,0.000949574270634912,-0.002603637520223856,0.044113170355558395,250,50,212,0,0,0,0,0,0,512,7,0,512,9,0,262,0,0,250,7,0,,0.10455746599473059,c97c1a26bd5b47f4d143b6762f12185e:0:0,d1fae65849da489fd287ea6762991360:0:0,6fbe2857f3df1ddab860ca90bd189abb:0:0,6e415f21ee390167819c53a6221a228f:0:2221178141,e38c339d35c5df06cb02e600ae34afa8:1:2396364187,1.0
1808,2,1808,1,legacy,0.0003,0.0,3.8494794199490974,15.104635365064611,0.0056915683671832085,0.0380859375,-0.0020160001935437323,0.0007887498766649514,0.0036374018527567387,0.040640152990818024,279,52,181,0,0,0,0,0,0,512,7,0,512,5,0,233,0,0,279,7,0,,0.1114871590398252,93785fbfadf219a73d0fbf381d0f345e:0:0,1f73e1eaf5783dab613cd72ec6b28470:0:0,4194635671ae6e5fe063a9fdb8f8aa33:0:0,2d5f3c11979895228ceeceb9a8f42e8f:0:1974744638,117b4e4dfa6a561bd7ddfeed5a40fcd9:0:745171722,1.0
1809,2,1809,1,legacy,0.0003,0.0,3.7254370254543274,18.97839821305005,0.010143277235329151,0.1142578125,-0.003692834358662367,0.0010693315853131935,-0.0006993674323894083,0.04648015275597572,248,59,205,0,0,0,0,0,0,512,5,0,512,6,0,264,0,0,248,5,0,,0.14818123495206237,579003bec547ee4b5d0c109a1d4c505e:0:0,b705c217154cfcb2d51b27ebd064ee4f:0:0,e7eebec0dc48f753f3ede049ac520d54:0:0,0fcbf0ddfbaeeab364723756830e3a8f:0:2373400817,c05280879b32d6a2655a66e8b033914d:1:3866045185,1.0
1810,2,1810,1,legacy,0.0003,0.0,3.768981119116662,17.047633472615598,0.008696677163243294,0.076171875,-0.007060968223959208,0.001044522225856781,-0.004085025284439325,0.04583531990647316,251,53,208,0,0,0,0,0,0,512,8,0,512,9,0,261,0,0,251,8,0,,0.11797428294084966,6745dc5391cc08fd74f9c7382fc96c5e:0:0,6bf44c0ed2a9027bd241c8b549de2181:0:0,b44127bcf5709883a5fdf49eb8b445de:0:0,9f18168a2137406f46e69508b068468f:0:86162957,b8f8aba16fd6e9a19c25a920dc15fd37:0:168218380,1.0
1811,2,1811,1,legacy,0.0003,0.0,3.8204374527446623,16.12905588193425,0.008361306972801685,0.0912109375,-0.006582853128202259,0.000887709084781818,0.003126930445432663,0.04238435626029968,258,50,204,0,0,0,0,0,0,512,12,0,512,7,0,254,0,0,258,12,0,,0.11430631799157709,2c3b02d252b24266b7343fae5486885e:0:0,d11e5523d13a37edbf166230709d892a:0:0,43ec83a8105333b09e17c66caac4c939:0:0,4d03af43f585dc3f5c072f5c3102528f:0:4057334304,77ff2cff89ca5482a041c94b8b870284:0:308981814,1.0
1812,2,1812,1,legacy,0.0003,0.0,3.754191388586705,17.063102086564655,0.03699401021003723,0.18828125,-0.006780144234653562,0.0008783272438449785,0.002577705541625619,0.04223230108618736,243,43,226,0,0,0,0,0,0,512,7,0,512,7,0,269,0,0,243,7,0,,0.10516402800567448,5598d48132ae4c6960b116988b83a45e:0:0,d4fc7abeb11ac88ffa8db0fa9a85fe94:0:0,3f322f4212d1df06711357b9c36dbdb4:0:0,86fd95d6a7f1b405c08a8ddd04dc5e8f:0:3516331333,85711207c2c0f684a7c4d09035ccc040:1:4219870050,1.0
1813,2,1813,1,legacy,0.0003,0.0,3.7637782870476495,17.844457845805884,0.013930322602391243,0.0619140625,-0.004330165009014309,0.0010691048606531694,-0.0016892808489501476,0.046079013496637344,259,62,191,0,0,0,0,0,0,512,7,0,512,11,0,253,0,0,259,7,0,,0.11028110794723034,f31cd3ff7d85180cd5002892d4c0c05e:0:0,b64d66357ab67059ca7c316b4510a2fa:0:0,a5a27538fa96bed28bc7bd22a1e74eef:0:0,bb0bfa0e1963b942922278172bf66a8f:0:140823127,28e3852e9532ab8bd9f521225e1fde74:0:2147239337,1.0
1814,2,1814,1,legacy,0.0003,0.0,3.911191935185411,16.00073112436644,0.01213783212006092,0.1193359375,-0.0015780613292008638,0.0011236749181989581,-0.0015526451170444489,0.04806393384933472,270,42,200,0,0,0,0,0,0,512,6,0,512,8,0,242,0,0,270,6,0,,0.10960818897001445,0c6d0a9a7c105da9ba4b9239303ddc5e:0:0,0c4d35ab1f636b2efa50d00fc25c9062:0:0,3196fb0d1d5d6cb95ce35fe82be7a109:0:0,f3c6cae15297c7f8fb7bf596a650768f:0:2345924479,3600777508d1f1bff32a9cc88af59328:1:348006743,1.0
1815,2,1815,1,legacy,0.0003,0.0,3.7851300640935484,16.899930208145577,0.004864399787038565,0.051171875,-0.0013349344953894615,0.0009411872684722766,0.003067261539399624,0.04341787099838257,250,40,222,0,0,0,0,0,0,512,9,0,512,11,0,262,0,0,250,9,0,,0.14877887698821723,bd21ff8de25047561557b0279dfaf85e:0:0,229b883f42d5f4c66026894411bfcecb:0:0,5a2315f014310309f0bc0d3856117eb7:0:0,119bce85339b38d4403f4de773ea828f:0:3038398518,4d21e8020ccb31fc8cfeac0f7ce52c20:1:3283851323,1.0
1816,2,1816,1,legacy,0.0003,0.0,3.7013110864021956,17.07867883160379,0.00685987900942564,0.0779296875,0.00023022978566586972,0.00105818638112396,-0.006589165423065424,0.04656245931982994,259,48,205,0,0,0,0,0,0,512,6,0,512,6,0,253,0,0,259,6,0,,0.10658265801612288,e6d4edd7fb273d9165831efa1df8145e:0:0,c1572797d5951b84c3dfaf503982bb1e:0:0,de8a71485c142ad2a01ac50c5a2f8f3f:0:0,a6d313d3cf15168cc910089594c48e8f:0:2737694924,790ca3e72d3670d19fd4b88496fdc691:0:4012824835,1.0
1817,2,1817,1,legacy,0.0003,0.0,3.766221656757934,17.16023908314328,0.02366473153233528,0.1119140625,0.00037493756972253325,0.0009841527178650721,-0.001129300333559513,0.04459293186664581,262,43,207,0,0,0,0,0,0,512,8,0,512,11,0,250,0,0,262,8,0,,0.1097452009562403,54bd8ff3fd5bd630c0c6bb4cb035305e:0:0,86b7f4cb7507f9399051b93e83cdabbc:0:0,480dd144ff6b85e337aee1373d9d4dd3:0:0,0cf95fc023e3f68d2f8ced2d08de9a8f:0:1148106333,bdb2b11861a3c4d64b449111e8b120e5:0:1074991653,1.0
1818,2,1818,1,legacy,0.0003,0.0,3.8214657130853102,16.027575816706886,0.0037584316451102495,0.066015625,-0.0030426498502492904,0.0007741572015220299,0.0010949820280075073,0.03941693156957626,257,41,214,0,0,0,0,0,0,512,8,0,512,4,0,255,0,0,257,8,0,,0.10870022093877196,ea42a377357ce58aefb5a1bb54b24c5e:0:0,aa6ec10c295ed4117357c780eececa47:0:0,24a697e858d9cd2da5c05f47da4c505a:0:0,60b53cd9279d74d74a500339d038a68f:0:2782025770,9461b21c5b8ff302d19e7baff2131dcb:1:2639062902,1.0
1819,2,1819,1,legacy,0.0003,0.0,3.8724620789808735,16.7987746134572,0.015777787193655968,0.0845703125,-0.01066210470162332,0.0007601286662975327,-0.0010109490249305964,0.039101921021938324,261,48,203,0,0,0,0,0,0,512,13,0,512,9,0,251,0,0,261,13,0,,0.11428545997478068,59932d37f043b1e4897d2ee20b6f685e:0:0,7ffbb0293b432572e609e2d5100237b9:0:0,46e5b042f0510d74bd1d103a2c1fd982:0:0,9fda622a547b532938ee9247ead2b28f:0:3682423747,3b54a44b8eea852c38d4e7045ec2cf2c:0:671092225,1.0
1820,2,1820,1,legacy,0.0003,0.0,3.665613979834719,17.27732539930411,0.00538963358849287,0.04921875,-0.000585441873408854,0.0010209292289800943,0.004541617818176746,0.04686284437775612,262,57,193,0,0,0,0,0,0,512,9,0,512,4,0,250,0,0,262,9,0,,0.10889040306210518,1b2c894f5110491c0fe4ff5cd46c845e:0:0,ef32195561a907770425df27c5a4fe34:0:0,4d041ba11ba57787fd6ae6b108146144:0:0,200e42132d423b626ff921e358acbe8f:0:3981440867,275962d99db0523cbb849cfdca061ff8:1:3796791039,1.0
1821,2,1821,1,legacy,0.0003,0.0,3.79501496351794,17.43576417510453,0.00991915911436081,0.1109375,-0.0032601780258119106,0.0011398304282920434,0.01112287025898695,0.051477041095495224,266,48,198,0,0,0,0,0,0,512,3,0,512,5,0,246,0,0,266,3,0,,0.13374142197426409,255a70f1801bf8960b4eefc7afa9a05e:0:0,0b3b08f5805514662cb162f4dcb4437f:0:0,784892ee4f57b79b7b25dc7137646757:0:0,edbfb8fa69ae2528c4fb799819c6ca8f:0:681061454,4a3d9a372e47f7d3cb7eb9c97cc24267:0:1835868240,1.0
1822,2,1822,1,legacy,0.0003,0.0,3.697439260215866,16.73920901400625,0.008809135295450687,0.0755859375,0.002649038191884756,0.001282992452615872,-0.0037690424360334873,0.05111391842365265,255,59,198,0,0,0,0,0,0,512,4,0,512,8,0,257,0,0,255,4,0,,0.1366285759722814,65825ac1dbfde76926b71cbe9d26bc5e:0:0,cfda2457ce61a6698e95851fbe734185:0:0,0ddf7b093ea6409879cd0841462b9d26:0:0,4ed3070cbdf05ecd7a7ca0f22e20d68f:0:285755029,e51634ceffdb620d80a1819802bfd9b7:1:3688541054,1.0
1823,2,1823,1,legacy,0.0003,0.0,3.7893807144430216,17.07755473419299,0.008017647080123425,0.0755859375,-0.004878533678129316,0.0009934349247487262,0.003777929814532399,0.044924065470695496,240,51,221,0,0,0,0,0,0,512,9,0,512,8,0,272,0,0,240,9,0,,0.13136741297785193,6eaaf0f31a1dd2ca4bb3e2dd9ce3d85e:0:0,83e99b5fce1ef25394d738da2a3a7c7e:0:0,64989edc1ca09c957ed53657a4e0b391:0:0,95727f826fcb39724bfedf7d95bae28f:0:4292054751,a52d51be4ed0e5f53ac06361823fadca:0:1877374884,1.0
1824,2,1824,1,legacy,0.0003,0.0,3.861504901497778,16.750113327299275,0.008719239383935928,0.04921875,-0.0005786483641713857,0.0009903536760248245,-0.006567890290170908,0.044506337493658066,261,54,197,0,0,0,0,0,0,512,11,0,512,4,0,251,0,0,261,11,0,,0.12515595904551446,636acb2d81b0ecb8be75dec0aee0f45e:0:0,8466351bd81c5b72211032139978e6ec:0:0,7c328742c81ce25dae2587f4e2c6e294:0:0,9933a3322bd7586e79ffbcc65094ee8f:0:3521973979,801f6392d2e04171321fe57fc3b43ed7:0:290750374,1.0
1825,2,1825,1,legacy,0.0003,0.0,3.745597937777718,16.21004481546018,0.013271065428853035,0.1017578125,-0.009108678856864571,0.0008680615021148697,0.0073595549911260605,0.04181462153792381,259,45,208,0,0,0,0,0,0,512,5,0,512,3,0,253,0,0,259,5,0,,0.12954861600883305,077f28dfacdcdcea39c7ed03d31e105e:0:0,5855676698bc9abbf9f7e785a1494817:0:0,bc7d7ffd9337583b8bce552cde242f4e:0:0,826fb382cd7ea3f3d5f800585eaefa8f:0:2479905148,196df7689e5f788690b6f436ad74bad9:1:2116512781,1.0
1826,2,1826,1,legacy,0.0003,0.0,3.6070353455886854,17.811200066446432,0.0015875371173024178,0.1087890625,-0.0037827177438884974,0.0010775544767966494,-0.0006938236765563488,0.046631958335638046,234,54,224,0,0,0,0,0,0,512,5,0,512,7,0,278,0,0,234,5,0,,0.1270616149995476,50fc13487b9ce3f70b0f2a43099b2c5e:0:0,05d2f1d2c9771ec87763918c88982754:0:0,0e9cecda5f2811a9b00c7e3e1dae8a80:0:0,088e2e190c38def3ce5bb1bfc009068f:0:833972201,8256f1134ee0bb1d3dfa1d0d0ee1d86b:1:1073832822,1.0
1827,2,1827,1,legacy,0.0003,0.0,3.8136769911872337,15.943925683208281,0.02354564145207405,0.125390625,-0.003698218706995249,0.0009656971436925232,0.0007536715129390359,0.04426121339201927,272,51,189,0,0,0,0,0,0,512,11,0,512,7,0,240,0,0,272,11,0,,0.1284022961044684,f4931533240520c62e4af31a5258485e:0:0,61490867116beb9da5a9f438c6e1b1ba:0:0,aa3efd6f3ca57e42c606154c1c7e5d5b:0:0,cb4f10e94095e0447a9a188874a3128f:0:1108888845,e2859b3e53490fd41bb8ef0b81d301d7:1:1031026130,1.0
1828,2,1828,1,legacy,0.0003,0.0,3.8838875005019915,16.2730424405622,0.017130568623542786,0.083984375,-0.004132136434782297,0.0010903756658080966,-0.0010338806314393878,0.04674912244081497,265,49,198,0,0,0,0,0,0,512,5,0,512,5,0,247,0,0,265,5,0,,0.14049149793572724,761499088b7ff8396a14e425ad55645e:0:0,ba4abba9a48f8c69d4df75d85b176c50:0:0,fde4fa0d67383ea7ff9183a35cad1978:0:0,fc2241a0b3a16f05a71dbc3e7c7d1e8f:0:3061840701,77b22a30f15eae74c10809c83cc03101:1:1827994541,1.0
1829,2,1829,1,legacy,0.0003,0.0,3.898874509718377,17.756136775590136,0.0011747194221243262,0.0755859375,-0.00014217747375369071,0.0010088937007822097,0.003957188688218594,0.04507659375667572,255,61,196,0,0,0,0,0,0,512,4,0,512,5,0,257,0,0,255,4,0,,0.13432442001067102,7051fc8354a19f196ba0da011a92805e:0:0,fde155173781e6ce913d4714ccb59409:0:0,b4fe0580934dbf4f7a2433cf1640a2f5:0:0,1288faa52b2cc245e14c646dd7972a8f:0:2939963884,76198b28a984d07ffa7109689bf3508c:0:2478573468,1.0
1830,2,1830,1,legacy,0.0003,0.0,3.7782854689511827,16.722640414682367,0.0037277047522366047,0.0525390625,-0.007149416487663984,0.0008411464485106989,-0.0022660107351839542,0.04130656272172928,264,49,199,0,0,0,0,0,0,512,13,0,512,12,0,248,0,0,264,13,0,,0.11891743005253375,402383fe4d2dc641e2bcf1489a0f9c5e:0:0,51e15035b60892131d92fff6ae8fff1e:0:0,b28497f38e2313307f0e72f550c5bc3e:0:0,b89db334a589a3e7838718a285f1368f:0:2925036002,f0b96b777d281586b697e91c5d8d363d:0:1659381426,1.0
1831,2,1831,1,legacy,0.0003,0.0,3.775758659584587,16.588788026623046,0.013795115053653717,0.0474609375,-0.005816753953695297,0.000855389455682598,0.0011148994090035558,0.04123669117689133,261,50,201,0,0,0,0,0,0,512,6,0,512,4,0,251,0,0,261,6,0,,0.12803943699691445,37cd8dff27eb690d9dd186982bccb85e:0:0,eeb4b1f6f53b4bd934d837d091ec1525:0:0,29e0a6e8c30f08e3f8644ef3cf588d01:0:0,6e6e977a774336c5c12a2068878b428f:0:420383061,bd6c7f18d2d4bdcc56c116edbd82865b:1:3555385004,1.0
1832,2,1832,1,legacy,0.0003,0.0,3.7454814571655124,16.53941404209489,0.0026215719990432262,0.0400390625,-0.0006861132569611073,0.0010254369728500024,0.004675732925534248,0.045483436435461044,263,45,204,0,0,0,0,0,0,512,6,0,512,10,0,249,0,0,263,6,0,,0.1276170810451731,2c93ba49ade2be02a5e1368bcfc9d45e:0:0,92a68d0363190c5f781ec3c1a3e4622d:0:0,5e1b6c8f5ab5de3a94fb6597efa203b7:0:0,871650ba3d606019b28d034bdc654e8f:0:4035090251,1b94af8a5087267d9df887eef6d3f248:0:3592007841,1.0
1833,2,1833,1,legacy,0.0003,0.0,3.89633742142519,17.754853747700693,0.004332458134740591,0.05546875,-0.0006707775872200727,0.0009208721079630777,-0.009204541333019733,0.042768701910972595,253,60,199,0,0,0,0,0,0,512,4,0,512,6,0,259,0,0,253,4,0,,0.12683422397822142,c2372671d2a149be5a88ddbf8606f05e:0:0,4c99b428255a6b249a5631605c3c26ff:0:0,a7fec4d558673c759459c4d33f55976e:0:0,0cae94fc56bbd41f610288d8847f5a8f:0:229999492,507d1c4b418077d37d1968248fe7bd32:1:2091782870,1.0
1834,2,1834,1,legacy,0.0003,0.0,3.7349625620471816,16.901288752855503,0.005005943588912487,0.0380859375,-0.0037157618906348945,0.0009090383246075362,0.009023179300129414,0.04275095835328102,254,49,209,0,0,0,0,0,0,512,5,0,512,13,0,258,0,0,254,5,0,,0.1390015979995951,81a66c8d572014218dff98cf4e840c5e:0:0,7d808faaf4a28433b5287ac412914eb7:0:0,0b5e8c6884a4e131c1ddd8120964640f:0:0,bb97b8f2d6fdc5fad2d8b89a7fd9668f:0:27436178,6a6617cb9434782c258d5990cde3d3c2:0:1978334099,1.0
1835,2,1835,1,legacy,0.0003,0.0,3.9075552899455372,16.928026885866522,0.0036279000341892242,0.06640625,0.0018612148705869913,0.0008913909405237064,-0.005094277672469616,0.0432608425617218,245,53,214,0,0,0,0,0,0,512,6,0,512,4,0,267,0,0,245,6,0,,0.13383815297856927,bb8ab74fe6e7ffbca116c4572941285e:0:0,d716be9f59f593b536dcb2bc5d027a53:0:0,94913f81ab099273ebe72728fc5c1412:0:0,95604e1925c33add1758da1dce73728f:0:660439618,5b72ba277718476098e4d285d4577869:1:1023158030,1.0
1836,2,1836,1,legacy,0.0003,0.0,3.6865345563534744,16.235264489762823,0.01661282405257225,0.12890625,-0.009515896858647465,0.0008577659085858613,0.0102080088108778,0.042334556579589844,260,56,196,0,0,0,0,0,0,512,12,0,512,6,0,252,0,0,260,12,0,,0.11969439301174134,a6dd0186db10437b9f39fcf3163e445e:0:0,4bae8fd73cf89509ca56b4e0c5b83679:0:0,7b040182da3803f8a4f8903767d0a104:0:0,7b17b25bbc7f006952c774ee704d7e8f:0:818543512,a7af8751c533ae8e1b098cb7b8d10dae:1:4080988497,1.0
1837,2,1837,1,legacy,0.0003,0.0,3.8411264135046723,15.358100940551077,0.004624349996447563,0.0623046875,-0.0033245431259274483,0.000766581972129643,0.0004704559105448425,0.03965229168534279,264,42,206,0,0,0,0,0,0,512,9,0,512,4,0,248,0,0,264,9,0,,0.14638350100722164,498975940eb306925a6f1f3f157b605e:0:0,9a023b88bd6ccfe1d78024fc164944b9:0:0,9bbb1e9d3312ead07421f827fadfcaec:0:0,c1465de0b5a04659ca64509865678a8f:0:226021575,589bc8011bb4a7a6c5942da0859eb8e8:0:2826779252,1.0
1838,2,1838,1,legacy,0.0003,0.0,3.8455388117774856,14.210505943864572,0.011198933236300945,0.0546875,-0.0007566781248897314,0.0007573902141302824,-0.0021122489124536514,0.03918541967868805,285,35,192,0,0,0,0,0,0,512,9,0,512,4,0,227,0,0,285,9,0,,0.13779712794348598,b79cdc3170741ea8875647d726f87c5e:0:0,6f5d469604393718a98472b7d3fd1180:0:0,beb2883ef02a524e4f4cb988df16a824:0:0,b866aed51f8adb64f06a74a7adc1968f:0:1774897453,564b85d405d4c5bc72cf1c6e57dd9928:0:1256497444,1.0
1839,2,1839,1,legacy,0.0003,0.0,3.692274526025681,16.10997712977187,0.013165819458663464,0.087890625,0.0056689738295972346,0.0010441276390338317,-0.0012993250275030732,0.04657555744051933,265,43,204,0,0,0,0,0,0,512,3,0,512,15,0,247,0,0,265,3,0,,0.10998972808010876,46c920713cb5f045d929d3574ab5985e:0:0,4ea8e894a2d687f9a8539b7dc92225ee:0:0,97fad49581f7eca472006232935c3a8d:0:0,a6c8f26e45ed0d62701028a8495ba28f:0:1661360983,9746c8f253b3b5d3c76e301a11d67fa5:1:1108553299,1.0
1840,2,1840,1,legacy,0.0003,0.0,3.8091859524052696,17.158169135720524,0.007532963063567877,0.058984375,-0.0020356833934783935,0.0010424357024021447,-0.0007338493596762419,0.045735690742731094,257,57,198,0,0,0,0,0,0,512,4,0,512,5,0,255,0,0,257,4,0,,0.11968779796734452,aa7a21990c18717e1dbe5e5b80b2b45e:0:0,56c225a08fb075acc95d01fd98312bd3:0:0,00f783f456705bdafb70a75dbf9ac33e:0:0,9f8d759963ff2cb03986f4263835ae8f:0:2125960452,86242251aaf92aa686e7425072929caa:1:3962952454,1.0
1841,2,1841,1,legacy,0.0003,0.0,3.852811077262012,16.617107130595343,0.004732771776616573,0.071484375,-0.0015046137385070324,0.0012617707077879458,0.0021637212485074997,0.05867268145084381,260,54,198,0,0,0,0,0,0,512,9,0,512,12,0,252,0,0,260,9,0,,0.1363965169293806,ba7b5a2021de4edd5982c57fc8efd05e:0:0,2498ee7e690f3ff58c295c838cd2c8b7:0:0,400c2e745845ad7d9d9a5053ea1bf578:0:0,f10f7f1f7238b2d78dfb9ead7a4fba8f:0:3478002464,edfca2c2b64c07120f4c67508cd44df7:0:1444459079,1.0
1842,2,1842,1,legacy,0.0003,0.0,3.832307318819293,17.023192360875036,0.006716831587255001,0.0912109375,-0.008793906611390411,0.0009752302372362465,0.004724022466689348,0.046116024255752563,264,56,192,0,0,0,0,0,0,512,6,0,512,7,0,248,0,0,264,6,0,,0.1095173800131306,1d914dc3a5d43293e3802560236cec5e:0:0,46431170257583d7c1c7530ccf43faed:0:0,2b33fc4bd42a7abbddc720348a8f5208:0:0,86fc384e02070c720b962fca0fa9c68f:0:114779518,35a4b426115387d68727338b08e4f31a:1:2791674908,1.0
1843,2,1843,1,legacy,0.0003,0.0,3.7963454661167377,17.06056124097566,0.004446571692824364,0.0865234375,-0.0012218980584293604,0.0008740698598558083,-0.0027340713422745466,0.04196189343929291,249,49,214,0,0,0,0,0,0,512,4,0,512,3,0,263,0,0,249,4,0,,0.14838024508208036,64a7374db5562de28159da98902a085e:0:0,dc1dfa22993bd3657835f3a21f95bc46:0:0,e0d32e8aed5cfe15970972fca54879bd:0:0,84a0b8815a12064eb979ef07f843d28f:0:1361635936,cc72291e66eaea50f116c6dc1f011348:1:2650296125,1.0
1844,2,1844,1,legacy,0.0003,0.0,3.744735449965601,17.478053460630647,0.00166710012126714,0.0734375,-0.004911773325875402,0.0011360692034941167,-0.0045527005568146706,0.04812076687812805,242,51,219,0,0,0,0,0,0,512,4,0,512,4,0,270,0,0,242,4,0,,0.10454147402197123,848a1156770f44c6834d81c50f27245e:0:0,15a2b6e885fe2e418162180785db0d86:0:0,73cb07d55c1653128a277c7361abd37b:0:0,7dfaa3374599ddd713c563f3341dde8f:0:3808954032,3e5577a2a65ee7ef6b42f4d503aa1754:1:3782650415,1.0
1845,2,1845,1,legacy,0.0003,0.0,3.57751996533312,18.680177925936547,0.00939949881285429,0.10625,-0.002176002925261855,0.0013386658451054246,-0.0036286157555878162,0.05184800922870636,246,57,209,0,0,0,0,0,0,512,4,0,512,8,0,266,0,0,246,4,0,,0.10509618697687984,3dddd3f09d0f1be5e032f781a064405e:0:0,ff483428a82b233deb86993acbbadb1d:0:0,3817b719a0315a93b691e9382cb49f1e:0:0,05070f9d497af4b417925617c337ea8f:0:2303372485,a43986fe829860d53231eef728770b79:0:81098677,1.0
1846,2,1846,1,legacy,0.0003,0.0,3.7749311347635346,15.528339971357719,0.008336961269378662,0.080078125,-0.007255778415128589,0.0010139925201656298,0.006297201383858919,0.0454389788210392,276,51,185,0,0,0,0,0,0,512,9,0,512,9,0,236,0,0,276,9,0,,0.10528671205975115,17489bdd00d1c8bb517c586a43e15c5e:0:0,951c28725536bfd15001338888c1e3ed:0:0,a049af0a55d90b8b9cfdf5141c129b9a:0:0,afebc3d8316327b34ef5cd01a591f68f:0:3677527642,ed9eeec7580272f342fe0901ca96d4b8:1:3961321682,1.0
1847,2,1847,1,legacy,0.0003,0.0,3.756736387597143,15.463524883449086,0.03357396647334099,0.0880859375,-0.0011216951999813319,0.0008490906824590638,-0.0007941762451082468,0.04167606681585312,264,43,205,0,0,0,0,0,0,512,9,0,512,6,0,248,0,0,264,9,0,,0.11657995101995766,46f9668b44d5c4026f36011af99e785e:0:0,cde071893b2d996a7648dfa4a1990ff5:0:0,a53c257ee3b4a393ca1101bf673331cf:0:0,3f272d8e27c4c8ebdd00103cdb2c028f:0:2496250958,af845af58cf8d6f739b35bc7c081279e:0:642355006,1.0
1848,2,1848,1,legacy,0.0003,0.0,3.98381775335496,16.166302857729843,0.006019862834364176,0.0578125,-0.0040246799355372785,0.0008673874021042138,0.0004549472942017019,0.04227243736386299,270,47,195,0,0,0,0,0,0,512,10,0,512,2,0,242,0,0,270,10,0,,0.11561047099530697,78f520d7a75bfe63cc068e2fc19b945e:0:0,eb712bcc565b2bb174b93d62cbff6235:0:0,52affd7a0244e04d7260866a6d18f495:0:0,1433ec87cb133d2389bca75564060e8f:0:1693219422,65c119020a60077a55475c3e1e46573c:0:321397528,1.0
1849,2,1849,1,legacy,0.0003,0.0,3.654858688235127,17.773633494869244,0.010379676707088947,0.09140625,0.00010801050812005996,0.001034809381235391,-0.007432884536683559,0.045624904334545135,264,56,192,0,0,0,0,0,0,512,4,0,512,10,0,248,0,0,264,4,0,,0.10622539394535124,f934f52071ee1761112edc449bd8b05e:0:0,bf748aa40c27470ffddb7fba4e361132:0:0,9237ed5c406efed4dbc5c5430abf4597:0:0,ac3d3b87f2d53c73ce3259d740201a8f:0:1242980004,b1fd85bb851b14070f85c245ffd4e8f5:0:2145889535,1.0
1850,2,1850,1,legacy,0.0003,0.0,3.735214565766691,17.52571379930015,0.0063913743942976,0.0810546875,-0.0035691041499376296,0.0010502140619792044,-0.0026404245290905237,0.0471985824406147,275,59,178,0,0,0,0,0,0,512,7,0,512,6,0,237,0,0,275,7,0,,0.10816985799465328,9ddc0ff7b146b6811a8a07f58855cc5e:0:0,94dd85984e4389288baac8062479918f:0:0,f15162dcec721ce59d84a301829a6504:0:0,42e206c51718b62ee0632f4e6f7a268f:0:2426512001,97bbbd0b812d9eb2e40d6cf11fe10786:1:3572917449,1.0
1851,2,1851,1,legacy,0.0003,0.0,3.857625659341212,17.000074733221602,0.004185481462627649,0.0873046875,-0.00396038182079792,0.0009327154781203717,0.002376296790316701,0.04393109679222107,261,48,203,0,0,0,0,0,0,512,10,0,512,10,0,251,0,0,261,10,0,,0.165831878897734,10e17960213806bc128d6dde8712e85e:0:0,f2b20f2247907aecbdd4c1f506ba02e6:0:0,8ecc4296e44f05bed40e69214adcdd7a:0:0,11d50eba8cd45804bf4c6f46f214328f:0:3135870495,6586fbc0a3ff083d43161e4f19d6d4de:0:351170963,1.0
1852,2,1852,1,legacy,0.0003,0.0,3.7467547329329856,18.150528065178875,0.0026145167648792267,0.0625,-0.000796426273882389,0.001306357211433351,0.0008343775989487767,0.05152614787220955,242,58,212,0,0,0,0,0,0,512,7,0,512,4,0,270,0,0,242,7,0,,0.1375743190292269,fbbc232e782c54278e48aa9b9810045e:0:0,ae7e462819dab3a3d4375a667ba38e42:0:0,1aef94507c875cebd6300515a0acdae6:0:0,c6a9115309c2b8683ee6a14cc7ee3e8f:0:3624920854,b94087c6b45790a924522ac0f45c9b9c:1:3021537324,1.0
1853,2,1853,1,legacy,0.0003,0.0,3.7406708439755345,18.468260268094028,0.008579174056649208,0.099609375,-0.0015339387115091085,0.0009833454852923751,-0.005233163945376873,0.044795792549848557,231,44,237,0,0,0,0,0,0,512,4,0,512,11,0,281,0,0,231,4,0,,0.1086151220370084,4d2bebd27ddccbe2a9659ac8bb4d205e:0:0,d13f2bd318143afbadcb850b2bc727d7:0:0,c7727abc0f234fcc4f8f66e962ff1874:0:0,b3889ab92243243414258cebf1084a8f:0:1697461430,0093076553f5043766625e79199a0dc9:1:1727093020,1.0
1854,2,1854,1,legacy,0.0003,0.0,3.7203786603563307,18.823836300904095,0.004114965908229351,0.0505859375,-0.0008434759452939034,0.0009898410877212881,0.0019450625404715538,0.04478731006383896,256,56,200,0,0,0,0,0,0,512,6,0,512,5,0,256,0,0,256,6,0,,0.1312728300690651,8b620f7598da5e4222285b01f0ca3c5e:0:0,afcb32d033c6fec164c84afa4fc477ea:0:0,02fe6a780348bc7610bbc0eabd0bf46a:0:0,e539d265b3cc0f8fe0f839b06d62568f:0:3774212847,f034369d0930372f78cb94fcb2daf0ce:1:2415535643,1.0
1855,2,1855,1,legacy,0.0003,0.0,3.7477510682576796,16.761011515383494,0.009013873524963856,0.073828125,-0.004976155003532767,0.0007196321384981275,0.004238041117787361,0.037749506533145905,256,46,210,0,0,0,0,0,0,512,5,0,512,6,0,256,0,0,256,5,0,,0.1634827780071646,15ce5806be84c33c756f47e33887585e:0:0,df3a3e1b2979ab85b276905f0a363ae1:0:0,c27cac7e48c369ac31e03636767f16ed:0:0,9bdf584f6e7b2a154048ef263cfc628f:0:2773097762,7fbd6b64d0d8ec507ad81ae2b9628e19:1:3547645074,1.0
1856,2,1856,1,legacy,0.0003,0.0,3.7943129229447066,17.72606782766113,0.008079771883785725,0.0775390625,0.0005628522951155901,0.0011455268919235095,0.00016273639630526304,0.04857213422656059,260,56,196,0,0,0,0,0,0,512,6,0,512,6,0,252,0,0,260,6,0,,0.16469341702759266,93f44f75f10ba115fab2fe089284745e:0:0,50636b819023a9f225d39ef5528e5469:0:0,a63bfaf34e13f4737e14c07b8077aec5:0:0,97a81169f04f1634d1fd34d95fd66e8f:0:2239548357,a11c076aae45e7f6ba67cbc8b27b21f8:1:2719760070,1.0
1857,2,1857,1,legacy,0.0003,0.0,3.7874872174290397,18.20635464641045,0.009756986051797867,0.0734375,-0.0017993807792663573,0.0010173649585340171,-0.0016763098537921906,0.04639869183301926,253,55,204,0,0,0,0,0,0,512,2,0,512,2,0,259,0,0,253,2,0,,0.16519742598757148,c424c60bb715d54d00065a0dfec1905e:0:0,aa545f4bea62b23701b62822e3645dd4:0:0,c7f80f9b465544e15a30caacda39576f:0:0,325099ee2496c3db46f5d255d5f07a8f:0:2504477268,8ffca9333032b6bbae2a0dc46ab59d85:1:3947947367,1.0
1858,2,1858,1,legacy,0.0003,0.0,3.8085855689005785,18.80293970963767,0.004558737389743328,0.071875,-0.00018200422637164592,0.0009341234195744619,-0.0016185360727831721,0.043545883148908615,245,52,215,0,0,0,0,0,0,512,5,0,512,4,0,267,0,0,245,5,0,,0.16725554200820625,a00c297338aadfc5e616788f7d3eac5e:0:0,4dd30c673651cbcde549dabfe4e14f2c:0:0,29a08d90d4a3031b235e1ea912209fac:0:0,4d39f730da226e566d0ecf279f4a868f:0:488317958,58743bdd28eec627a776e6164aa2ebd4:1:817352700,1.0
1859,2,1859,1,legacy,0.0003,0.0,3.8072365829603467,17.712682130308632,0.00539808813482523,0.0255859375,0.0005406332202255726,0.0009453053557081148,-0.0012774886563420296,0.043651629239320755,249,43,220,0,0,0,0,0,0,512,12,0,512,7,0,263,0,0,249,12,0,,0.1322052370524034,8ff56fb7ecfa70373c2ab6290dfbc85e:0:0,9ccd4e05f66318491e37b83b781fe302:0:0,b5b76050673039cf62beb5fac971b4b3:0:0,a52a1217c2c23d7a3b1f72dabbe4928f:0:1723634519,2c2da81eee7157b6669f665ddc4cd666:1:973690457,1.0
1860,2,1860,1,legacy,0.0003,0.0,3.7265815956551176,19.61156610251831,0.00846490915864706,0.0865234375,-0.0023248773533850907,0.0011393318243790417,0.006017135921865702,0.04771333187818527,243,62,207,0,0,0,0,0,0,512,5,0,512,5,0,269,0,0,243,5,0,,0.11366725899279118,5aabbc22049e15d5dc24af76b0f8e45e:0:0,6ad6043c4620d2c0d4088c29b7d499e3:0:0,3970b0d9476dd04354c9616eb4dff7bf:0:0,13cb7e884e9e8a05dcfa44fb2bbe9e8f:0:2901611431,f4f0c75faa59ce5cbceb51c2ade20911:0:1088206056,1.0
1861,2,1861,1,legacy,0.0003,0.0,3.711946194033043,17.33681875377315,0.004080954939126968,0.0287109375,-0.002706631924957037,0.0011330127628752962,-0.018681902438402176,0.054494068026542664,251,46,215,0,0,0,0,0,0,512,8,0,512,7,0,261,0,0,251,8,0,,0.10443114791996777,d94a6286fbf11141068041146636005e:0:0,3f096de881ad35a3b9b36ea5a6381569:0:0,6ddca8e3c7a549369cda8321da5af015:0:0,9ef31b7715f5c548bf6d0d14eed8aa8f:0:3354811103,44ab19f55b25a55435a4ac6d53287f5b:1:3976706183,1.0
1862,2,1862,1,legacy,0.0003,0.0,3.844386362853748,17.998476712327438,0.012516004033386707,0.0970703125,-0.002755417861044407,0.0009244930348359049,0.0027193014975637197,0.04412413388490677,251,54,207,0,0,0,0,0,0,512,7,0,512,3,0,261,0,0,251,7,0,,0.13623788894619793,664b884e011a48ae7e53879e2db31c5e:0:0,3ff5fa794062b576054cba588f5ba953:0:0,50f5548db1d35da107a9211be8a3470e:0:0,e1d32a89c3cc04079c40d2b40532b68f:0:2482519494,c29761e9350dcf4173976bd267fe3bff:0:171660019,1.0
1863,2,1863,1,legacy,0.0003,0.0,3.880661471099237,17.942991200615133,0.002304134424775839,0.0568359375,-0.005133467121049761,0.0009513613040326163,0.0006493721157312393,0.04414957016706467,251,57,204,0,0,0,0,0,0,512,0,0,512,4,0,261,0,0,251,0,0,,0.16254322498571128,b801591219645e56a54edfb00770385e:0:0,dcb211458ab9933b924d4c921330d083:0:0,80c0689133d0535e39c81712acbf3e8a:0:0,4fd49d88b4182ca18639dd646eccc28f:0:2646989117,97988a295bbf6bcc43af3e69cef0dd3b:0:78282167,1.0
1864,2,1864,1,legacy,0.0003,0.0,3.824135338685042,16.847050852438738,0.009432990103960037,0.08359375,-0.006861198646947742,0.0007586843159515411,0.003877348965033889,0.04006611928343773,259,44,209,0,0,0,0,0,0,512,6,0,512,7,0,253,0,0,259,6,0,,0.16615777695551515,8a9c9776317fe92097bce5e5f36d545e:0:0,17536f61133d5afa82beddf2650e8998:0:0,3623f41506065080620d6ca173bba4b7:0:0,ff108328b7fac874f517b4b22ba6ce8f:0:336490293,abfa5ea4ad41239c6f5a7670fd67aaf6:0:890505634,1.0
1865,2,1865,1,legacy,0.0003,0.0,3.722620155338999,16.857485824141992,0.02428046241402626,0.0880859375,-0.0019158867886289953,0.0009242561820428819,0.0005816246848553419,0.04345785081386566,257,51,204,0,0,0,0,0,0,512,5,0,512,6,0,255,0,0,257,5,0,,0.1708487489959225,5f354169844bcf8e488276dbf1aa705e:0:0,bef8dae58aa4c732c8d1f92f961b1710:0:0,96e2bcfed2d34d2f3112760459655d48:0:0,0494b400b28a7884d19520293bc0da8f:0:3934308884,fe1d887e329c867a175a342ba0e2a198:1:3532617899,1.0
1866,2,1866,1,legacy,0.0003,0.0,3.817165317624446,17.08817761644714,0.017063423991203308,0.0984375,-0.002448372729122639,0.0009461509005632251,-0.002083245199173689,0.04356972128152847,258,46,208,0,0,0,0,0,0,512,6,0,512,8,0,254,0,0,258,6,0,,0.16371917992364615,d63709c503bfc4e89d1eaf2e02278c5e:0:0,f79b090fa342f2046ba409766e89cdfe:0:0,7017f02f0e5114d709ae6cc061b2cad9:0:0,ea0023ca00c20d5d816827559f1ae68f:0:3657508839,4ab9a064ddbc3a4137a188c2d80cd345:1:977346374,1.0
1867,2,1867,1,legacy,0.0003,0.0,3.735283831851871,17.54263244498115,0.006124192848801613,0.0826171875,-0.005714076990261674,0.0010995333228493108,0.0005775190074928105,0.04723060503602028,265,52,195,0,0,0,0,0,0,512,4,0,512,3,0,247,0,0,265,4,0,,0.18022303690668195,fe5b8fd4af94e8ab89aaeb7824e4a85e:0:0,37815024244465a4c392693a688f4360:0:0,6a96079ee2eeac6eb4eb9cb8701a742c:0:0,55d48a55df1c4239f34211c355b4f28f:0:1166390580,37d060482b14311410ae4f3e1a38f45c:1:708918257,1.0
1868,2,1868,1,legacy,0.0003,0.0,3.8691779820047865,17.618968156962644,0.015618887729942799,0.0671875,-0.0009879336692392826,0.0011886493011843413,0.005412629339843988,0.05021324008703232,263,58,191,0,0,0,0,0,0,512,6,0,512,10,0,249,0,0,263,6,0,,0.17719874705653638,883f800a054888322cdac85659e1c45e:0:0,3387de40a7b7c8a0da9a5b801cf914f2:0:0,cf534d382fca078f592641decc050333:0:0,995c72ed3f691b68aacf66fe5f8efe8f:0:1300471703,5b07a24734bbd07c4670922e2c283e70:0:1337471093,1.0
1869,2,1869,1,legacy,0.0003,0.0,3.731666563967539,16.600139841076512,0.001410545315593481,0.101953125,-0.00011050524190068245,0.0009755222650710494,-0.0031715522054582834,0.045300714671611786,273,53,186,0,0,0,0,0,0,512,7,0,512,7,0,239,0,0,273,7,0,,0.18444727396126837,5bde27bef51502a2ebfc2264a11ee05e:0:0,23a2206c431de53baa885ddcc3e4f782:0:0,f743667350f614572a25d991e2710b9e:0:0,6b76281bc168e7f0ccb7ee92bca90a8f:0:1887133673,c1635e55ab5008bb48ebc43d0bd96e69:0:2590548105,1.0
1870,2,1870,1,legacy,0.0003,0.0,3.7619303681944647,16.19310700399048,0.008016659878194332,0.1302734375,-0.008351837797090412,0.0010348002426326275,0.004513875115662813,0.0455569364130497,271,42,199,0,0,0,0,0,0,512,5,0,512,5,0,241,0,0,271,5,0,,0.1841459140414372,c318809b077ccf1b8ef7163efa9bfc5e:0:0,96172e497bd9241fffec568fa04dac59:0:0,18f550bc1d7701a0599a6704f2f3f076:0:0,9a356531c0b8e6772a9eb00c6d03168f:0:4139184067,e3e7d34f0e6467472945f1fa9652aa0e:0:2720183704,1.0
1871,2,1871,1,legacy,0.0003,0.0,3.609732742519015,18.26889825205593,0.02661190927028656,0.11484375,-0.005272113904356957,0.0008782609831541777,0.0003621277865022421,0.04225277155637741,249,56,207,0,0,0,0,0,0,512,6,0,512,4,0,263,0,0,249,6,0,,0.17948774399701506,6d214ed69f03a51d5c4e00816659185e:0:0,731f21cce19a653872f8015cb9feda99:0:0,ec20e17dc78ae9553d44b0d14286784e:0:0,e15f3614aa9d8d634f21f2f7709d228f:0:2126832602,38475465bf74fa8775cb2e93ff67c0d5:1:3913889329,1.0
1872,2,1872,1,legacy,0.0003,0.0,3.761654116850233,16.449752824813025,0.016393909230828285,0.0966796875,-0.006465637194924057,0.0008140213292790576,-0.003138672560453415,0.040300916880369186,262,41,209,0,0,0,0,0,0,512,7,0,512,5,0,250,0,0,262,7,0,,0.13760689494665712,2c77a04281b1c739351d7dc7e456345e:0:0,8386e744b8cb09d846272dc27de93ad8:0:0,ab870774821e9d9575a82e83b364f1df:0:0,4c84f9400e36764489db3edfc7772e8f:0:723089579,be86db57898301db4c6bb191de3b96e5:0:3582766961,1.0
1873,2,1873,1,legacy,0.0003,0.0,3.759681295665695,15.749057971864211,0.01088023092597723,0.097265625,-0.004154176544398069,0.0008017671148991212,-0.004669935908168554,0.0401347316801548,276,47,189,0,0,0,0,0,0,512,8,0,512,9,0,236,0,0,276,8,0,,0.1127055180259049,ae43c8a415fd6ffbb11c6aae7493505e:0:0,1cbc631f90debf76abb7800e25faab61:0:0,7539ba5219dbbb7790af4178ce5c32ab:0:0,8c350f2519a7ec76fb5f5b5171913a8f:0:2366036703,f31bad13b50a2a43e47b29f223649cc3:0:1980255769,1.0
1874,2,1874,1,legacy,0.0003,0.0,3.810165969102685,17.182363139937927,0.007520311512053013,0.0375,-0.0015313260722905398,0.0011816218204330653,0.006802099756896496,0.04884114861488342,271,54,187,0,0,0,0,0,0,512,5,0,512,7,0,241,0,0,271,5,0,,0.11674833798315376,b8b0e2a0feb661193a9be3d117106c5e:0:0,a244de55d3b89c17d455c6d3d201b947:0:0,1da40647647cafee31236bf11b95ebf1:0:0,6199656176c61f08a13e4fd86eeb468f:0:760842176,d3fd65b12daeb29f05a45b063c2f93f1:0:2481680664,1.0
1875,2,1875,1,legacy,0.0003,0.0,3.712856253666475,16.40910967711402,0.010502113029360771,0.0966796875,-0.004669751215260476,0.0008821421186439693,-0.0026789321564137936,0.04227195307612419,256,45,211,0,0,0,0,0,0,512,5,0,512,7,0,256,0,0,256,5,0,,0.120738465921022,f07de31f018f94da2a8745cbcbcd885e:0:0,0437bee0a6f4b07e6aec78df1cca63fb:0:0,47ae89d019da104c35da0554f7fa64ee:0:0,ae2dbb91b9cdf5de62036400bf85528f:0:4062234900,fa3fa3f8ccb10dbfade66564453dd16c:0:1600592498,1.0
1876,2,1876,1,legacy,0.0003,0.0,3.668730173736179,18.33560371243663,0.008238893933594227,0.0646484375,-0.002445083297789097,0.0010963479289785028,-0.00190915132407099,0.047302134335041046,246,51,215,0,0,0,0,0,0,512,3,0,512,2,0,266,0,0,246,3,0,,0.11763116298243403,eebd6fa763e311c6e4642d3a92caa45e:0:0,fe4644672c3e46cb48baff3e38931f48:0:0,3b2cf2bcc63d36cc2f59e25997bb63c6:0:0,c1393aced4b78a1919351f56635f5e8f:0:630765544,f667953206dbc08592c9009e7d7da439:1:628403555,1.0
1877,2,1877,1,legacy,0.0003,0.0,3.851131627733257,16.15245832356709,0.0018799597164615989,0.0431640625,-0.0024229943752288817,0.0009142367605818435,0.0017854063771665096,0.04323684424161911,264,39,209,0,0,0,0,0,0,512,5,0,512,2,0,248,0,0,264,5,0,,0.11841383995488286,c0d2e707294be093f25276b96c07c05e:0:0,b9a9b8c39d606f11f98b873ac413ed5c:0:0,7f2dc6cb62e36374b600461514a014cd:0:0,1da8c03141ae41baa35549655a796a8f:0:1803418386,43a7fe1856a712590a641c6149dfc125:1:3548137923,1.0
1878,2,1878,1,legacy,0.0003,0.0,3.8234806885180586,17.91498045985869,0.024880632758140564,0.090625,-0.0044373154640197756,0.0009604466846212745,0.0033732247538864613,0.044678084552288055,247,52,213,0,0,0,0,0,0,512,1,0,512,3,0,265,0,0,247,1,0,,0.12106131901964545,f86d660fdfb2244e210c3ee45784dc5e:0:0,50ccf3735b37067a4b6bb4e6e146008a:0:0,e1ad2d4c3317d829684fdb04b6b34a1a:0:0,1c090dffd73a8e8ae9e0e9b9a4d3768f:0:200004552,c781c5f6715e237e7c4aa812905cb50c:0:3069341825,1.0
1879,2,1879,1,legacy,0.0003,0.0,3.778582087822442,16.99724750795251,0.004829134792089462,0.060546875,-0.0014847977552562952,0.0008446786931017413,0.001235028961673379,0.041469331830739975,257,46,209,0,0,0,0,0,0,512,2,0,512,8,0,255,0,0,257,2,0,,0.12116325204260647,69cf0906e46554c69be5e2575541f85e:0:0,f190b0e7e6e5d33b510108e4947c210f:0:0,8ea88ac427749aa9386b1aa4505eba19:0:0,70f1f67b78a9503cef5047df426d828f:0:2890738489,af04fdbbaacec23653862bea70119ac1:0:3392887787,1.0
1880,2,1880,1,legacy,0.0003,0.0,3.7583185473475105,17.819055834748475,0.009305786341428757,0.0771484375,-0.005501702893525362,0.001000295506673865,-0.0027347560971975327,0.045039430260658264,261,55,196,0,0,0,0,0,0,512,5,0,512,4,0,251,0,0,261,5,0,,0.11574704491067678,ce573cfb4de09b3f08cdfdae653f145e:0:0,7a5cc7cf8f673bd772cb0c7611e45e2b:0:0,930da8aebd8974fdc67e5f3ea863b8e2:0:0,b3757e84153cd9d3db16eb6233478e8f:0:1583507381,5c835dceae4a3b90456c5308a0f1edf0:0:2007810099,1.0
1881,2,1881,1,legacy,0.0003,0.0,3.8005649821758665,16.61410222224713,0.013227559626102448,0.1091796875,-0.008777698827907443,0.0013015266042202712,-0.009490353986620903,0.058517564088106155,273,44,195,0,0,0,0,0,0,512,10,0,512,3,0,239,0,0,273,10,0,,0.12440993601921946,ea4aa2e4e5d55155a44d6d85877c305e:0:0,7fdeb8dc580c393605347ca055aeaf45:0:0,960b1fe6a187d688ee02e29d0e150125:0:0,7457ed9ea8b39a4805a39bce77619a8f:0:4270851643,cc8310fee0bd95a1852578ea1abb5363:0:3439501120,1.0
1882,2,1882,1,legacy,0.0003,0.0,3.681936062877369,17.682471475985515,0.006009482778608799,0.0603515625,-0.003125097486190498,0.001197663912898861,0.007069248706102371,0.04924429953098297,262,53,197,0,0,0,0,0,0,512,11,0,512,5,0,250,0,0,262,11,0,,0.11533894797321409,c171d118df17a2315d874e78bbf94c5e:0:0,78df5ceb87cc921abf256a1f174421e1:0:0,f3171f816ad601fb3749b05b86368ed9:0:0,4137c42f2fb0686c046060b00ebba68f:0:3471000919,5ecebea4017f497d93b08ed0ca481e56:1:1856919450,1.0
1883,2,1883,1,legacy,0.0003,0.0,3.6755406195040665,17.601307756133224,0.005334554240107536,0.060546875,-0.004083242174237967,0.0009518151317024603,-0.0019275711383670568,0.04500968009233475,277,55,180,0,0,0,0,0,0,512,5,0,512,5,0,235,0,0,277,5,0,,0.10872719797771424,08a2264b33094dedf238fd2402b6685e:0:0,120f27fc5d9c60e7046cf228279a66f9:0:0,cf6fa4356f3205abd400df4eb50d5921:0:0,019ea004c2907211b5b28192f955b28f:0:3022791062,fcb96a39cac9c5e0fd87b0300b2b41d0:1:41792531,1.0
1884,2,1884,1,legacy,0.0003,0.0,3.862050871453401,16.2980093447866,0.009394069202244282,0.0951171875,-0.0003914575558155775,0.0009544948989059776,-0.0007985265692695975,0.044189874082803726,278,41,193,0,0,0,0,0,0,512,8,0,512,9,0,234,0,0,278,8,0,,0.11047696007881314,8cd8e3fdd21e8f480aba16235bb3845e:0:0,388f3506cd0b9b19056623cb7b50436b:0:0,453b1659be5550f4b9c8c3e511f35e05:0:0,6a7632a1493ace6f4cfa8603372fbe8f:0:2237413385,982d9951b80b9c8515df434d8a7cfebe:0:1892277640,1.0
1885,2,1885,1,legacy,0.0003,0.0,3.7877265124076716,18.9455511951218,0.00501284608617425,0.06015625,-0.003902970626950264,0.0012595822219736875,0.003161769825965166,0.0506921261548996,249,56,207,0,0,0,0,0,0,512,8,0,512,1,0,263,0,0,249,8,0,,0.11057929100934416,ed80e4e91319238955fc7612c6f0a05e:0:0,e3e144558add2a0509f5c5a0be387231:0:0,3d0eee67b1b6cfeec8ddc674c1b97f9e:0:0,c1ce93f17a75b3c45e94358cc849ca8f:0:2793255484,dff58ba592ad19dc5d8f0ba5ffc7b6f7:1:4110418138,1.0
1886,2,1886,1,legacy,0.0003,0.0,3.7395433583611726,18.43201709442226,0.010533677414059639,0.059765625,-0.0085466290358454,0.0010814393608598039,0.004127762280404568,0.046531159430742264,244,51,217,0,0,0,0,0,0,512,3,0,512,3,0,268,0,0,244,3,0,,0.1136567109497264,f9067e930c9574b4a58c398e446dbc5e:0:0,0c7918808eebc3804be02579e3599aef:0:0,49830a63a3af9857fe9949ce2e51a41a:0:0,cc856f75194d503eebd697bbaca3d68f:0:2132399805,8c73bd09f614d489b2d174cdf8bef45f:1:2178237466,1.0
1887,2,1887,1,legacy,0.0003,0.0,3.802619984433268,18.066907903551076,0.015837932005524635,0.13359375,-0.005068583879619837,0.001115293026668951,-0.007293257396668196,0.04761466383934021,238,42,232,0,0,0,0,0,0,512,2,0,512,3,0,274,0,0,238,2,0,,0.11289813800249249,6b4373f5c485e5f2098fbd31d42ad85e:0:0,a95b0aeb592f11ec7272bbb4066c6121:0:0,dcbfec13b22a147a817907d68a9f453d:0:0,746fc922a31846206f13f41be43de28f:0:959260024,1810f800a60f62eb39e074787129a6c7:0:2961687089,1.0
1888,2,1888,1,legacy,0.0003,0.0,3.850833050343308,18.15682107642265,0.010765841230750084,0.0828125,-0.005024039372801781,0.0009065525606274605,-0.003761439584195614,0.042597416788339615,257,54,201,0,0,0,0,0,0,512,6,0,512,6,0,255,0,0,257,6,0,,0.1353482159320265,eece51be6138423aecc79d997627f45e:0:0,b7e53799f550dd21f8171bb80f6f50e7:0:0,b7e163b362e9f03b98d273651103dac6:0:0,736a629ce0a5cb22e799d2396f17ee8f:0:4213332697,c57fd313245ca98b1af7e3dce3f3e41b:1:409461719,1.0
1889,2,1889,1,legacy,0.0003,0.0,3.8910929443676334,17.93685593373362,0.005394461564719677,0.040625,-0.004478644696064293,0.001086964484420605,-0.0033000099938362837,0.046765558421611786,263,52,197,0,0,0,0,0,0,512,10,0,512,7,0,249,0,0,263,10,0,,0.12985615199431777,47151b59c7814d46308eb7612a65105e:0:0,05dabac45c020b2cdcfc56227ab1299b:0:0,db7ee0fe0d7c8bc6935b408a5ccf39c9:0:0,0967209c0d216b1de5b0f9a04d31fa8f:0:3140875855,8ae8832087a96882116cd2db6b81250a:0:4211741538,1.0
1890,2,1890,1,legacy,0.0003,0.0,3.864478006446056,16.460639182412315,0.012723114341497421,0.0869140625,-0.0017195820808410644,0.0009671199339209124,0.003590027801692486,0.04407384246587753,274,40,198,0,0,0,0,0,0,512,5,0,512,5,0,238,0,0,274,5,0,,0.10614138701930642,a3a2daad51aa76b448da2724f0e22c5e:0:0,b2cd8c5fc588de691667fb6367119577:0:0,af8f934c6aceae0be84eef785c4f9e3d:0:0,6c7033b785386deb969d71dc7e8c068f:0:1988979871,fb20e2f275fd5549faf46ab7ee08c714:1:122822934,1.0
1891,2,1891,1,legacy,0.0003,0.0,3.8001955393041307,17.789534958462028,0.0031980513595044613,0.0234375,-0.004476357321254909,0.0010317392880097032,-1.5292956959456205e-05,0.04542914777994156,262,52,198,0,0,0,0,0,0,512,7,0,512,3,0,250,0,0,262,7,0,,0.10639131302013993,7f426b048abdaf7b58394980c99f485e:0:0,718632cf604e400e51c0af3760c991a7:0:0,f00ea614c97471c191e9a65145b98d6b:0:0,2cec3708310ce08dd09e827a0326128f:0:1080004182,6203fa5c44ede0546e295b33c83cef88:0:3507477516,1.0
1892,2,1892,1,legacy,0.0003,0.0,3.757348307599906,19.01777477598774,0.0059249186888337135,0.06640625,-0.0034143101423978806,0.0011598202254390344,0.0013852696865797043,0.04852121323347092,254,59,199,0,0,0,0,0,0,512,3,0,512,6,0,258,0,0,254,3,0,,0.10736821498721838,4a1eba6719cb61934bd5bb10b49c645e:0:0,6f0195f55d266ff19fa9df80b0af865f:0:0,ec58aedd8d93fa666ceaa03905dd4a67:0:0,2970f2671b8241931eeeb304db001e8f:0:3339577232,246335bdbc9bdaf561965ce376f59a33:0:1663236788,1.0
1893,2,1893,1,legacy,0.0003,0.0,3.8110315251835027,17.669051051879393,0.013806374743580818,0.05234375,-0.0014319642912596464,0.0009783786750631406,-0.006290205288678408,0.04466569423675537,263,50,199,0,0,0,0,0,0,512,5,0,512,5,0,249,0,0,263,5,0,,0.10530998499598354,a6c9bb3448c689e1f7735870b1d9805e:0:0,e49d32db10df8aba0e175970522ce2fc:0:0,86b3c64833a15b99283a5d70fb1f7676:0:0,d764f556e96fd0bbcdc3cb09061a2a8f:0:972226427,ca268f1d0171306b3709848c6672ceb4:1:3269745088,1.0
1894,2,1894,1,legacy,0.0003,0.0,3.6243911386471304,18.71690793088905,0.0060617923736572266,0.040234375,-0.0034970032051205636,0.001257965894183144,0.002945738611742854,0.050306037068367004,258,53,201,0,0,0,0,0,0,512,5,0,512,7,0,254,0,0,258,5,0,,0.10895493102725595,69775a8bd292f46731703e3cc1569c5e:0:0,647225dcc546622edc5d60019a0c0152:0:0,bbdee9cdb477a6fa8b670fde28123ad4:0:0,8bd2d2f2234481def64ed2128474368f:0:701246932,624bb1c02fcc8fb7d69aa201eabb0837:0:2005369012,1.0
1895,2,1895,1,legacy,0.0003,0.0,3.754972910638325,18.65996709830331,0.006591711193323135,0.047265625,-0.0006941398372873664,0.0010901457571890205,0.00043671322055161,0.04715890809893608,255,56,201,0,0,0,0,0,0,512,1,0,512,5,0,257,0,0,255,1,0,,0.12195298995357007,00f906b5e3e19aa8eec4c910e313b85e:0:0,6377b51d873fc40dae848416de6752ac:0:0,69fbf49a2c837362c455a1f42b4a2b51:0:0,0563668383a8930f8abc0fad560e428f:0:1206891671,df819f0ebf9f5a67d987b52aeb2d4540:0:206850217,1.0
1896,2,1896,1,legacy,0.0003,0.0,3.6265176908129417,18.021931523849233,0.015484289266169071,0.0703125,0.0018138717394322156,0.0010563853400526568,0.002639572601765394,0.045940905809402466,257,36,219,0,0,0,0,0,0,512,4,0,512,11,0,255,0,0,257,4,0,,0.11073434900026768,ac60a3667a77245f5f0395891710d45e:0:0,ac6c1866bbd4754334ee2c6fd6c70519:0:0,3267719e2f50eca0881dc8c299156e99:0:0,b0b733b8bda8c60162330b657ae84e8f:0:2380035080,9e63a1344616015bc548f657d90db7cb:0:3342743405,1.0
1897,2,1897,1,legacy,0.0003,0.0,3.775251800568634,18.657293386192684,0.024309266358613968,0.085546875,-0.0034369403147138655,0.0012496964074671269,-0.00011098224786110222,0.05035826563835144,249,50,213,0,0,0,0,0,0,512,3,0,512,3,0,263,0,0,249,3,0,,0.11204991396516562,10e738628e788a61085980415d4df05e:0:0,3ad4a48f83eff03fbfda61733400d345:0:0,cbc2a7adae2d2e428ccc91a5b9a77eb3:0:0,ee89acab6cf73cae44d68cc6f3025a8f:0:1273236915,2a1d8495f93a494b574ea414cf35b108:0:283071688,1.0
1898,2,1898,1,legacy,0.0003,0.0,3.748286358001973,16.67550466489149,0.0068129864521324635,0.0513671875,-0.0008505893871188164,0.000943068481865339,-0.00394014036282897,0.04364672303199768,256,40,216,0,0,0,0,0,0,512,3,0,512,8,0,256,0,0,256,3,0,,0.1403424059972167,9c0431b7b159dbcee38da5d5b5cb0c5e:0:0,444cecfff4b6ddfaa1b00915345a8d84:0:0,e8aa2be9393d40534ba7d964d21daaee:0:0,fa6beb4722cdf93af7c49b5dbe5c668f:0:918405226,183a82b8ce8060060d1892640ab7f2d8:1:2018805827,1.0
1899,2,1899,1,legacy,0.0003,0.0,3.7279895685752575,19.351203405422556,0.006044682580977678,0.0375,-0.001962893549352884,0.001070192371844314,0.0031733447685837746,0.04640461131930351,257,57,198,0,0,0,0,0,0,512,1,0,512,12,0,255,0,0,257,1,0,,0.11200738197658211,cfcdaf610e0b2580780162e22088285e:0:0,d6b18a638a15cc2565b888c093a989fb:0:0,c41777291cfac69009b124d392b3ffc3:0:0,e4b73adec1ff011c49167eb5dcf6728f:0:3500291470,b56756192b832944ced3e5771c509bca:0:2607922845,1.0
1900,2,1900,1,legacy,0.0003,0.0,3.7048762470383583,18.50031880273464,0.010628832504153252,0.0287109375,-0.0031250981148332356,0.0010166495339944959,-0.0027688597328960896,0.04518916830420494,257,58,197,0,0,0,0,0,0,512,2,0,512,6,0,255,0,0,257,2,0,,0.1642620989587158,560124def5ff7baff7b054029d85445e:0:0,7a55a050c43fe1306a3a943f6f64caec:0:0,de9fa95743252bae597f0fe274f45248:0:0,55daaa0e9cbe237c1be0be5b4ed07e8f:0:1928305265,80daab2c8772fdb948578ba4d1d5a213:0:1453809578,1.0
1901,2,1901,1,legacy,0.0003,0.0,3.7920563755370216,18.440908264516054,0.007511416915804148,0.076171875,-0.0027129406109452246,0.0010991997900418938,0.004742591641843319,0.04871920123696327,252,60,200,0,0,0,0,0,0,512,7,0,512,7,0,260,0,0,252,7,0,,0.16220635699573904,b2b567f066aa25e65b3055d32cc2605e:0:0,340ac1620274cef4173509d920e3d09f:0:0,7e67e939d13b2fd4adc50193dd7bead8:0:0,7799c45406b062de743321da13ea8a8f:0:2866233992,9e978bdb759afddb1e9d314ebeff9489:0:731302610,1.0
1902,2,1902,1,legacy,0.0003,0.0,3.6876602269507996,19.405429338722712,0.005280931945890188,0.1125,-0.004647968104109168,0.001367039792239666,-0.0017846927512437105,0.05224892869591713,259,61,192,0,0,0,0,0,0,512,6,0,512,5,0,253,0,0,259,6,0,,0.16216040507424623,dcf44848330ded277db184efce3f7c5e:0:0,2b858757204c869b9e33ebe6b95c1315:0:0,1624086891cf424d6c695115c0243683:0:0,5d75860e4dcd02068318b0be2c44968f:0:321459132,c888958f7645bb0cd9ef7291b6761220:1:4190613516,1.0
1903,2,1903,1,legacy,0.0003,0.0,3.798929216580018,17.294721332201245,0.0068552857264876366,0.06484375,-0.001629115967079997,0.0010002688970416785,0.0003926846547983587,0.04475107789039612,260,49,203,0,0,0,0,0,0,512,2,0,512,3,0,252,0,0,260,2,0,,0.16370339097920805,1391e0c1bcfa8c5e38fe3df481fc985e:0:0,ec08d44e97432d3701bc6955680d59c6:0:0,9523fd48013c157bbdb55dfb3b0f4b8d:0:0,8b8b9ce84c9c341bb297b29397dea28f:0:4140869029,98f381298cb8eeeb8754988051f11f55:0:2809472966,1.0
1904,2,1904,1,legacy,0.0003,0.0,3.7367672840652153,17.249861494983353,0.008103817701339722,0.091796875,0.0011650166008621455,0.0007633516885107383,0.004179717972874641,0.03977592661976814,247,47,218,0,0,0,0,0,0,512,2,0,512,7,0,265,0,0,247,2,0,,0.16184237296693027,29cb054369944308817b1d7d47f9b45e:0:0,3b18af6d20f9d4b71d10ec1c8b8fb5e8:0:0,b967593c110eae3ffb3b14e132cfcbcb:0:0,bdfb11f5085f700eb1b1aee656b8ae8f:0:2116468175,4ad71ec07fcf73085162b8a0dead176f:0:2568603373,1.0
1905,2,1905,1,legacy,0.0003,0.0,3.8014902415612295,20.13713169536906,0.006560965906828642,0.0640625,-0.006544248340651393,0.0012039437104249373,-0.006956146098673344,0.04910207539796829,237,65,210,0,0,0,0,0,0,512,7,0,512,1,0,275,0,0,237,7,0,,0.16504948202054948,73c27f273cc18a23822700262036d05e:0:0,c47e9438c59c891956142930fd5bb958:0:0,5ce98a7abb4bf79bf95bc96bc3a43350:0:0,c59092150daf673e80636d4268d2ba8f:0:4289442494,b3ef7b148bccd9cec47fae0194655e97:0:1364327064,1.0
1906,2,1906,1,legacy,0.0003,0.0,3.768736977912702,16.798256625362406,0.006679632235318422,0.094140625,-0.00597785422578454,0.0009744104812853038,0.002624005312100053,0.044589247554540634,247,41,224,0,0,0,0,0,0,512,6,0,512,4,0,265,0,0,247,6,0,,0.17438256600871682,a11e34ac471aeb57b89b028b0ab3ec5e:0:0,4e9455ce9c55baed41a1d7768046b009:0:0,6aa65757ae488a4c6ec23027937a972a:0:0,245fac857e1b9f5d7ba4f533ce2cc68f:0:3912236460,2f05a3fdfee15fd9256ac81ab5d85143:0:3544272365,1.0
1907,2,1907,1,legacy,0.0003,0.0,3.686108252791443,18.370479849776356,0.012072378769516945,0.1044921875,-0.002531823888421059,0.0013121470401529223,-0.0033434962388128042,0.05149483308196068,251,56,205,0,0,0,0,0,0,512,5,0,512,1,0,261,0,0,251,5,0,,0.17435128695797175,6609de9dd1f8fa65110a81480771085e:0:0,358d0ad93cabb382f810f8db9c849ac4:0:0,33c0b0e3400460776cb59130907344ad:0:0,01418ec50157af9669698e4686c6d28f:0:1747452035,8bec7f5b0e1801c3515356f518ba0c69:1:2242413418,1.0
1908,2,1908,1,legacy,0.0003,0.0,3.671050533607466,16.38141143457641,0.0064947702921926975,0.046484375,-0.0021584877278655766,0.0008146817126544192,-0.00267962203361094,0.04050431773066521,273,52,187,0,0,0,0,0,0,512,6,0,512,6,0,239,0,0,273,6,0,,0.17273781599942595,03049207753c70cf024318f9166e245e:0:0,519ff2fd2e912a29e14c25b93fec306f:0:0,b81de817801f69a3b409de336af86c60:0:0,ff3500460c8220f1849fc00692a0de8f:0:4149575809,152eedd9b860adf99eded78a420e1f2f:0:3026158034,1.0
1909,2,1909,1,legacy,0.0003,0.0,3.75842190865281,15.867621716350342,0.007829808630049229,0.0677734375,-0.008665921306237579,0.0009689191530924291,0.0003832175862044096,0.044140949845314026,263,45,204,0,0,0,0,0,0,512,7,0,512,5,0,249,0,0,263,7,0,,0.15531301393639296,bc592277826c6bc8a9aca63a37ab405e:0:0,953fc4c30a40dc993792b2f47c609562:0:0,1869b85d50368d3abf85619becb9700f:0:0,788ea7b13210f1f9893151fff1baea8f:0:245919195,df6cb681eb8b6f70abfb368d6767cf3e:1:788535577,1.0
1910,2,1910,1,legacy,0.0003,0.0,3.6859141948148815,16.892375143582214,0.00587088568136096,0.072265625,0.0012173317838460207,0.0006942037827684544,0.0007136844797059894,0.03736887872219086,259,37,216,0,0,0,0,0,0,512,10,0,512,7,0,253,0,0,259,10,0,,0.10891576705034822,55373bfb70c6cc60e74945a76b285c5e:0:0,e340d7c4a99fca095539e814bb65c801:0:0,0e0f5d67aac671a5a8d8bbf86feb7bbe:0:0,810bf6c56cefbda0c0034bbea414f68f:0:3371911983,1df8d72cbdc32836c9f2350d544dcb76:0:2175276484,1.0
1911,2,1911,1,legacy,0.0003,0.0,3.579771039242821,17.362256901032325,0.0035643228329718113,0.0900390625,-0.0026102888397872446,0.0008800843643257394,-0.0018717482453212142,0.04224535822868347,246,47,219,0,0,0,0,0,0,512,8,0,512,6,0,266,0,0,246,8,0,,0.13904582196846604,da540aac35deb9ee79b553dcb0e5785e:0:0,7f7c650b767d544f2cf17ba0ff6fce41:0:0,11382422f52eb724bc0efb8cd1923422:0:0,d86e792f995b85660af5f4cea9af028f:0:1849132227,13dfee543e1febf789e548af869e599e:0:2577640047,1.0
1912,2,1912,1,legacy,0.0003,0.0,3.7380491606314648,17.216832490381883,0.004445166792720556,0.05234375,0.00019686259329319,0.0010287932178471237,0.0014606190379709005,0.04532574862241745,266,62,184,0,0,0,0,0,0,512,0,0,512,3,0,246,0,0,266,0,0,,0.17908362206071615,a705584ab66546bc1a276d7608e2945e:0:0,8679b016a9e9e0a520473499c517af45:0:0,d7c5ea9a46d5a2fbe25b442d3d4726eb:0:0,9488adfd8e081eb9f0e4d4bc02890e8f:0:207882369,1f5c65e5f62ad39bae008500ef737fa1:1:1969404353,1.0
1913,2,1913,1,legacy,0.0003,0.0,3.821770603256878,18.026042912171313,0.0032282001338899136,0.066015625,-0.009366366546601057,0.0010742308339104056,-0.003595688845962286,0.046469662338495255,260,51,201,0,0,0,0,0,0,512,9,0,512,1,0,252,0,0,260,9,0,,0.13478609290905297,c8313716bab836f498706f0f731fb05e:0:0,d521e7279c5486ff5f18d816a8cbf59c:0:0,5a53f86e9a2e457777d77b27c2f6f78a:0:0,b0d90a9c881b43a3a9a6b312aea31a8f:0:2564975493,53b4b65f2aa229976980cbfadc2b0816:1:2451051427,1.0
1914,2,1914,1,legacy,0.0003,0.0,3.825960868217713,18.562356517514765,0.0051215048879384995,0.06015625,-0.0014456315897405148,0.0012954555713804439,-0.001421419088728726,0.0512462854385376,250,54,208,0,0,0,0,0,0,512,6,0,512,6,0,262,0,0,250,6,0,,0.14291262300685048,e46e9bb512d2e9cef6fb7544ef9ccc5e:0:0,7844738048a69b477a848ada1d54b426:0:0,3ec3207497dbe654eec24e4a240201f5:0:0,d633499ddc8946a62a0d975eadfd268f:0:4143324043,402a8e0ff16a76488a00afef44821ea5:0:1760414250,1.0
1915,2,1915,1,legacy,0.0003,0.0,3.7473146288987733,17.17394325386192,0.015597648918628693,0.03125,-0.0007163535803556443,0.0010642727167578415,0.00046483127516694367,0.04638545215129852,271,51,190,0,0,0,0,0,0,512,8,0,512,4,0,241,0,0,271,8,0,,0.10791101097129285,d290aea3d53d64fa86cddcb27e59e85e:0:0,194d4b2d3f90c6d3d8ccfee75edb28ae:0:0,ce8c06222d3e660083c0cb94b1ed4122:0:0,81cbb6c8215f69e52fe6c92c0097328f:0:566778730,25c7775b22939accb0bd3b47cf95b185:1:2764750118,1.0
1916,2,1916,1,legacy,0.0003,0.0,3.819161989585483,19.330664011206846,0.0055131069384515285,0.058203125,0.000479240738786757,0.0012897167762275785,0.0026763819623738527,0.051246460527181625,244,59,209,0,0,0,0,0,0,512,5,0,512,6,0,268,0,0,244,5,0,,0.10793442896101624,39cf2065e495824b038741f41f57045e:0:0,5f92f7bc0e432dae2d0f9518048959f5:0:0,ace82fae249d8d2cd8d875a5da1f04fd:0:0,2b7bc5464187d98a4dfad006a6713e8f:0:3243876421,0f8980329312ca79011b67475e4fbc1a:0:1641176302,1.0
1917,2,1917,1,legacy,0.0003,0.0,3.6931060258672535,16.908314622430275,0.001995417522266507,0.063671875,-0.0029404400149360297,0.0008322827256051823,0.00028989987913519144,0.04273119196295738,247,46,219,0,0,0,0,0,0,512,3,0,512,5,0,265,0,0,247,3,0,,0.12663071393035352,2b116a39274e3fa4af6181a5d294205e:0:0,5e34b5053ed2c3f24ebc645589c5ac35:0:0,ca7fd9018815edb27a9822c77f8f18bb:0:0,1a8ae4112d934969f80d737a9f8b4a8f:0:2609520221,ce0a8582d4c04f074d0d18eceb3014f2:0:4088252414,1.0
1918,2,1918,1,legacy,0.0003,0.0,3.785499473568032,17.217810018510793,0.007199855521321297,0.0576171875,-0.002758274180814624,0.000978603700059466,-0.0004976285272277892,0.04414219781756401,250,50,212,0,0,0,0,0,0,512,7,0,512,9,0,262,0,0,250,7,0,,0.13462698098737746,cbd19fd51d4131286f30b86398113c5e:0:0,c0f177518594b8db6d227d7b1bf4be18:0:0,2949bb1f192d90529e0969d78b41f2c6:0:0,31ea37fc1c1435e88eddbb13ebe5568f:0:914092920,005593b1f2315aa5f6ac44d87c5a412b:1:4143568745,1.0
1919,2,1919,1,legacy,0.0003,0.0,3.8276954716200926,18.35905369390991,0.01119526382535696,0.054296875,-0.0027333066798746588,0.0009797926410101353,-0.0019849990494549274,0.044516272842884064,242,49,221,0,0,0,0,0,0,512,5,0,512,2,0,270,0,0,242,5,0,,0.13469209999311715,1ad54d59beae159fe66342c96fce585e:0:0,6bc54b7765ce364f72cd8098178e04ea:0:0,dacab43774d067a2556b127fc0dbc7a9:0:0,13e5a2168c17c81f6c25ee5e8b7f628f:0:133956804,c3961f6fabbde8e8806e5417887547f7:1:1266164680,1.0
1920,2,1920,1,legacy,0.0003,0.0,3.7941975810505406,18.69314043336068,0.005864768289029598,0.0462890625,-0.001228485838510096,0.0013839803112205118,-0.0005506784655153751,0.05272906273603439,246,59,207,0,0,0,0,0,0,512,3,0,512,6,0,266,0,0,246,3,0,,0.1145434930222109,bfdfcf40d0448d299301bd7359cb745e:0:0,083eed19a78ccee5974a0d11d2c072cb:0:0,6ee815148b36352d02c519b2af26730f:0:0,851044627c485d41ee9b94e67e596e8f:0:17340903,a3e47e23f0a27c5672362fa7e8992d4d:0:2216180561,1.0
1921,2,1921,1,legacy,0.0003,0.0,3.80775256085537,17.381803807154437,0.02562166191637516,0.0501953125,-0.0036158312112092974,0.0012003663810901343,0.005649195984005928,0.049545977264642715,254,52,206,0,0,0,0,0,0,512,7,0,512,7,0,258,0,0,254,7,0,,0.10945507197175175,ebc1a0ce17d3f224e9af04fd5608905e:0:0,0cf9c97d426deb7844b78b03983607a8:0:0,068e9a72f2f4b56ce0f217d0bbe3ca49:0:0,e1e68e288945b14285ef7637c4737a8f:0:167255885,984875f564591e2d2e71e3d03f87875a:0:2507111013,1.0
1922,2,1922,1,legacy,0.0003,0.0,3.795021134321379,15.24018095970403,0.027593491598963737,0.1591796875,-0.00784090142697096,0.0008877316635334864,0.003599500982090831,0.04278358444571495,278,42,192,0,0,0,0,0,0,512,5,0,512,8,0,234,0,0,278,5,0,,0.11098823300562799,c00348251d3d545e71a836036485ac5e:0:0,2b90c3e5ad4f89dbd9667a0be6829953:0:0,c1a53df38a2cb0e6aa67341cbeada00a:0:0,bd83bc7ee5beacb7becd99de5dcd868f:0:1262579942,f03c70711519b0f28ccc527ec79e2d8b:1:3473023229,1.0
1923,2,1923,1,legacy,0.0003,0.0,3.7931228915947264,17.582260337909773,0.010405920445919037,0.0611328125,0.0003270705288741738,0.001080226371414028,0.0006731842877343297,0.046877313405275345,263,57,192,0,0,0,0,0,0,512,8,0,512,7,0,249,0,0,263,8,0,,0.11690675199497491,b720cdd56343967be0c4ad218542c85e:0:0,6802c8d4fbdad07be0dd367766b59caf:0:0,48a32a3b0f7109c032a1d8c205481d88:0:0,4d1caae35ed8d6014edd47664a67928f:0:3901866104,358cd7f3b6372631428866f653ce3262:1:2728114213,1.0
1924,2,1924,1,legacy,0.0003,0.0,3.7216905043732966,17.15342680437695,0.02122161164879799,0.1345703125,-0.0020227950299158692,0.0009894105285638943,0.00022087921388447285,0.044601332396268845,264,49,199,0,0,0,0,0,0,512,7,0,512,8,0,248,0,0,264,7,0,,0.11946939199697226,4a1c105843d5ada8377606f3b83fe45e:0:0,7e21d03ddcf3f9af0bb328b056e17d38:0:0,766a449d7ed1639c68d0dc0314d5781e:0:0,0ef5cb13df7165ad20c1065b8a419e8f:0:1170643369,8835f5f9f8f5cf799ca39319b6115eb9:0:330900592,1.0
1925,2,1925,1,legacy,0.0003,0.0,3.6867918697971556,19.620822076039126,0.005816196091473103,0.0541015625,-0.0037978424690663813,0.0012338440399616956,0.0006099440506659448,0.049606241285800934,237,57,218,0,0,0,0,0,0,512,5,0,512,8,0,275,0,0,237,5,0,,0.1203356150072068,c858c2a5db6f037fdcc82015fd7d005e:0:0,d9849b3a09c65805e43a74fbf4be2f0e:0:0,51e632375f61adacfe3fa2d45639b233:0:0,177e229c24c3fe1c60169e4a1d5baa8f:0:2612741606,2db8b122b067d29ca3bf489401efe133:0:1978777855,1.0
1926,2,1926,1,legacy,0.0003,0.0,3.861729120993999,17.648044065558334,0.0049011558294296265,0.0599609375,-0.006604101369157433,0.0011740111251128838,-0.004886454902589321,0.04913698136806488,257,57,198,0,0,0,0,0,0,512,7,0,512,4,0,255,0,0,257,7,0,,0.13258046808186918,357c7fb0af29fa3cba61152454fa1c5e:0:0,6df2d6473df3c129aed2a4048b2d308b:0:0,665b2cfa2ade44102b1bc80c168aa1a9:0:0,8f5d3fda97030668857716be03b5b68f:0:2459358748,662fb908abfb41ab3bb73cbb1f48eaa9:1:1507164462,1.0
1927,2,1927,1,legacy,0.0003,0.0,3.821591614995829,16.04494607967097,0.007773122750222683,0.07265625,-0.003630728833377361,0.0008996871998533607,0.0011650116648525,0.04245592653751373,273,39,200,0,0,0,0,0,0,512,1,0,512,9,0,239,0,0,273,1,0,,0.10627019102685153,38b01341f9209322588142babeb7385e:0:0,13fa2bee1ca994fbe9b721ddf8e50777:0:0,79ced058b16660effdd90c66ee12c01d:0:0,24d63789786da8886276b7433d4fc28f:0:61034560,45ff972ac40205f107e0407c8ab7d895:1:4004651279,1.0
1928,2,1928,1,legacy,0.0003,0.0,3.6867356269678675,16.9235195650393,0.0033311317674815655,0.0240234375,0.000665284926071763,0.0008431077701970934,0.0014737618621438742,0.04175766557455063,262,47,203,0,0,0,0,0,0,512,5,0,512,11,0,250,0,0,262,5,0,,0.11189940897747874,eb5ceb5ac6b73729fa0345753ab4545e:0:0,528c963ca1b32103769c1c03c1b94205:0:0,3156c845fbd2029ea1c7e9da8377dde5:0:0,7525e724dd6f72b52da50765ca29ce8f:0:3124093394,9c1c2b0f97fa5ef406661dff009e2ffb:0:3777939682,1.0
1929,2,1929,1,legacy,0.0003,0.0,3.7029514049598045,17.671795941454846,0.009402230381965637,0.062109375,-0.00037583175580948593,0.0008005630894331262,0.0012693298049271107,0.04006396606564522,255,58,199,0,0,0,0,0,0,512,5,0,512,3,0,257,0,0,255,5,0,,0.10707307804841548,d59a93e8546da1eeb85bf9efc8f1705e:0:0,41373c11d9dde5ebfe0783311ca9f76b:0:0,10b586c94a855451137bdf83bd3d2c67:0:0,b2b6efd120559c0f8e8cceb1aa43da8f:0:369664356,13478338b60407f672aa21461ce8cff2:0:1176427047,1.0
1930,2,1930,1,legacy,0.0003,0.0,3.785517314704528,17.706235691189764,0.010108218528330326,0.07421875,-0.01110203335992992,0.0009829560382058843,-0.0021720698568969965,0.04472441226243973,253,54,205,0,0,0,0,0,0,512,5,0,512,2,0,259,0,0,253,5,0,,0.11873917595949024,d634294452d1eed99f9a7cc6696e8c5e:0:0,58779f307f670f1911701be5260aa8bf:0:0,c422114205861b5265ce1bae56ba1aa7:0:0,fe6a20b0c325ec84a9b414b2dd9de68f:0:2948360196,21bcf5ca5f5133ba86c265a8e4e49606:0:3165093520,1.0
1931,2,1931,1,legacy,0.0003,0.0,3.646512429927472,20.065407615252905,0.011301693506538868,0.0583984375,-0.004937727004289627,0.0012545904086437077,0.0028696395456790924,0.050999924540519714,236,62,214,0,0,0,0,0,0,512,2,0,512,6,0,276,0,0,236,2,0,,0.11643058899790049,45bcd4a40031c88dca682a951c2ba85e:0:0,38cf2bac4aeac31880e351bfa504b4e3:0:0,a7b04c553ab051eaf2ea928132d9e407:0:0,000656e3f22347f32c9c20f56437f28f:0:748320278,11f3f610a7da30d30b8b9d69cfb2425f:0:3248981687,1.0
1932,2,1932,1,legacy,0.0003,0.0,3.8234731143668825,16.87368507326692,0.01236858032643795,0.07734375,-0.0017510448582470418,0.000760294048814103,0.0006528759840875864,0.038920994848012924,265,46,201,0,0,0,0,0,0,512,4,0,512,4,0,247,0,0,265,4,0,,0.11285428004339337,89d4a84342a5ba947e089ff7e128c45e:0:0,30f5aac22e50512e7079e65ec1bd1b3d:0:0,107256df97e498ff9da6f2b80206130c:0:0,376734b7198bdc9059c17b053e11fe8f:0:284914994,dbf0c7f8b25e66210ed4ce0abab6eb96:1:2418526243,1.0
1933,2,1933,1,legacy,0.0003,0.0,3.6897763513858113,17.523804988095648,0.005417421460151672,0.0435546875,-0.008017028844915331,0.0011144793388666585,0.0006168318795971572,0.04740188643336296,267,59,186,0,0,0,0,0,0,512,4,0,512,3,0,245,0,0,267,4,0,,0.11208393191918731,b9c48fc32e12a5494659b98ab865e05e:0:0,9abece48befef41d1ccf0b7cf6b48d59:0:0,a4bf1bb0f6d77e8fc5d2583ffc02d0aa:0:0,387678d1411cf48d149bea6e6b2c0a8f:0:4161319862,8a3d5c01e2f15e1db30e4a45260b49d6:1:826181106,1.0
1934,2,1934,1,legacy,0.0003,0.0,3.8191158871022473,18.83726691264429,0.029931392520666122,0.096875,-0.005335198435932398,0.0011115921253804118,-0.003695674706250429,0.04717494547367096,253,49,210,0,0,0,0,0,0,512,3,0,512,4,0,259,0,0,253,3,0,,0.11536758299916983,1a3883dda1bd540611d393e9a1e2fc5e:0:0,de3e64388f3c74544dbcf16e8e12e7bb:0:0,b87967b7e4ebca9aff552395e62f6ef9:0:0,7aa0317e1fe86afaed9e76bceb86168f:0:3518624214,00a8d7ec9ec06efd0b124a0058a67ec3:0:196779500,1.0
1935,2,1935,1,legacy,0.0003,0.0,3.706623601015759,18.259275171706758,0.004102883394807577,0.0453125,-0.0032155555905774235,0.001021642202977091,0.0006794144865125418,0.04542221873998642,256,56,200,0,0,0,0,0,0,512,3,0,512,5,0,256,0,0,256,3,0,,0.14280293602496386,455ac739e90c358f4d888bb09da0185e:0:0,1ce7b37a074ef86813741c977f3621ac:0:0,2b0f7b3ea8090546453e84dbf142548e:0:0,8c86877b1b07c3f12e37677cbf20228f:0:4102356015,108618f441ba73c259aecbf38a0b9ee0:0:613584176,1.0
1936,2,1936,1,legacy,0.0003,0.0,3.708832091929065,17.573497712677288,0.01631895825266838,0.094921875,0.0045495070051401855,0.0009578890836564824,0.00624221982434392,0.04398113116621971,267,57,188,0,0,0,0,0,0,512,3,0,512,8,0,245,0,0,267,3,0,,0.11048932606354356,0129a4d88b1336c001253d7bab9d345e:0:0,9718637428f042df8295cefe11a7186f:0:0,fb89ec98637c12bc567056e9dd83babd:0:0,497e66f9a1b8e7f1e4d04439e5fa2e8f:0:2992614251,0bf0565832b15e06cfa8a99a86352e84:1:2971025392,1.0
1937,2,1937,1,legacy,0.0003,0.0,3.7088112477427946,17.430189325186006,0.00529051199555397,0.0857421875,0.004676190472673624,0.0010731530317571014,-0.0033047618344426155,0.04673288017511368,266,46,200,0,0,0,0,0,0,512,5,0,512,10,0,246,0,0,266,5,0,,0.11862977407872677,41d2f736b485bf75eaf085e6cbda505e:0:0,9bda8e1df4f2f147c8f01199db3cdc90:0:0,6c0f762fce1995d5c95ec941f851f0e9:0:0,1312e4d49970828ef0cdd48060143a8f:0:507376389,6660b2c7c49c373c5e321cae0a1c433f:1:1077543324,1.0
1938,2,1938,1,legacy,0.0003,0.0,3.8881676866747394,16.694688680492998,0.015769995748996735,0.07265625,-0.0003230575006455183,0.0009599399025319144,-0.0015123370103538036,0.04400407522916794,267,53,192,0,0,0,0,0,0,512,6,0,512,7,0,245,0,0,267,6,0,,0.10980054503306746,d36da9f3e7aad1bd9bcb818dfe576c5e:0:0,39be424c7cf4c577687b8bf8def2c8ef:0:0,45116e0a5f08358d1ca59b5bbc216931:0:0,00b1e141cc6e044f0e901fdc2d6e468f:0:237108893,9780ae65dfc622ea7e15fc2e179d936b:1:1581440396,1.0
1939,2,1939,1,legacy,0.0003,0.0,3.7073661134067604,17.947315791775488,0.011628414504230022,0.074609375,0.000603767135180533,0.0009764997172169388,-0.0007558384677395225,0.04457307606935501,250,51,211,0,0,0,0,0,0,512,3,0,512,2,0,262,0,0,250,3,0,,0.11109176895115525,d7d16e6eddef4b3e93318d0d4314885e:0:0,5f4c49f994e133d46b91f0a61ab9eb10:0:0,10a9817863cbf22d040cd2329c40648f:0:0,65f918938d5d47d2e3726dd94e08528f:0:2861215427,f21bff5818b06d93269d443ceba27f28:0:1215018575,1.0
1940,2,1940,1,legacy,0.0003,0.0,3.6590465324866157,18.118816685644656,0.004373930860310793,0.0302734375,-0.0006175937596708536,0.0008120260026771575,0.002488731872290373,0.040458571165800095,256,48,208,0,0,0,0,0,0,512,3,0,512,8,0,256,0,0,256,3,0,,0.11124354600906372,dccffe78c6b248e75b3845009a11a45e:0:0,b7ec13178ede7a1a4157823e0ab910bc:0:0,4fa9b6d3947509301933163c9d0d3fc9:0:0,f01f8dea0291da3a09cb4603c1e25e8f:0:2639052444,10e93ae057d54dc587358de7b960a6d7:0:696109936,1.0
1941,2,1941,1,legacy,0.0003,0.0,3.739021871882105,17.926857478072744,0.009648693725466728,0.112109375,-0.006039523216895759,0.0009001583093777299,-0.006623372435569763,0.04291442036628723,259,49,204,0,0,0,0,0,0,512,4,0,512,9,0,253,0,0,259,4,0,,0.11041862308047712,fef186e84ee7acd9a48f8604034ec05e:0:0,8372593e5a4b0a683962e57fe1c00583:0:0,4a3a8d6ceef4f4b6153c96c59181cea0:0:0,dfec02fecb67e6c81cec6fe788fc6a8f:0:14299783,e950b5dc86d1e703f3e58aff371b0777:1:2907687148,1.0
1942,2,1942,1,legacy,0.0003,0.0,3.641561264977276,18.46368108097871,0.007124302443116903,0.0796875,-0.006923339981585741,0.0008638335624709725,0.002690629567950964,0.04199211299419403,253,58,201,0,0,0,0,0,0,512,8,0,512,6,0,259,0,0,253,8,0,,0.11688689899165183,874f2e801d2cc69662816cb37ecbdc5e:0:0,ec6f40bf7ebc19207a424892e4d4df71:0:0,8402866883b7e4ff0e7f7c490baa216c:0:0,82ce0380f256c5c9c522f310a356768f:0:1359000390,43de7cfc1a47a17850ff844763811eb7:0:3218019105,1.0
1943,2,1943,1,legacy,0.0003,0.0,3.8018321955027785,17.16081518326802,0.012746152468025684,0.102734375,-0.008387297904118896,0.0008109082205919549,0.0038808246608823538,0.04041758552193642,260,48,204,0,0,0,0,0,0,512,10,0,512,6,0,252,0,0,260,10,0,,0.12044776801485568,ea7b2446adeb1d69e6f255ab0c88f85e:0:0,e733634ba392e81feaf85aaff912a423:0:0,cf36de49baa72c3c2eb5d89be43d9920:0:0,f643e9c25e412eb9c3b7170b10f0828f:0:2947020362,43d8511070619372f9b5bb7fc60c24ee:0:3080501869,1.0
1944,2,1944,1,legacy,0.0003,0.0,3.9158538854383322,16.183436608587122,0.005635005887597799,0.0796875,-0.003271485143341124,0.0008603861089795828,-0.0021555284038186073,0.04171779379248619,270,47,195,0,0,0,0,0,0,512,4,0,512,6,0,242,0,0,270,4,0,,0.12774615397211164,34d53317bb255d17fe60dd86ac86145e:0:0,982088b163a45146d4c24a339c0c5a8f:0:0,f37ef1b081832b6cbee95a1770b56843:0:0,67fd2dc3358f0da5feec6362d1ca8e8f:0:583112012,d7c2910c913bc4be30548e826cd1e228:0:2969335791,1.0
1945,2,1945,1,legacy,0.0003,0.0,3.8129441872496566,19.238398604200558,0.0033330456353724003,0.07265625,-0.003275630483403802,0.0013480388326570392,0.0006062370957806706,0.051871802657842636,236,54,222,0,0,0,0,0,0,512,2,0,512,9,0,276,0,0,236,2,0,,0.119165018084459,f87586e19b8a64c80be5e0e25ec3305e:0:0,644d5bf0186698179dac4174b406f460:0:0,93930c20bfbaa6b21bd1e554d7443dcc:0:0,5e5d46f2e59cfbd48e019fa3e5e49a8f:0:4039292832,07597e2e3f3ea0148b9accc09d25a0f9:0:3328301431,1.0
1946,2,1946,1,legacy,0.0003,0.0,3.786309492191352,20.030735777530964,0.02186834253370762,0.126171875,-0.00479332054965198,0.0011863442836329342,-0.0006214652094058692,0.04861138388514519,236,61,215,0,0,0,0,0,0,512,4,0,512,11,0,276,0,0,236,4,0,,0.12156057800166309,ec3d1aab446a783125347c5a23404c5e:0:0,26ae479c79d6fbfc53d468e2b2aca201:0:0,c1635bcb3cd38e323a81de56b045d882:0:0,13686c49c10d5ba8c530d35a4d3ea68f:0:2103806961,8b8293e84ee3bd07c21c4b1d8772328d:1:1919181794,1.0
1947,2,1947,1,legacy,0.0003,0.0,3.8060806384464083,17.495694409840823,0.004371729213744402,0.03515625,-0.003842836385592818,0.001052886646357365,-0.0008563335286453366,0.045974258333444595,268,56,188,0,0,0,0,0,0,512,8,0,512,7,0,244,0,0,268,8,0,,0.12086404103320092,ccdc2d29da2a93062e9a0c89f9fd685e:0:0,4f8e2b9243e10f662f8218e9611887aa:0:0,e24dfc35d7ea0a74de9b8b95423a643e:0:0,82f88da9678717c841af461207d8b28f:0:1616880967,f11be6e83b71204175557a05b5605985:1:1156173528,1.0
1948,2,1948,1,legacy,0.0003,0.0,3.7392232919148327,17.663495621289616,0.0035529432352632284,0.051171875,-0.004590901941992342,0.0009222503751516343,-0.0012174975126981735,0.043274182826280594,265,55,192,0,0,0,0,0,0,512,5,0,512,2,0,247,0,0,265,5,0,,0.11946880293544382,e9fb1c56fad1dea1f6fe2e0de2fa845e:0:0,45f55d4314e6647e212452b71fb53927:0:0,8869b487453d79ee2c7bc0db4ed2c09b:0:0,6f9dfcbd696e057ff5ad7f5715b2be8f:0:2610396691,c76b7c65eb3c52086bc022e80716742e:0:2940663317,1.0
1949,2,1949,1,legacy,0.0003,0.0,3.751432018276189,17.724420402125872,0.003184068016707897,0.1044921875,0.0024826731998473404,0.0008927895629312843,0.004552812315523624,0.04327975958585739,270,41,201,0,0,0,0,0,0,512,6,0,512,5,0,242,0,0,270,6,0,,0.16770775592885911,4d6927232e4d49f353e2bd81de37a05e:0:0,bc14750d134a7c4dd0743bfb83f7a924:0:0,9a60661abd12398d7ba2ee115517e06d:0:0,430462e0da20ea69345746b576ccca8f:0:551974739,2f7e67e5ad2c24ccb49dd8722e593900:1:3113450615,1.0
1950,2,1950,1,legacy,0.0003,0.0,3.7185649506648737,18.521241269852972,0.00858239270746708,0.0677734375,-0.0024353684391826393,0.0010313824284821748,-0.0029913713224232197,0.04534073546528816,246,51,215,0,0,0,0,0,0,512,4,0,512,4,0,266,0,0,246,4,0,,0.13238780002575368,ca86cf0a280543a93d63d781ebb4bc5e:0:0,5174f76ee2418f57f2212db995bfd83d:0:0,5fe8149b28ccd6ab666c21fc7c5ac66a:0:0,4259d4d8c349254ebdd3a3b92b26d68f:0:4089577354,277724a1343b049fa7d77fba5be76043:1:1849708589,1.0
1951,2,1951,1,legacy,0.0003,0.0,3.8298223569553738,17.24026085970587,0.01376997958868742,0.1068359375,-0.004032290214672685,0.0010109289723914117,0.0010146687272936106,0.04517127573490143,254,40,218,0,0,0,0,0,0,512,5,0,512,4,0,258,0,0,254,5,0,,0.1254429629771039,b34ee9f8c561969eea37d8aa0b71d85e:0:0,1931a24165e0ccbceeb104edcc56767f:0:0,46d92266634f257d8f7141f0be89a34a:0:0,084b147eabc7fa51cb44ddee32c0e28f:0:2965631588,fb6cb812e6e2e5c6c02d559dcf627c94:0:3976705596,1.0
1952,2,1952,1,legacy,0.0003,0.0,3.8971072500612602,18.79932266224511,0.007252232637256384,0.071484375,-0.001930069364607334,0.00110728697036393,0.0012008468620479107,0.04694733768701553,255,51,206,0,0,0,0,0,0,512,3,0,512,4,0,257,0,0,255,3,0,,0.15126375597901642,a0a9e79ef4d76887ebaf5d963d6ef45e:0:0,5d9e0e890a8fd9c6f6f404e42852bab2:0:0,ed475467ed012133b63520a80ef9054b:0:0,87ed5bc1a4cd824f1ac87ce08d9aee8f:0:2494281312,605e36c5443d005553d257e3be5e4fb3:0:1666180659,1.0
1953,2,1953,1,legacy,0.0003,0.0,3.859196538511327,16.51237584121925,0.006745428778231144,0.0546875,-0.0020945235854014756,0.0009517004218650982,0.006875976454466581,0.04434303194284439,266,45,201,0,0,0,0,0,0,512,2,0,512,4,0,246,0,0,266,2,0,,0.12456599401775748,df5a5bf1f11d5adc49b542e281ac105e:0:0,d9b1ce48c5f1deeb97d12322b34ab6fd:0:0,a6dcf5db2cdf88afb8dc347c93e73047:0:0,f9a363af8fa53d83fb77481c3bb4fa8f:0:189837006,94ba0d5a403ecce0b495cb0c656357d7:1:2972380377,1.0
1954,2,1954,1,legacy,0.0003,0.0,3.791704796945,19.047680847040226,0.00915378239005804,0.0587890625,-0.0037622645031660795,0.0011159627756569535,-0.005159065127372742,0.04774608090519905,243,54,215,0,0,0,0,0,0,512,7,0,512,5,0,269,0,0,243,7,0,,0.11920259892940521,dc108b4d7c21ce049ecea52ad8292c5e:0:0,609e7411b3e26cf63c68981680c39ec7:0:0,a170ba07393d75c3ed11090c264959cb:0:0,eff0bd838ec449735965472d3d0f068f:0:3535754710,a1dce465ee839c44f660df6812d8fe76:1:234642274,1.0
1955,2,1955,1,legacy,0.0003,0.0,3.810781861499854,18.90116740305003,0.0024386001750826836,0.10546875,-0.003052763920277357,0.0011064998776419087,-0.00028128278790973127,0.047232210636138916,256,47,209,0,0,0,0,0,0,512,7,0,512,3,0,256,0,0,256,7,0,,0.14032748097088188,8a4c7b4d055f46c6341ae10b40e6485e:0:0,a0674ad9ba96e971d5d077d76b9f5c4a:0:0,10151709f64b6e32380dd97ca0b633ae:0:0,61840301d4a53a0ac9a1c19f91a9128f:0:203982248,e5ec3ab9ab4f1d25494ae6062bdeaefd:1:1399742400,1.0
1956,2,1956,1,legacy,0.0003,0.0,3.815403552058218,18.87929648576918,0.040319569408893585,0.123046875,-0.0049847576301544905,0.0009236464480636642,0.006528023164719343,0.04334435611963272,255,53,204,0,0,0,0,0,0,512,4,0,512,4,0,257,0,0,255,4,0,,0.1373552270233631,6ceaee1fe72af5ef1d53931fbbe3645e:0:0,9de0967cdaddbfbfac1d71ab04b19f47:0:0,b1fe3b3424f4677d1825d43fffe2e9d5:0:0,aac5deb442fd960796373eff39831e8f:0:316596130,8e07e2b22d73d655670440518aa92c62:0:1962630982,1.0
1957,2,1957,1,legacy,0.0003,0.0,3.9123167178516027,16.555806231422785,0.004014329984784126,0.0958984375,-0.005010576150380075,0.0008997514421935193,0.0034620659425854683,0.04310174286365509,277,46,189,0,0,0,0,0,0,512,2,0,512,3,0,235,0,0,277,2,0,,0.14915214199572802,cec9acc62699624254cc98044920805e:0:0,1885bb6fb297fa9a1744a36b7ca41470:0:0,33cf4e533f2a56cd194f9d06465ab0d7:0:0,573073e68cd8f69bca2b86d8349d2a8f:0:786474216,51a08def39e517eb5ead2ac53d8e7919:0:3069124848,1.0
1958,2,1958,1,legacy,0.0003,0.0,3.8258150008497047,17.292351601207457,0.012521728873252869,0.0775390625,-0.0015751996543258429,0.0010204411257291213,-0.0032497344072908163,0.04513796791434288,268,46,198,0,0,0,0,0,0,512,0,0,512,4,0,244,0,0,268,0,0,,0.10912929708138108,101a9f4d619534a3d7740c54e89d9c5e:0:0,6709921ed49fd44c260748632ab0f2f9:0:0,4dfa9c64d7f66cc80c60e68473ce5d5f:0:0,dcd8418bce25ca533d7fa0b682f7368f:0:1338145433,af08a3e584ae0e155b8336f0905541d8:0:2728566633,1.0
1959,2,1959,1,legacy,0.0003,0.0,3.8196651174145906,17.334337284932232,0.004512125626206398,0.0337890625,-0.000535468861926347,0.0007831099588656798,0.0015355092473328114,0.040337931364774704,254,40,218,0,0,0,0,0,0,512,5,0,512,6,0,258,0,0,254,5,0,,0.10762329795397818,e40368cfd6c42684c0d24cad9a5ab85e:0:0,3778026556c76a336c923cd6e4ea289a:0:0,6475a41ca83a6beda58f5aaf4b175109:0:0,4e253a82cb3fbb38a12fd4262491428f:0:3744923105,e5677e6fa398e3c224c6b95dfdf0f0fc:1:3504576815,1.0
1960,2,1960,1,legacy,0.0003,0.0,3.80159839141551,16.76004318763933,0.012075014412403107,0.082421875,-0.005530843557789922,0.001063185019302182,0.0006088912487030029,0.047034911811351776,269,52,191,0,0,0,0,0,0,512,4,0,512,4,0,243,0,0,269,4,0,,0.10706565098371357,24488fa1b2d6128f6709f5aa5e57d45e:0:0,07de0d2f5875acba5b695428ef6677cc:0:0,23d747dbd8ee1e4ce5223e1e449cd612:0:0,520078f94b03b83a8b33a8b3196b4e8f:0:2406178195,1aad37b01bdc4b7a9fcf210a897bbf71:0:773163098,1.0
1961,2,1961,1,legacy,0.0003,0.0,3.927497880629924,19.543453001257838,0.014798314310610294,0.09453125,0.0005105935968458652,0.0014284632285125553,-0.021329162642359734,0.06222013756632805,251,52,209,0,0,0,0,0,0,512,4,0,512,7,0,261,0,0,251,4,0,,0.1064922590740025,b03fa8c30eda279376d7e3e73494f05e:0:0,4aa18d691e3be5c4cd70f2f84e58d1dc:0:0,c985a68668432cbbc914201332dce989:0:0,64f0a9fa3df9a1d0827de5e961855a8f:0:1048424435,1e8af1926450858c2fba29d31b755126:1:1415733680,1.0
1962,2,1962,1,legacy,0.0003,0.0,3.609873137746875,17.62266462975619,0.0038394401781260967,0.0611328125,-0.008869091840460896,0.0012340570043306797,0.010595717467367649,0.050167668610811234,264,47,201,0,0,0,0,0,0,512,9,0,512,5,0,248,0,0,264,9,0,,0.10965472599491477,d35b88574b363db20f9334001d120c5e:0:0,ba87bbf9465cab9f3347519a46bd39cd:0:0,a7ee9791c166a2a7f933934615dbd60e:0:0,7105117da51f99e00afc9354fcdf668f:0:2618291959,657c18f0968cbf1380eccb2cee63f94a:1:2007182578,1.0
1963,2,1963,1,legacy,0.0003,0.0,3.603052368868653,18.728968032735672,0.004401532467454672,0.078125,-0.005325398151762783,0.0010944442212348804,0.002209082944318652,0.04704372584819794,249,57,206,0,0,0,0,0,0,512,5,0,512,3,0,263,0,0,249,5,0,,0.1230738729937002,20981f8cb2dc4dc9df2d429117cf285e:0:0,20e5073542c8e47712ce5cacdd88fff0:0:0,5fa4723cf758df3501db9ca273de987c:0:0,2244d69c6ae2f6e1b198f881eb79728f:0:1855183918,e0e1c3c08633b9dd46c0f873d79c298b:1:557560657,1.0
1964,2,1964,1,legacy,0.0003,0.0,3.883357448124717,18.64371449429223,0.006074367091059685,0.0970703125,-0.003330648224800825,0.0008691728580743074,-0.001695140264928341,0.04185754060745239,252,45,215,0,0,0,0,0,0,512,6,0,512,3,0,260,0,0,252,6,0,,0.10745807306375355,bd197309925a0b233e31ac3624cc445e:0:0,28fbe61c48a785929efd4ef09676ee4d:0:0,d3181083d4056673b29d2a381c62246f:0:0,f4de22d5a0d2da4618379cfc2d537e8f:0:1733161292,ebf687bb89fd9c3cb8313a3a40c90433:1:4058996850,1.0
1965,2,1965,1,legacy,0.0003,0.0,3.786496503766301,17.283832223304827,0.004219383001327515,0.03828125,-0.0014238920528441667,0.0013223629095591605,0.0005106307216919959,0.05161698907613754,262,50,200,0,0,0,0,0,0,512,4,0,512,6,0,250,0,0,262,4,0,,0.10575146600604057,efb9f39e2e5e9f5c4bc64d8b4409605e:0:0,1fa3ddd2dc4d136db6ad4e832a21d82f:0:0,4fd75d6c3ce3b769f3c26b8e7a5f8f73:0:0,c4c6869dd4986a1b01b8484fc26d8a8f:0:1734937466,63233e8cb983694ab71ca3ea9826f824:0:2777771732,1.0
1966,2,1966,1,legacy,0.0003,0.0,3.82631882900741,17.04357442807487,0.002497826237231493,0.041796875,-0.0022321070078760385,0.0011057380703277885,-0.0016341297887265682,0.04762313887476921,267,48,197,0,0,0,0,0,0,512,5,0,512,5,0,245,0,0,267,5,0,,0.11090683296788484,a7487da54552889509ab432c75867c5e:0:0,13c200fe5faf536c9ed9a6c08d8cc3ed:0:0,b14efff67bf8cb042a0ed8b85c03143c:0:0,972408bc6ec0adf05df60208aac7968f:0:2787129819,2c16ac4ff0890311fdb7d97d5a8d9598:0:3510252590,1.0
1967,2,1967,1,legacy,0.0003,0.0,3.833974235908715,17.139039104097662,0.010563710704445839,0.087890625,-0.006234810873866081,0.001186289035831578,-0.0028539057821035385,0.04870454967021942,269,50,193,0,0,0,0,0,0,512,2,0,512,3,0,243,0,0,269,2,0,,0.10432035697158426,b8155a27079d99db783ae9b5b943985e:0:0,3a5c589bac75477c317d10abb81366b2:0:0,ebdc3acfd7a3ea64655105e8d75eb9ee:0:0,5fec45464de40efd55c711b2e661a28f:0:190374932,145602ec076cfc39c39382e68ed2a829:0:2260610048,1.0
1968,2,1968,1,legacy,0.0003,0.0,3.7909222202622055,18.016654857265422,0.004598104860633612,0.035546875,-0.0040733999572694305,0.001204502786276862,0.012314804829657078,0.04935607314109802,255,51,206,0,0,0,0,0,0,512,5,0,512,2,0,257,0,0,255,5,0,,0.10614440008066595,0567cf7cb2371dd7b269ddc30f40b45e:0:0,bb2bf3ff516e8e9ab63520f781833a87:0:0,6d8f910a0169a640aa61986488e7d4b4:0:0,9ced0c5010b77b8556fcfeda753bae8f:0:348854698,4ad8933ad5c9408826c5b8d5d8cffb96:0:2932316935,1.0
1969,2,1969,1,legacy,0.0003,0.0,3.663491504157788,19.19877279091193,0.005205756053328514,0.048828125,-0.0017276716651394963,0.001222004508599639,-0.0003156659658998251,0.04967448487877846,245,62,205,0,0,0,0,0,0,512,3,0,512,3,0,267,0,0,245,3,0,,0.10812307195737958,d6cb1ddd371c1bb809c6fbf0777dd05e:0:0,76ecde8e1f6d9dc352384e0a696b8b23:0:0,0d33850ef5cad53f86cf8ea58f5272aa:0:0,b62807bdc1932d7d2064910b5755ba8f:0:3048519220,d8982b5ea2993c3ae42695aceb7462ba:0:4210805031,1.0
1970,2,1970,1,legacy,0.0003,0.0,3.770729309889872,18.707394168784884,0.008369914256036282,0.079296875,-0.00738763443659991,0.001282862320658751,-0.0018400793196633458,0.05060281231999397,247,51,214,0,0,0,0,0,0,512,6,0,512,2,0,265,0,0,247,6,0,,0.12104733800515532,6e122ee59f47be5d227b60d9f1faec5e:0:0,7c48f342f43d87f288af988d64ae2af1:0:0,489d83734d4467c201ec6cf9cb419800:0:0,1d5112e0d5fb146fcdc5cfd18cafc68f:0:3248564666,acb8e0d54b4b48e617229dd8785f56a0:1:2712035971,1.0
1971,2,1971,1,legacy,0.0003,0.0,3.76847027323785,17.076768417293444,0.00845800619572401,0.0390625,-0.0017424928257241846,0.0009743372793309391,-0.001180822728201747,0.044549521058797836,255,45,212,0,0,0,0,0,0,512,4,0,512,7,0,257,0,0,255,4,0,,0.11224758601747453,c3bcc5da11c9ddc60f4a691b7eb8085e:0:0,c34bebe80f5d23f01968276e250653a3:0:0,7a625a0f9da11352ddd0f159fac3b539:0:0,16951de0b4b4e2a3e3e402b91549d28f:0:1739294970,37dd6952a31d451e7f6f1963cf919eb1:0:3715777939,1.0
1972,2,1972,1,legacy,0.0003,0.0,3.827509336762386,17.65177131521274,0.008048148825764656,0.0630859375,-0.002196831442415714,0.000980677260668017,0.0017154421657323837,0.04434727132320404,264,50,198,0,0,0,0,0,0,512,10,0,512,2,0,248,0,0,264,10,0,,0.1072138890158385,4e4fa106ab97aabc6d91b1511db5245e:0:0,50aa9fcccef0294edf793a9b262a1426:0:0,779ab33427bd0a680728b6d059d97a04:0:0,ded5b23534f7bd805c7db14df123de8f:0:1342632331,1db1b4f200f1af1b463d8c119381e908:0:649533553,1.0
1973,2,1973,1,legacy,0.0003,0.0,3.617004543184523,17.8055862887651,0.013949787244200706,0.0689453125,-0.0030360134318470956,0.0011504154856083915,-0.005168368574231863,0.047959767282009125,269,52,191,0,0,0,0,0,0,512,9,0,512,11,0,243,0,0,269,9,0,,0.10916318802628666,1872bb5193b27cc081491616cef2405e:0:0,a40fa0405ed0f734d7e9f6f0d53707d7:0:0,f96710d06cb4ac43c77937f9454f4e60:0:0,7a7b74c5c9419131b24ca31c203dea8f:0:2784095995,8643438239e4ce61b43641e996856129:0:3618690980,1.0
1974,2,1974,1,legacy,0.0003,0.0,3.664969915629808,19.716599943741198,0.0054989103227853775,0.055859375,-0.0014880260452628136,0.0012097997620003297,0.0035225527826696634,0.049675002694129944,230,51,231,0,0,0,0,0,0,512,8,0,512,6,0,282,0,0,230,8,0,,0.10651540302205831,5b85b7b9f740c2355102b408926f5c5e:0:0,25509210c849ff01cde6f9d3775bbc07:0:0,0311a7e69a1110a873b99e6f9f1cdc72:0:0,cf28558b485e078eed05dfafa297f68f:0:2974063961,6bc347b09a2e9c6418e57cef09f7e1e4:0:4133445660,1.0
1975,2,1975,1,legacy,0.0003,0.0,3.6939637253038233,17.631471158400736,0.011988164857029915,0.1140625,-0.007693051686510443,0.0011504736583447083,-0.000951513007748872,0.04799605533480644,262,56,194,0,0,0,0,0,0,512,3,0,512,3,0,250,0,0,262,3,0,,0.11190737807191908,8b127729d93512ccc1eae7c2682c785e:0:0,e01256638225e2a68aa57469baf54d6c:0:0,34a045583de15350f0c8981292316167:0:0,b5287bdd872b223ead59ae947832028f:0:2857367753,1a191c2d288aa3834db509db9236ea06:0:358527063,1.0
1976,2,1976,1,legacy,0.0003,0.0,3.7499025557358943,16.894517790089214,0.004448525607585907,0.116796875,-0.004581116093322635,0.001161591021809727,-0.0068894182331860065,0.048462968319654465,271,51,190,0,0,0,0,0,0,512,4,0,512,6,0,241,0,0,271,4,0,,0.10441873106174171,6b58ebaae11f6433b3c84de05029945e:0:0,63c7b8825ddceae18fc436be93753c92:0:0,d6085ff9dd6e62fd52b17d207f5fdb65:0:0,5ec769e135a7781c38f39756a10c0e8f:0:1458382540,9d466291dfe1bb515224ef6fde8dd903:1:4228044996,1.0
1977,2,1977,1,legacy,0.0003,0.0,3.6625225223940236,18.362919809599298,0.0064221895299851894,0.064453125,-0.004103202326223254,0.0009823390049859882,0.0022368186619132757,0.044260211288928986,268,51,193,0,0,0,0,0,0,512,9,0,512,4,0,244,0,0,268,9,0,,0.1468399210134521,a45d6ab894c460fe1cfbc2fe4a66b05e:0:0,656c5b8e35b9e6eb2dc457788cf1daa4:0:0,8fc2bf823f3e5c2e8eb6962a450ef029:0:0,bee548d5b1d615dc867a61821d261a8f:0:1387223520,e2a7f77ccebdd9658b006203d1e46093:0:2811592479,1.0
1978,2,1978,1,legacy,0.0003,0.0,3.708566024861007,17.837029380984436,0.009088880382478237,0.074609375,-0.0008774414425715804,0.0010718367819208651,0.002900786232203245,0.046446483582258224,259,47,206,0,0,0,0,0,0,512,10,0,512,4,0,253,0,0,259,10,0,,0.11017188802361488,75ac0b14a816e1d3268063b856e3cc5e:0:0,b4df6702c1138991a79f1f5e1751e409:0:0,7ff5154a5100b1c7dfe2595436712ed7:0:0,708ed34dc30401f3499014a2ec80268f:0:4165105603,629a14ff0313fe56179d676598928ea6:1:2171662453,1.0
1979,2,1979,1,legacy,0.0003,0.0,3.721421943951444,19.32506017453737,0.00760201271623373,0.07890625,-0.00357418863568455,0.0008830046892398969,0.0023073458578437567,0.042307913303375244,254,55,203,0,0,0,0,0,0,512,1,0,512,2,0,258,0,0,254,1,0,,0.1040680130245164,efa8012c4f2f88d947eb8caa75a0e85e:0:0,2367fffe7bee0e0f4072593f397d46f3:0:0,0f53fa749e87b00211802bfeee4ca47a:0:0,fa30e1a96ffb63b7fed1f8450f1a328f:0:327444401,89f0235354e9cc33eea9b5181b49c5f7:0:3555197553,1.0
1980,2,1980,1,legacy,0.0003,0.0,3.6778620299688543,18.287057110157434,0.0023305220529437065,0.1125,-0.00356374210678041,0.0010731360933277756,-0.0019198195077478886,0.046430375427007675,273,53,186,0,0,0,0,0,0,512,4,0,512,8,0,239,0,0,273,4,0,,0.1057551900157705,97fd6fc7bdde7f62636cda70a69e045e:0:0,d40f6e452fbd1ec4e176f20e5c3d795d:0:0,431d7262e12001934dbe77639f0cf2bb:0:0,1387387262b04dcaf7d893f484f43e8f:0:1581644472,afd0727938a39ac60ec8b3761dbe3765:0:568632245,1.0
1981,2,1981,1,legacy,0.0003,0.0,3.8162808073409122,19.4698156117334,0.011520106345415115,0.0486328125,-0.0005968652665615081,0.001173257635673508,-0.004847201053053141,0.05029289424419403,243,49,220,0,0,0,0,0,0,512,6,0,512,0,0,269,0,0,243,6,0,,0.10359661898110062,d1e6c167407355d7e1ce29a6e9db205e:0:0,0d11615351c0e5e0ce097a0e47b49ec9:0:0,9196cacc987e40283a7e2db62e272c79:0:0,c8dcdf878bf32bba6737af3d4e0e4a8f:0:3694047615,2eac2ead9ca0bd90c1dc607392778ba2:0:3328044553,1.0
1982,2,1982,1,legacy,0.0003,0.0,3.7840194125860336,18.763248074324924,0.010997871868312359,0.046484375,-0.0025830985745415092,0.0009818595834076404,0.006179944612085819,0.04521375522017479,247,47,218,0,0,0,0,0,0,512,5,0,512,3,0,265,0,0,247,5,0,,0.10540130489971489,faac595b995705e6ce7396e93f583c5e:0:0,f8ee27ff0c5cf8467fa06d683aae8099:0:0,ccdde261f70e1f9cafc93554af839145:0:0,e3dafc4ff9b4d2e76c7e51ab6a68568f:0:2762859667,e91fbeb94dd8f3f65a742e11bd332127:0:3672386108,1.0
1983,2,1983,1,legacy,0.0003,0.0,3.7961437946319387,18.265453041285863,0.004880668129771948,0.072265625,-0.0067824578611180185,0.0010487767838640138,-0.0015441351570189,0.046532414853572845,253,47,212,0,0,0,0,0,0,512,5,0,512,5,0,259,0,0,253,5,0,,0.104940649936907,195642518f1416ebf35b7ed3a715585e:0:0,ddae459939644589d2395cee178c0c94:0:0,c91972f6c538433892b60031d918e032:0:0,dd39e878126836ab2036c2cada02628f:0:508913040,79be8b924a64c99f7433e6f55aa60cf0:1:1124799932,1.0
1984,2,1984,1,legacy,0.0003,0.0,3.873663199171183,18.52065137665333,0.00716305710375309,0.0708984375,-0.0035985815338790417,0.0009277486067730933,-0.001172439195215702,0.04381391033530235,251,46,215,0,0,0,0,0,0,512,4,0,512,5,0,261,0,0,251,4,0,,0.10932080098427832,783372b2d668e49ff51e7e022112745e:0:0,748ac356869c95e7aa9aa358d370175b:0:0,b9e7d795e49f039597e7921a0a577372:0:0,b66f0a07a80dbfbb9fe68a279cdc6e8f:0:16885390,7b53309ebb5a85d0522a56ba4b51e20b:1:3224215404,1.0
1985,2,1985,1,legacy,0.0003,0.0,3.67781691857088,17.917388419115298,0.006824231706559658,0.08046875,-0.0004082215018570423,0.0009204952366417274,0.0009473968530073762,0.042928487062454224,252,45,215,0,0,0,0,0,0,512,8,0,512,1,0,260,0,0,252,8,0,,0.11374953493941575,b1e14de8c40008036eef7110ad4f905e:0:0,b406b2033439ac432680a61542af3296:0:0,2b793fce5cff5f97f6dc10d1b2db2205:0:0,6a28c8ea957446d11a0e6f4db2f67a8f:0:3767474076,4431191a604e5462633f6b9e5342663a:0:422318983,1.0
1986,2,1986,1,legacy,0.0003,0.0,3.733281127767215,20.52780048050009,0.017150746658444405,0.0982421875,-0.006305680656805634,0.0012306031509069725,-0.0023949502501636744,0.04976651445031166,251,58,203,0,0,0,0,0,0,512,3,0,512,3,0,261,0,0,251,3,0,,0.10566724103409797,dc203437716ae28b0e9b749b4bccac5e:0:0,3cafe6e703d90e66d9f91ae7992eab97:0:0,599116202e8833d4aae0aa5f9f3ac936:0:0,1950e150d83bb28ada2a79c91c50868f:0:386787938,e6df3c47acd0b62607a50861d4914302:0:3172602684,1.0
1987,2,1987,1,legacy,0.0003,0.0,3.763664443135739,18.886788166611403,0.003651259234175086,0.0880859375,-0.0039461958105675874,0.0011331851972499862,3.7161807995289564e-05,0.04805340617895126,262,51,199,0,0,0,0,0,0,512,0,0,512,4,0,250,0,0,262,0,0,,0.10460330103524029,bb3f399240fa4b8bb089e53dfc89c85e:0:0,bf9298ad072a096d311300547e9c90d1:0:0,9945e162a537f66d5fd6e4d22dd7aa7b:0:0,aba441965a25389454b1f125d8ea928f:0:752923626,f57f920c30384b3157940f80b0c6b8aa:1:391965796,1.0
1988,2,1988,1,legacy,0.0003,0.0,3.8185933332614086,18.663088475557068,0.007117758505046368,0.046875,-0.0037057111971080304,0.0010391209652880207,0.005118951201438904,0.04564574733376503,264,51,197,0,0,0,0,0,0,512,5,0,512,4,0,248,0,0,264,5,0,,0.15380588499829173,7b817e74ec115fe67bbc5f94bf86e45e:0:0,d989e97362597dda820d752f62b8fb62:0:0,192c1cb50ee668e5a855b6963e7a2e40:0:0,39f69daddc3d420a33175cefe8c49e8f:0:1913924487,1840487b4ffc333b8e95cb17510ac0e6:1:1985697293,1.0
1989,2,1989,1,legacy,0.0003,0.0,3.6599465559443254,17.586750415875898,0.014792880043387413,0.066796875,-0.002475099265575409,0.0009368750150315463,-0.005624530371278524,0.04336725175380707,260,57,195,0,0,0,0,0,0,512,2,0,512,6,0,252,0,0,260,2,0,,0.1590397401014343,84d32476878e73f4fdcec03b94c4005e:0:0,c9845f5846dfda57a51dd524bb71a0f4:0:0,bb33c4128dd811bc8d4cef9798aa30d0:0:0,382ee955b66af31f5fc884b34bdeaa8f:0:1715576729,07418d1a55fc08ea9452eb99fc0b86b1:1:3381244737,1.0
1990,2,1990,1,legacy,0.0003,0.0,3.793840528463656,18.19428463457733,0.02503301575779915,0.1171875,-0.0022204449865967034,0.0010487291699973866,-0.0033932486549019814,0.046381037682294846,264,47,201,0,0,0,0,0,0,512,1,0,512,7,0,248,0,0,264,1,0,,0.16175653506070375,cab272f629e627b546f723ce7c411c5e:0:0,623bdbb8453e292f5ccb73f7a40621d1:0:0,34175834da6a223f333c6c89bd245337:0:0,e930fda85df15602122e6ffc0238b68f:0:3349452055,ab350b3aecf97b2516e2fee0007367e2:0:1991975559,1.0
1991,2,1991,1,legacy,0.0003,0.0,3.8555231792908913,18.57251286132002,0.025151755660772324,0.1013671875,-0.0075811570510268215,0.0009557012614095584,0.007063108496367931,0.04485686868429184,241,46,225,0,0,0,0,0,0,512,5,0,512,3,0,271,0,0,241,5,0,,0.16155104397330433,b09b76eb1e8c9d360605e6e975fe385e:0:0,e01bdfabd030d8ac43255aafc8f4e8ea:0:0,80d1a6c9fae6483db5154bb1b87359f0:0:0,227fcde5e56e2900daad66560bd2c28f:0:2415448747,fd6c7fc178d52946a9db205553513699:0:2842607400,1.0
1992,2,1992,1,legacy,0.0003,0.0,3.7750837930518917,16.587608992320057,0.015151696279644966,0.0759765625,0.0008759815013036132,0.0008246427401900292,-0.007412585895508528,0.0410478375852108,280,50,182,0,0,0,0,0,0,512,9,0,512,3,0,232,0,0,280,9,0,,0.1651796349324286,6cc93b8cd248d142a465a62881fb545e:0:0,082a6e7ec03f1a2be620a70527af9f02:0:0,954033c79db341624669e6eabbdc69ff:0:0,bbaaba9ee8e24fefaea4ef4d68acce8f:0:1464729914,e7da92d3f1c8a1cf6c38f332162eb779:0:4046516467,1.0
1993,2,1993,1,legacy,0.0003,0.0,3.7707266144953215,17.99395470360221,0.006554878316819668,0.04375,0.0002155768685042858,0.0007807251415215433,0.0049939826130867004,0.03955364227294922,268,53,191,0,0,0,0,0,0,512,7,0,512,8,0,244,0,0,268,7,0,,0.1081836799858138,f1ffa830e40e164f621b3e27a038705e:0:0,533c84ec7f09cda85f2a97a9f92c908d:0:0,12b2525aa9941255e7f9a2c1c41278b1:0:0,29cfc9b4984fe8ccf46fd26e18c6da8f:0:2432133126,e7e4f6127e3fcdff0c8bbeb7be7310b8:0:3080999648,1.0
1994,2,1994,1,legacy,0.0003,0.0,3.748038816618621,17.71009815465807,0.0024475748650729656,0.0626953125,-0.003798852860927582,0.0007994802901521326,-0.0036190631799399853,0.04083011671900749,260,46,206,0,0,0,0,0,0,512,8,0,512,5,0,252,0,0,260,8,0,,0.14147971291095018,078c1a6805f7b1a571c5cb82d0b58c5e:0:0,a65713e0ce34eecb79b4bf368ce27043:0:0,0f7b3d1600b873685753b37d11c4659f:0:0,ace3ccecd37a03a68f6417441c20e68f:0:1964632924,d82fd006d85d4ca4746a15d28c22c340:1:387404113,1.0
1995,2,1995,1,legacy,0.0003,0.0,3.571440993699896,17.20193259720464,0.011990750208497047,0.0978515625,-0.005253869714215398,0.0008490053267451003,0.00234102550894022,0.041773878037929535,259,43,210,0,0,0,0,0,0,512,4,0,512,4,0,253,0,0,259,4,0,,0.1562180609907955,8700fa0c9a029acf149eaad61372a85e:0:0,fb49bf3c84e3beba90a11f814ed9f6e4:0:0,bfda15f5484ac1d186e91eede24d9d90:0:0,0e48d0248951fdbeebd3055b72baf28f:0:1018395311,a8d9d752d829e857926be865556321a1:1:3454227122,1.0
1996,2,1996,1,legacy,0.0003,0.0,3.721266343942007,17.146660237443065,0.00849329773336649,0.1251953125,-0.0010404125321656465,0.0009647631872212514,-0.0005256803706288338,0.044180333614349365,252,54,206,0,0,0,0,0,0,512,7,0,512,2,0,260,0,0,252,7,0,,0.13994414801709354,eba1c7a036215d43b67978bd686fc45e:0:0,5b779ce9574d5a95c995bcaf0baca8ef:0:0,2c266da12a4ef57055bd9d0e9c643036:0:0,31c28375cd9e7ff20b0924401c94fe8f:0:399748282,51e6bf8ea008ac23240c561720abe562:1:882120542,1.0
1997,2,1997,1,legacy,0.0003,0.0,3.6888007256773507,21.374928396419367,0.006637019105255604,0.1064453125,0.0005652786232531071,0.0012636014580493793,0.0012767105363309383,0.05054335296154022,241,64,207,0,0,0,0,0,0,512,2,0,512,5,0,271,0,0,241,2,0,,0.11530645797029138,aa4183ff7b461c5409c411d4cface05e:0:0,336fd94edc9f364fcd9f60126b9c82c7:0:0,daee5d8f38b42f32af4bb850d74fc6d9:0:0,964fbcf25768205a8f4e3b7e19af0a8f:0:1651915094,38699a56f4bd7433a75e3dd80221221e:0:1488354526,1.0
1998,2,1998,1,legacy,0.0003,0.0,3.531114058062901,19.137967707839863,0.007219345308840275,0.106640625,-0.003701693983748555,0.0011420161259593441,-0.001838560914620757,0.048009760677814484,252,58,202,0,0,0,0,0,0,512,6,0,512,2,0,260,0,0,252,6,0,,0.11119380698073655,5bbccb1deafeb956238692b84929fc5e:0:0,b12761bef3016e8719833b71111edc4e:0:0,4a29e5671b6c07d8e251bdb636ea5411:0:0,4f17a0de5ab7a736c7e552a16a09168f:0:3593941278,1323e3f44dba931472d1153f6ac9221d:1:2518626156,1.0
1999,2,1999,1,legacy,0.0003,0.0,3.631249422345123,17.657755610329893,0.006285038776695728,0.0521484375,-0.005594354681670665,0.0011612199887167662,-0.0016535385511815548,0.048289693892002106,254,42,216,0,0,0,0,0,0,512,9,0,512,3,0,258,0,0,254,9,0,,0.11336544889491051,d27b9225a73f1c1197635803d4e7185e:0:0,9254365e79a6903c527d8b4a6ca21d9c:0:0,fcaeeef0dc0cb10f8187c9648330b697:0:0,e8b07ea2f031f70dbd0cb1360da3228f:0:1865671999,59318019efe2bdb3fdcdffd10b7a04c4:1:1659231891,1.0
2000,2,2000,1,legacy,0.0003,0.0,3.74930096600088,16.1919947862047,0.014113388955593109,0.096875,-0.004539546882733702,0.0009211325261276216,9.130057878792286e-05,0.043297771364450455,267,43,202,0,0,0,0,0,0,512,8,0,512,1,0,245,0,0,267,8,0,,0.11216728505678475,eec42c0147f59d6b9396fe5372e4345e:0:0,e2ff280eb6b0278ea3162c73bb64bd0b:0:0,4d3b61c63331d5a39c3a431423cbfc53:0:0,0fcdfbfa7d1d98143bfddec8047d2e8f:0:1720059046,13b8384ba4beeaa8df3e2377161ba239:1:482894259,1.0
2001,2,2001,1,legacy,0.0003,0.0,3.665283353168941,17.53725439531777,0.008751515299081802,0.1,-0.00302721387706697,0.0008844194730045274,0.016497228294610977,0.04744068905711174,253,49,210,0,0,0,0,0,0,512,5,0,512,8,0,259,0,0,253,5,0,,0.11628946207929403,a062060032059452fcf862432321505e:0:0,0fd6e38e9bf8d26797f6ec2199d675bc:0:0,be96aacfc1ba1ab569c4a7c3612f4e55:0:0,971bbf24ce5de6d1e2eda2e34e973a8f:0:1007048418,f71a9d125c4084c60a2869c72f923bce:1:3919029931,1.0
2002,2,2002,1,legacy,0.0003,0.0,3.633122362977623,19.258935718384063,0.0031495506409555674,0.098046875,0.0028612962923943996,0.0012532993656350299,-0.002911001443862915,0.051321253180503845,239,63,210,0,0,0,0,0,0,512,7,0,512,3,0,273,0,0,239,7,0,,0.11679129407275468,307678f01b4404ec8af8a06ee59e6c5e:0:0,35f48a9229c3ec675d7d847e8ef5149f:0:0,66e4265d35194c294a5d71e6c6926016:0:0,9df16c3bd8efe6062d0c0513ebf1468f:0:1348877633,6a655ceb039a4147b04d6ec816d78aab:0:1400044342,1.0753768844221105
2003,2,2003,1,legacy,0.0003,0.0,3.7618858756576294,17.68956753537698,0.01431366242468357,0.126171875,-0.004842683998867869,0.0007580616802442819,-0.004461529199033976,0.03980733081698418,258,43,211,0,0,0,0,0,0,512,1,0,512,5,0,254,0,0,258,1,0,,0.15746604709420353,de7911b0a71271fee3a31572ba5b885e:0:0,a7442cc143d819193d4534103a200b68:0:0,de41e97e5465431ed0667a32be36da40:0:0,0be4790d5274b3cd7e844ce5dc8b528f:0:2639793530,1933a1f5011bc0ab561d389326fcda66:1:893172325,1.150753768844221
2004,2,2004,1,legacy,0.0003,0.0,3.8630446551586823,18.532844696238683,0.004982831887900829,0.068359375,0.0013878336641937495,0.0008264247589977458,-0.00013954492169432342,0.0405416376888752,238,46,228,0,0,0,0,0,0,512,5,0,512,4,0,274,0,0,238,5,0,,0.11514573893509805,41b6d6f04733d09eb79d5deaa158a45e:0:0,402f726c14fcd356a3fbbc95b9192b40:0:0,62f579684b41a2ff6fae9ccba385532e:0:0,494416289455a206307d01e520655e8f:0:1059216974,3c42695ab55adc7f966419058f5ba8d0:1:3915338828,1.2261306532663316
2005,2,2005,1,legacy,0.0003,0.0,3.7987051469767406,17.968782692929608,0.012420996092259884,0.099609375,-0.0075031322659924625,0.0007528245099820196,0.0022060363553464413,0.038939911872148514,258,51,203,0,0,0,0,0,0,512,2,0,512,3,0,254,0,0,258,2,0,,0.11367383098695427,ef45506bcc779e1ade2756729a95c05e:0:0,1df9b1dfbe5f93731bd5dd5824f9bdd1:0:0,57b4f78c6973c342dc11480011ef2bb1:0:0,0583331b7c0df1f59d17eb9db77f6a8f:0:1279945795,e83fcacace3ad246123fcff9eb6bba5c:1:2147568841,1.3015075376884422
2006,2,2006,1,legacy,0.0003,0.0,3.794384597619871,19.376599612878742,0.014083031564950943,0.0681640625,-0.004624376108404249,0.0006831025268184022,0.0007793318945914507,0.037085581570863724,248,56,208,0,0,0,0,0,0,512,0,0,512,3,0,264,0,0,248,0,0,,0.11362797499168664,cd9e6eb452d71828711b1ba6a612dc5e:0:0,48eba113cda9cbbfa731066cb77b8f12:0:0,bed250ba6f3553e9afeb8c617ee17f02:0:0,edbc77243b26332d2b72119ba1d9768f:0:3654080499,5ffe371dbc8b5f199f3537398b08ef4e:1:123776897,1.3768844221105527
2007,2,2007,1,legacy,0.0003,0.0,3.8047533889289653,17.77727624845955,0.002504807896912098,0.0896484375,8.418415673077107e-05,0.0007426029944326729,-0.0005367742269299924,0.03853161633014679,260,52,200,0,0,0,0,0,0,512,2,0,512,1,0,252,0,0,260,2,0,,0.11560822103638202,7535e92974a0974ee8ed0a22c3cff85e:0:0,687e746ad94f223d0e56bc9020614015:0:0,33b71285ff4a73ac4e529836cc753624:0:0,6213e6e9496d45af5ba3bb6adf73828f:0:516366393,b59ecaf25b97f2a33214e51195660190:1:2132703119,1.4522613065326633
2008,2,2008,1,legacy,0.0003,0.0,3.8014263474916046,19.948084160131007,0.005992674268782139,0.0896484375,-0.004715878469869495,0.0007295722898561507,0.0009242736850865185,0.03838254511356354,235,59,218,0,0,0,0,0,0,512,1,0,512,2,0,277,0,0,235,1,0,,0.1101869409903884,328f3a7ff04d0b9438abbe82f3cd145e:0:0,b5edbe7f59b50f34938381650882a091:0:0,e677374ed271c243ddcd687f35fb3308:0:0,7401db13ebfaff54d2c07097704d8e8f:0:3720056541,0f5b7d6ea849820732483ff27354c1a6:0:664954963,1.5276381909547738
2009,2,2009,1,legacy,0.0003,0.0,3.8276880574111,17.85231282335362,0.005501827225089073,0.066796875,-0.007173386123031378,0.0006672490984783508,0.000904256128706038,0.036534227430820465,263,61,188,0,0,0,0,0,0,512,5,0,512,1,0,249,0,0,263,5,0,,0.12047807301860303,e4ed12d72c9b9b68ea001563360a305e:0:0,65243040abb60ef17934feed0cebe20a:0:0,03323075bc491d7d4f8d70eb2eedc4ac:0:0,b4cae2f50388747166d6f8ad54679a8f:0:3535978367,381a68f210b1129a8c23e7b33d741ddf:1:1024905446,1.6030150753768844
2010,2,2010,1,legacy,0.0003,0.0,3.658552644470742,20.070484786287146,0.013139394111931324,0.1306640625,-0.008417845238000154,0.000843463942874223,-0.0021486147306859493,0.04146407172083855,241,64,207,0,0,0,0,0,0,512,2,0,512,0,0,271,0,0,241,2,0,,0.14346229704096913,3edfe10a468f64d4392d2b5f8a874c5e:0:0,244d6caeba24ef68a1e31974d6be315d:0:0,29f530589cdabc2a1f71d6992541fdec:0:0,8dd031a714a9e3b92af15b388bc1a68f:0:4092397734,96fecc948b21b8d3f3f10810444cac24:0:645621927,1.678391959798995
2011,2,2011,1,legacy,0.0003,0.0,3.779370679225036,17.672772449000252,0.009873006492853165,0.0912109375,-0.0012186466716229915,0.0006448864471167326,0.0014969315379858017,0.03688962385058403,248,51,213,0,0,0,0,0,0,512,3,0,512,1,0,264,0,0,248,3,0,,0.148918661987409,0e00fb9394eb60e031105d13f144685e:0:0,688643efc2ebc9d8ee017e7f57c39b9d:0:0,0ef57443228a3946db5f7d3e455191e6:0:0,f73c436bbc7645657b14dfc5165bb28f:0:1631905141,b703aa6c9a80b3c20db2dc93b70e3795:1:3086576756,1.7537688442211055
2012,2,2012,1,legacy,0.0003,0.0,3.8158252789409786,19.63864066776768,0.0036192978732287884,0.0427734375,0.0004453414119780064,0.0006240400398382917,-8.659955346956849e-05,0.035654958337545395,245,61,206,0,0,0,0,0,0,512,0,0,512,2,0,267,0,0,245,0,0,,0.14864170702639967,574af403ccc86945c721471c6a41845e:0:0,12dfcea72f175660103f051ba7e7d084:0:0,0afd5823a13153dbf75087f48257a774:0:0,5817844e04287d9a08420ddef435be8f:0:1997296961,e393192679132781f5e4209a46a71891:0:2000272447,1.829145728643216
2013,2,2013,1,legacy,0.0003,0.0,3.7263765949276797,19.27227105012119,0.010323282331228256,0.1265625,-0.004399288352578879,0.0005199987455853261,0.0001816553995013237,0.032141294330358505,262,60,190,0,0,0,0,0,0,512,2,0,512,1,0,250,0,0,262,2,0,,0.14828092197421938,77fdbeb832e16058f771c614f57ea05e:0:0,b7a023216b73ac022d10e41d192fea97:0:0,09cd0f06ef980c8b29d8ca6778b9575e:0:0,2048e85e46463209e474ad12254fca8f:0:2261007429,7a1f45395414b4a87d1fd868af2b7cae:1:3976142872,1.9045226130653266
2014,2,2014,1,legacy,0.0003,0.0,3.748534784534931,18.672982851908237,0.005938358139246702,0.0568359375,0.0014904965180903673,0.0005435232087620534,0.0026184397283941507,0.03314705938100815,264,57,191,0,0,0,0,0,0,512,0,0,512,0,0,248,0,0,264,0,0,,0.15066144708544016,4a16932585317b34e0adf69992fbbc5e:0:0,a7c30385cafe30fecdaf5686acf28241:0:0,fcb77871eccc19d1356efdcd43e66020:0:0,34ae992797d842dc8ea3c4eaa9a9d68f:0:2728251498,1c37be0d8968c8c6e668e3693a5638c3:0:200588986,1.979899497487437
2015,2,2015,1,legacy,0.0003,0.0,3.7313036912193573,18.12394215060824,0.02030198834836483,0.1201171875,0.00415635658428073,0.00042927681206492705,0.00046502225450240076,0.029618874192237854,262,47,203,0,0,0,0,0,0,512,1,0,512,1,0,250,0,0,262,1,0,,0.15103618195280433,b957bfb78880ae27e01c354642b8d85e:0:0,cff711dd0bacc2e903678ec0a1280c4a:0:0,0c784c5fcab6965ae4220aed1a20ce23:0:0,82931b49e840e6d2fec19cf48143e28f:0:1761805405,63082f00c78f2f0ffa9f1ebd4e81c870:0:250052505,2.0552763819095476
2016,2,2016,1,legacy,0.0003,0.0,3.7465029179104237,18.75756670028823,0.030328884720802307,0.11953125,0.0028029403649270533,0.0005544356245081872,-0.0045001511462032795,0.033282212913036346,254,50,208,0,0,0,0,0,0,512,0,0,512,0,0,258,0,0,254,0,0,,0.15119124599732459,74ec1eef657a3b5fad9d1eb704b5f45e:0:0,8911683b12f674ca609a31d67bf15ae9:0:0,85b7b9e9a1dda11c82c26b93263ce716:0:0,f58b9a6f4a3b6aacb1bbbcbbac1dee8f:0:562116263,4f319d09b112eba37bb739e90d5497fc:0:3482052240,2.130653266331658
2017,2,2017,1,legacy,0.0003,0.0,3.8011334440656293,16.420082808306447,0.006530541926622391,0.084765625,-0.0013526918832212687,0.0004221319788484834,0.0007001445046626031,0.029012365266680717,269,41,202,0,0,0,0,0,0,512,0,0,512,0,0,243,0,0,269,0,0,,0.1501584219513461,ac1c6a1540e963d577ab8f87d8f3105e:0:0,8c8c73a037d459f0d6851d4ef0ad6f36:0:0,d8e6cccbe12b95e6f8f62313535a3ab6:0:0,8c84611e189193ccb57aebcc2a37fa8f:0:1179962664,1a312c1e3cbad57a56cee6cea72c1715:0:3174301483,2.2060301507537687
2018,2,2018,1,legacy,0.0003,0.0,3.693467384014891,16.57131970322756,0.012470889836549759,0.08671875,-0.006051765521988273,0.000358999652962666,0.002319701947271824,0.027593057602643967,270,43,199,0,0,0,0,0,0,512,2,0,512,0,0,242,0,0,270,2,0,,0.15181569091510028,3c92507bbab83a79ff5ca454bf702c5e:0:0,4b6018ea5a3117663722376a6c330026:0:0,f4a1ffa4438788af1fa7e560e24d6341:0:0,5ba8e534e912a61eb4e331b1fb92068f:0:42092477,4242265d91f3462cbbb0f9f0380f5212:1:339671538,2.2814070351758797
2019,2,2019,1,legacy,0.0003,0.0,3.887563797590611,17.093838049116705,0.021856995299458504,0.1017578125,-0.0005459612235426903,0.0003840334073174745,-0.002454361878335476,0.027783652767539024,255,35,222,0,0,0,0,0,0,512,0,0,512,0,0,257,0,0,255,0,0,,0.14824205497279763,988600fe3f4c99a1b45fb9b9b82d485e:0:0,18a2887d8db73ba1a4978d7213c09c0a:0:0,1efc9d8a231bed6309fdbf32d78ffeb2:0:0,dc2d412880580d3c03d3d5f9202c128f:0:4247364416,1bc0c573670392a4d42f0ac9f904aba0:1:322944830,2.35678391959799
2020,2,2020,1,legacy,0.0003,0.0,3.808734350861387,19.312974738372457,0.015153179876506329,0.0818359375,-0.0002874993020668626,0.000501318227907177,0.004587987903505564,0.03200087323784828,248,59,205,0,0,0,0,0,0,512,0,0,512,0,0,264,0,0,248,0,0,,0.14847201597876847,252eb60d56df3ab0d0fe6c52c32a645e:0:0,d2ace99328c5ed70ed7f578a41a8a353:0:0,9efbe3e69562d8d68152d049d3b24520:0:0,f4076d6738e3a8d0ab27602d98061e8f:0:4177554005,ea09e6b9fad4540ecdc55000b486dcb9:0:4079857235,2.432160804020101
2021,2,2021,1,legacy,0.0003,0.0,3.71037192430187,18.258219933414033,0.008166245184838772,0.1041015625,-0.004543237946927547,0.0003689600955112837,-0.006518022622913122,0.02820928581058979,247,50,215,0,0,0,0,0,0,512,0,0,512,0,0,265,0,0,247,0,0,,0.1469389699632302,1825d3465e68f007761c98bbe067805e:0:0,da24f85bb2339c0e666f796c1b0fd68f:0:0,91ceb7c277986e833b38c114c03843c0:0:0,919f14909023bc4074b397db63202a8f:0:3207608684,79fba683e7fbacb3f2f0fbe2b602a102:0:1206138566,2.507537688442211
2022,2,2022,1,legacy,0.0003,0.0,3.731013811888688,16.79910139335794,0.025201192125678062,0.0861328125,-5.3054746240377425e-05,0.00047665478923590853,-0.0004198944370727986,0.03136089816689491,272,47,193,0,0,0,0,0,0,512,0,0,512,1,0,240,0,0,272,0,0,,0.14746542507782578,1f5e3e3e55c2012dc7385b910fe49c5e:0:0,6cc63c6c672380ad56c66b367e3da290:0:0,88cf345367b7974627fe45ad9929afb3:0:0,85a3707acbe8818bf749848e817a368f:0:625564546,2687ae1d50297873707d09fc4990492b:1:2888531283,2.582914572864322
2023,2,2023,1,legacy,0.0003,0.0,3.674347166180593,19.33228280185979,0.010041524656116962,0.0908203125,-0.0007924160454422235,0.00040126294188667087,0.003273003501817584,0.02829780802130699,256,60,196,0,0,0,0,0,0,512,0,0,512,0,0,256,0,0,256,0,0,,0.14710641198325902,951ed2d1ae8fa940066a116e51a1b85e:0:0,f645151dd0224827c494bb2f68a57c67:0:0,09f04fef79eca047e6fe12bbb3d06a7e:0:0,62cf3d4bead75f75a2b56dd2f314428f:0:3273521856,5f554124500982b516667611c6e328ea:1:3579100818,2.658291457286432
2024,2,2024,1,legacy,0.0003,0.0,3.7393803998247273,20.154784118599878,0.010260115377604961,0.0818359375,0.001212068647146225,0.0004443095502210781,-0.0006602327339351177,0.02984081208705902,242,54,216,0,0,0,0,0,0,512,0,0,512,0,0,270,0,0,242,0,0,,0.14793995197396725,da5725f5479bb79ab06456efa59ed45e:0:0,74c02ce92d64a05e32442923b40ee308:0:0,b7586ff6335e618219a8699de1ecf4f0:0:0,8bab7b365267c2e6cbbedb34b7ee4e8f:0:3110232858,150fb29afc98c8a74a3d7d0fdd1b3051:1:3002701436,2.733668341708543
2025,2,2025,1,legacy,0.0003,0.0,3.660683517959661,18.459157490871235,0.012157686054706573,0.13671875,-0.004690680489875376,0.00044658817059826104,-0.0012524229241535068,0.030220557004213333,263,43,206,0,0,0,0,0,0,512,0,0,512,0,0,249,0,0,263,0,0,,0.15204832993913442,dfe938af003252c6987408b10bdbf05e:0:0,5b5b66e290831ee25e7174559f7456a8:0:0,78540dd15a89f1ab9211ed1e3ca56768:0:0,2c9a6eb4ecf59b94b828943fd0085a8f:0:594712159,eef1f540bdead2d78597e0e71af2a234:0:1824699636,2.809045226130653
2026,2,2026,1,legacy,0.0003,0.0,3.774872563830284,17.173560332380333,0.01794467866420746,0.1189453125,-0.0030494876438751815,0.0002481015559169464,-0.00110739772208035,0.022666113451123238,266,38,208,0,0,0,0,0,0,512,0,0,512,0,0,246,0,0,266,0,0,,0.14893942594062537,1d6147868f21dda50480434e84590c5e:0:0,4df2e37e5a96d60d07f5be5dc3cd6389:0:0,3ef74a005d72049195c08ef24edcc433:0:0,9fdd126daa757be5aab0a0803b62668f:0:3676450362,c767fe0d1524d33648c542178494848f:0:1577928920,2.884422110552764
2027,2,2027,1,legacy,0.0003,0.0,3.6910349362299284,20.55055784501576,0.004916111007332802,0.065625,0.0024202298605814575,0.0004424699902301654,0.002078114077448845,0.029883908107876778,245,62,205,0,0,0,0,0,0,512,0,0,512,0,0,267,0,0,245,0,0,,0.14901719300542027,634e896988f8fedbc90a63640f16285e:0:0,69e04279838537710f7a7d45a58a06bc:0:0,21c508781c7f165925741a4656ab2952:0:0,951dfd2c96565c15ef104781f9fc728f:0:1803374964,46a6d83b6766a8ef5226a7eec5edad0d:1:2196834880,2.959798994974874
2028,2,2028,1,legacy,0.0003,0.0,3.7761462059117825,18.51982204372611,0.010251401923596859,0.09296875,-0.0057814869098365305,0.00036424500140128655,0.0022649189922958612,0.026996931061148643,261,54,197,0,0,0,0,0,0,512,0,0,512,0,0,251,0,0,261,0,0,,0.15176805900409818,534473a7c11eca81652e058dac13445e:0:0,3c6f297bc730d04068e085e54a6d87a6:0:0,2c71ec7b088d6ffff7b464e29832cdfc:0:0,419599b4f51d009ce5fc10d10bd67e8f:0:2115216489,dcda234ff79b1ffbe770bb7bcb942c46:1:1429235832,3.0351758793969847
2029,2,2029,1,legacy,0.0003,0.0,3.813258320627318,18.266469475960534,0.008059315383434296,0.0609375,-0.0031992753967642782,0.00031146740875556136,0.0012757977237924933,0.025099126622080803,274,48,190,0,0,0,0,0,0,512,0,0,512,0,0,238,0,0,274,0,0,,0.15344641101546586,01bbf75771610e091ea106675b50605e:0:0,fdc7cec34d8a591a52e985b929a67790:0:0,0dbb1d5a618e5aeccd771250ebeb9355:0:0,cc5475711c4503d21123c3f970f08a8f:0:4140895638,3b0fadb84853d263f015d53a2e80f92d:0:2906336361,3.1105527638190953
2030,2,2030,1,legacy,0.0003,0.0,3.8033682628908534,17.707420643077576,0.005811014212667942,0.1068359375,-0.00017712214030325414,0.0003444262671109755,-0.002169650513678789,0.02643001452088356,243,43,226,0,0,0,0,0,0,512,0,0,512,0,0,269,0,0,243,0,0,,0.15619017591234297,90d7271ad394be6f1db3828d1ccd7c5e:0:0,dd954633f731b4fb0f2e3ad9bb4fe785:0:0,3574e82d556ab17b2b8459eecba25b37:0:0,0ee95e54f6f382d21f326887294a968f:0:2721801946,37f29affec85f7eea1cee01ecf0cae3f:1:3465327075,3.185929648241206
2031,2,2031,1,legacy,0.0003,0.0,3.6303637155396378,17.440828637614203,0.004771817941218615,0.1099609375,0.002629178436473012,0.00028714853979181496,0.0019641707185655832,0.0241260789334774,271,45,196,0,0,0,0,0,0,512,0,0,512,0,0,241,0,0,271,0,0,,0.16587368200998753,a0afcaeb18e488a4894fd69af08a985e:0:0,7bf1da73b9c1c334db3a64e24c7846cb:0:0,688b7da4b9c308cfccd922366251b6ba:0:0,90b207926a076da3f7ce460634e4a28f:0:1173241074,197d37f060f88e9b074521b81f8c8cb1:0:2826494041,3.2613065326633164
2032,2,2032,1,legacy,0.0003,0.0,3.6151976090560494,20.048679496795163,0.017338182777166367,0.100390625,0.00045355577021837233,0.00029056762505206277,-3.7737496313638985e-05,0.02403142675757408,242,56,214,0,0,0,0,0,0,512,0,0,512,0,0,270,0,0,242,0,0,,0.140803374000825,749a9a36ea69843ba2fa9f2cd687b45e:0:0,a677e16060106ee7494b36785506f1c5:0:0,d6bba3395e70d340cbf7afa1c7a7944d:0:0,4dedf80a0a137a9dc798e40293beae8f:0:3129102670,f6ca1e8b396eb2e04b69870513ce294e:1:3978087537,3.336683417085427
2033,2,2033,1,legacy,0.0003,0.0,3.6886571873033462,19.075698053816836,0.007470198906958103,0.1451171875,0.0023283183109015226,0.00028379559371387585,-0.001291879452764988,0.023708835244178772,246,46,220,0,0,0,0,0,0,512,0,0,512,0,0,266,0,0,246,0,0,,0.14459120307583362,d6e5234cdeaa0853e2d2b8decec4d05e:0:0,3347df9c44ef08cd8d78121c808ab3a8:0:0,5ef4865f982f34412fad2a17477a9c6f:0:0,56649cadd5cdbd0a0c2f0a0845d8ba8f:0:2822515410,f65fc46b539e92e3d188547ab9ad9240:0:1052541071,3.4120603015075375
2034,2,2034,1,legacy,0.0003,0.0,3.7222163804499115,21.101244771831773,0.0047826021909713745,0.0876953125,-0.0008542785421013832,0.0003103339753579348,-0.0029386174865067005,0.024892091751098633,218,61,233,0,0,0,0,0,0,512,0,0,512,0,0,294,0,0,218,0,0,,0.1089494179468602,484bd1b48f9aa2c61391404cd941ec5e:0:0,c00cb878013dccb1c99403e822362c3d:0:0,d6604fb3e22336fac8971f69634b69c3:0:0,8d587c56e780df0ca028bfa34b32c68f:0:3046523696,29ed7bd5db925a2a2d66c610e0d8389d:1:2915115759,3.487437185929648
2035,2,2035,1,legacy,0.0003,0.0,3.5979790694762492,17.65125786866477,0.02522871270775795,0.1431640625,0.0022748739458620547,0.0002810311423672829,0.003340921364724636,0.023689089342951775,269,53,190,0,0,0,0,0,0,512,0,0,512,0,0,243,0,0,269,0,0,,0.10958682605996728,17f80bc33cbd31906e899212f5ff085e:0:0,fa57ecdca8045784037cc00f1ed880aa:0:0,6deadce9959b0e40d01f9f91d5db94f8:0:0,c8dab9da500afec7c7194c5fa3ccd28f:0:4251024625,5769539bafbeef07ff32830fd4f33b07:1:1855980866,3.562814070351759
2036,2,2036,1,legacy,0.0003,0.0,3.7322856297619458,18.113064945644908,0.041084226220846176,0.1068359375,-0.00028404779732227325,0.0002521554779377766,-0.0012507393257692456,0.022564994171261787,258,47,207,0,0,0,0,0,0,512,0,0,512,0,0,254,0,0,258,0,0,,0.11054252600297332,ce84026324fa1e82b7a94acd24fc245e:0:0,d193a54312600d7f29b6b092fb93a6ae:0:0,cb489307c69940ccd2c24bd1eda9a03f:0:0,2c9b4c748df62ec1398f37c94fa6de8f:0:163750543,fdeb2c3c8a276e1a898dcd9755e3e584:1:3905798999,3.6381909547738696
2037,2,2037,1,legacy,0.0003,0.0,3.8545135028693727,18.258603567767295,0.013950309716165066,0.0857421875,-0.0069748974638059735,0.0003011181703186594,6.190093699842691e-06,0.0247420072555542,263,60,189,0,0,0,0,0,0,512,0,0,512,0,0,249,0,0,263,0,0,,0.1332119320286438,148a8caf03cfbd2a597847176639405e:0:0,7be80dad2862fbb588afce477352247b:0:0,405d396e84b0d50264eaa60424803ca7:0:0,d74b9dee533699873114496c4ec0ea8f:0:4272165103,5a8617977e510dbf45ce0e2adade37b0:0:1021852797,3.71356783919598
2038,2,2038,1,legacy,0.0003,0.0,3.739471904216825,17.681618094108842,0.03853984922170639,0.097265625,-0.006375107914209366,0.0002475617082382087,0.001376909902319312,0.022396503016352654,271,51,190,0,0,0,0,0,0,512,0,0,512,0,0,241,0,0,271,0,0,,0.1699881290551275,1ded43ad5d73cafe8118a38db9b65c5e:0:0,1abb877d0f94924cace0db326ce7469b:0:0,968ed263be480b448552fd869b5e24d2:0:0,c4d291288c1a4895742d88d4a11af68f:0:2365462144,f8f90d7669d0911fd3c1d2dd87cbcd41:0:2900590255,3.7889447236180906
2039,2,2039,1,legacy,0.0003,0.0,3.8055144610102096,17.92108748090726,0.011972829699516296,0.1125,-9.32740280404687e-05,0.0002665984007762745,0.00155116047244519,0.023173144087195396,264,50,198,0,0,0,0,0,0,512,0,0,512,0,0,248,0,0,264,0,0,,0.17145676305517554,d87a0921858311cc3a46bccc1f73785e:0:0,cb0d2ffe426deacb6dd95fd697ba0751:0:0,9356e4dbb6c1ed30b19a1a385b3c6219:0:0,162a5308d9f68e7a625b3d8e46b5028f:0:2879622004,7edd04a6696bf83c9a9b364f26a256bb:0:2677234959,3.864321608040201
2040,2,2040,1,legacy,0.0003,0.0,3.7205315770579546,18.639967440950045,0.007234308868646622,0.1439453125,0.004077204922214151,0.0003047949154279195,-0.0016885475488379598,0.024913625791668892,252,62,198,0,0,0,0,0,0,512,0,0,512,0,0,260,0,0,252,0,0,,0.16877580399159342,d93337128bdb2c628b592f6e9770945e:0:0,1317037735c3c4bdbe1957a6c0e21554:0:0,ec66edc69554d15727e330293e7c794b:0:0,b509c30af41f143c0018ef253f8f0e8f:0:1635671168,9a157981cf2e6918e8a7081eae0cecdc:0:2105838103,3.9396984924623117
2041,2,2041,1,legacy,0.0003,0.0,3.7029314139125242,19.162074073562252,0.025981834158301353,0.1146484375,-0.0019490193109959364,0.00041212370415451006,0.005522219929844141,0.03315148130059242,251,55,206,0,0,0,0,0,0,512,0,0,512,0,0,261,0,0,251,0,0,,0.16818665992468596,7972e4527b3a6d7e9140d81121adb05e:0:0,ef9960004bb0ec6793b05220073c4001:0:0,53a20e0146ef49ff666ec037a959bd8d:0:0,78b4b806a1b289fd02dd65258ba91a8f:0:2825801161,51f0c5fc8a304f6823de8c15ade2d033:0:703969058,4.015075376884422
2042,2,2042,1,legacy,0.0003,0.0,3.820622333721385,17.094256573088984,0.018591521307826042,0.097265625,0.0006986165419220925,0.0003271367691922933,-0.001189903705380857,0.02640778198838234,273,48,191,0,0,0,0,0,0,512,0,0,512,0,0,239,0,0,273,0,0,,0.17125223798211664,f6b1f4fa9541e8f79b88d34fbe2acc5e:0:0,9463749d932a85092bc4482e540cfbc6:0:0,545963cb0a14e50960c10882b456c391:0:0,7db7e9053ec8fae1dd1aa71b2b03268f:0:731363549,f3ba54f678633ba0d16f08036e1f2f19:1:760598353,4.090452261306533
2043,2,2043,1,legacy,0.0003,0.0,3.8999500961581792,17.412796114955142,0.03385086730122566,0.159765625,-0.005310229130554944,0.00021398799508460798,-0.002457976806908846,0.021163664758205414,265,59,188,0,0,0,0,0,0,512,0,0,512,0,0,247,0,0,265,0,0,,0.13439051900058985,e727147b77759f2b48567dc66ce7e85e:0:0,a3ecf41a363ebed1a1616d46bdd54b3f:0:0,83db45feb8577d78e62b2c4653228bd6:0:0,3f2ed14cff8fc435ca3dfc921d9d328f:0:3983927846,ad524fd2a4344b933ccd235ce58d49bf:0:2445817632,4.165829145728644
2044,2,2044,1,legacy,0.0003,0.0,3.8394713425809606,18.809297869273678,0.010730143636465073,0.062890625,0.00017868829891085625,0.0002492880426871125,-0.0011240330059081316,0.023031780496239662,243,53,216,0,0,0,0,0,0,512,0,0,512,0,0,269,0,0,243,0,0,,0.10703916801139712,24f8398a54d6caa9a06974112de5045e:0:0,6ed2ae4c261f449b44d57a890517d418:0:0,e19977809a3ad6f048673264ab8c29ef:0:0,20bb821363df2fcfdaafed1663773e8f:0:1090131055,c3fe3d1c0bf70a41e9904302c2914da3:0:2115946854,4.241206030150754
2045,2,2045,1,legacy,0.0003,0.0,3.701095044580617,18.616411915112963,0.02258603274822235,0.1171875,0.0010938704945147038,0.00023694030023762024,0.0013710825005546212,0.02188492938876152,257,50,205,0,0,0,0,0,0,512,0,0,512,0,0,255,0,0,257,0,0,,0.10934632900170982,a39af2deafb45021331b92cc0122205e:0:0,05d108e378d63eda45db11e2f14fa1fe:0:0,7af3c368846cd030ba087bb28685490f:0:0,6fd1fb938dd5b1b7ffd44033fc914a8f:0:681535250,8843dd4edb5cf5872f6e74641053e339:1:2999174575,4.316582914572864
2046,2,2046,1,legacy,0.0003,0.0,3.8794139537485344,17.9668061540454,0.009010649286210537,0.120703125,0.0018352097366005182,0.0002537580890930258,0.0008064354187808931,0.022743336856365204,254,48,210,0,0,0,0,0,0,512,0,0,512,0,0,258,0,0,254,0,0,,0.15018439095001668,a97c765e3f4d508b3260f692e69f3c5e:0:0,c1ec5d0e7a01c2b3bf1c27b8d6f58a11:0:0,2c5a810f805dde81bd85df46db78e2a2:0:0,64a25a906e04c90c1809fd76e8eb568f:0:2010104254,e02921062c1a53bedec741d967e0b50a:0:3999326027,4.391959798994975
2047,2,2047,1,legacy,0.0003,0.0,3.879822082820299,17.797044878675905,0.008049376308918,0.0888671875,0.0037624120246618985,0.0002176455585868098,-0.0011354269227012992,0.02105553075671196,261,50,201,0,0,0,0,0,0,512,0,0,512,0,0,251,0,0,261,0,0,,0.11062534002121538,d56242feece1dd978ec7fc01de5c585e:0:0,28ddd0c3a67ed35670a82e5bde3124ee:0:0,24fea3e5076f7504e306987c8ca1ed40:0:0,4a06e695f7bb8424faab6c6b2885628f:0:3114986539,34feaa49ed961f8f2b66c3dd01ff156e:0:1460206787,4.467336683417086
2048,2,2048,1,legacy,0.0003,0.0,3.657708121619939,17.319874103249333,0.042882196605205536,0.1068359375,0.003584404313005507,0.00021435995440697298,-0.0018923883326351643,0.02085139974951744,255,48,209,0,0,0,0,0,0,512,0,0,512,0,0,257,0,0,255,0,0,,0.11550324398558587,5d67185113cdd05913793fb4e859745e:0:0,df7033c403df9e53a52eb2e1a3adb130:0:0,9ccd5220579e8c756b1756cb7f6f4049:0:0,a3a4d897cffaa7fb840e149cbb5f6e8f:0:192193993,31bcea187794d5cb84405e0cee715071:0:1537957835,4.542713567839196
2049,2,2049,1,legacy,0.0003,0.0,3.824874690408654,17.849962696251254,0.0190858393907547,0.1154296875,-0.005088587896898389,0.00021247459153528325,-0.0006712061585858464,0.02063341811299324,264,51,197,0,0,0,0,0,0,512,0,0,512,0,0,248,0,0,264,0,0,,0.1117219120496884,4746154e7049c23182379e480496905e:0:0,500471f3efcf515dcfad2dbdcb6b1d99:0:0,fe8dcc229c78095d13ebab81d33221fb:0:0,dd2888d7299e7acda182bd97a1797a8f:0:1416266001,bf3b4ba7e716b00b549e096031c2de08:0:2240785832,4.618090452261306
2050,2,2050,1,legacy,0.0003,0.0,3.702036325180239,17.75445774072395,0.00823662057518959,0.115625,0.004117532540112734,0.00020172080548945813,-0.0015295534394681454,0.020279135555028915,267,51,194,0,0,0,0,0,0,512,0,0,512,0,0,245,0,0,267,0,0,,0.10601020802278072,290efab4686e27fdaf6034573313ac5e:0:0,a357e73d9c6949a273796c192bd2c0b9:0:0,acc174488dafb98429a0e84f7f32046a:0:0,b86f9644c14a32035d556ee7dad3868f:0:3800854118,593818aa0e0ec5bcd4892fac433d144d:0:3477587510,4.693467336683417
2051,2,2051,1,legacy,0.0003,0.0,3.6730100514932333,17.930930337662687,0.025348000228405,0.1767578125,0.010387434950098395,0.00018612705171108245,0.0034099137410521507,0.019822074100375175,252,51,209,0,0,0,0,0,0,512,0,0,512,0,0,260,0,0,252,0,0,,0.12140194803941995,80a2d3da9b148f819dea5e7e73d0c85e:0:0,5648cd01b8a200a431eeaf2f7c171642:0:0,60a96f35e31e822184dbdb41f2ea2122:0:0,45cd88df2ba10353eacd7019676d928f:0:1223579520,92d8a931c39d5ae04908261a90f46091:1:3040252839,4.768844221105528
2052,2,2052,1,legacy,0.0003,0.0,3.754310826257665,17.710638811274748,0.011542979627847672,0.1103515625,-0.004939619358628989,0.0001692016187007539,0.002913358621299267,0.018415488302707672,261,51,200,0,0,0,0,0,0,512,0,0,512,0,0,251,0,0,261,0,0,,0.1284968990366906,11b7aba0e032ff149b67b959c6cde45e:0:0,cb67def7b773fa2da4eaff44afa748e5:0:0,b0134f189b346b778204bd3071ebfbcf:0:0,a4a16bd8e858d92ab22d48b847479e8f:0:2958528419,698d5b73f0f8327794f6f501ba8a9218:0:2628262911,4.844221105527638
2053,2,2053,1,legacy,0.0003,0.0,3.6870104204442082,18.13671428100605,0.006603698246181011,0.12734375,0.0038625644985586403,0.00018995659775100648,-7.982904207892716e-05,0.019672492519021034,251,52,209,0,0,0,0,0,0,512,0,0,512,0,0,261,0,0,251,0,0,,0.10753687401302159,2fdc71ba264d778d5c0421852c0b005e:0:0,f96d55b27cd36aa82bda6ac4b55afd4c:0:0,29faf09b487caacb074be69439ad53ec:0:0,0e6ce39cecb2aa4c5cb2c0507a61aa8f:0:1784398969,458d825034c3ad18bac95727fef94524:0:1948155810,4.919597989949748
2054,2,2054,1,legacy,0.0003,0.0,3.766216913400795,17.072067961819926,0.03211212903261185,0.116796875,0.006252023158594966,0.00019240447727497667,0.0013633815106004477,0.019720645621418953,272,44,196,0,0,0,0,0,0,512,0,0,512,0,0,240,0,0,272,0,0,,0.10912081506103277,964bcf43d899986e1685b39ca3881c5e:0:0,4711892e8966ab6f60221e58fea231a9:0:0,785e08cd60c0f4ee04adfee41f555695:0:0,b6c7571397e474bbe096de6e00bbb68f:0:1273805566,6e1358245519f6e3a03f24b01d10c108:0:19332473,4.994974874371859
2055,2,2055,1,legacy,0.0003,0.0,3.7448054609549812,17.61318373707894,0.006677999161183834,0.0365234375,-0.001231603231281042,0.00015772232945892027,0.0009605911327525973,0.01797928847372532,247,56,209,0,0,0,0,0,0,512,0,0,512,0,0,265,0,0,247,0,0,,0.12200593098532408,a48d6043b9706650a04ccc3c2d45385e:0:0,8eba3c6ad92e77963c4e8158484d50c2:0:0,5baf21980863ae37bc0fd87660c366d2:0:0,ca21e2d54400dbdf8d0dea9cda55c28f:0:34760597,22c069b6f3696b6a3ee03b018192b5c2:0:2820415570,5.0703517587939695
2056,2,2056,1,legacy,0.0003,0.0,3.78836678694773,17.156223064948506,0.012772169895470142,0.15390625,0.004174301540479064,0.00017901549581438302,-0.0005188100039958954,0.01908314973115921,262,48,202,0,0,0,0,0,0,512,0,0,512,0,0,250,0,0,262,0,0,,0.10453955002594739,b7309a505caa3392895407ffc942545e:0:0,f6fa3c16cf8fc3d8bdae5a557dec2437:0:0,5a0e8a8d2864d6aa1a8048c942ac0ebf:0:0,3f9af842e5e869e616476c69072fce8f:0:1322406843,9a001d12ee31449cd7634a4e3a51d3f8:0:1934721629,5.1457286432160805
2057,2,2057,1,legacy,0.0003,0.0,3.864594859181166,18.012350345924233,0.00802186131477356,0.1435546875,0.01342980433255434,0.0001989458833122626,-0.0021236781030893326,0.01998853124678135,244,42,226,0,0,0,0,0,0,512,0,0,512,0,0,268,0,0,244,0,0,,0.10503714403603226,11939752ad80ab4138304383777f705e:0:0,29ccbf7620e8ac90dbc866d49fc9e28e:0:0,94740bc1ad1b4380c6a2f68f2e7bf01c:0:0,3a5ac1c86ed0746ba16e2b5e8749da8f:0:3146935507,503a77b1cbff21e3592023b8dbfcd104:1:1057910929,5.221105527638191
2058,2,2058,1,legacy,0.0003,0.0,3.764264977432644,16.177142697650027,0.004569179844111204,0.087890625,-0.003139606537297368,0.00017484728814451956,-0.0015323655679821968,0.01911924220621586,270,50,192,0,0,0,0,0,0,512,0,0,512,0,0,242,0,0,270,0,0,,0.10613977489992976,9aea05f92b92fe4606109b6337fc8c5e:0:0,8bc554cbb1cac1115870c0330f5882e1:0:0,2b87dbb36ee2d61c3ec6114270540f6f:0:0,505ba8d7e1eba45ed0a82f095aa3e68f:0:2217547791,604e1bad24efdcc6ae26ae1c3908dcad:0:3875564494,5.296482412060302
2059,2,2059,1,legacy,0.0003,0.0,3.8343092450212124,16.983420437544794,0.012316431850194931,0.1369140625,0.0031886118464171886,0.00017163652373710647,-0.0017849234864115715,0.0186711885035038,263,46,203,0,0,0,0,0,0,512,0,0,512,0,0,249,0,0,263,0,0,,0.11236358992755413,bfd5a81fcaa832d25abe6c3b0ab9a85e:0:0,546f7e201c7ce2edae4203c8ed48f70c:0:0,511962ff4290e16821f6c658c1704f8d:0:0,2a5ca97750c02125cf16bef5813df28f:0:3938013829,79f23b848fc5089f7ee0c8a20a442ab3:1:369395888,5.371859296482412
2060,2,2060,1,legacy,0.0003,0.0,3.67274698886727,18.198693523724785,0.02171667106449604,0.1345703125,0.0036496011540293693,0.00021264139431877993,0.0052230479195714,0.020671723410487175,250,52,210,0,0,0,0,0,0,512,0,0,512,0,0,262,0,0,250,0,0,,0.11325733200646937,4d1a0a19a0cb960bc89d52a6efb6c45e:0:0,f97976695f9969d8b3345104f3042d1f:0:0,9d5a1b5eb30aa76029b3f1b416211fac:0:0,86457a8730b75f035cd662aefb17fe8f:0:3855634630,7c94d1f10e67ace3e6e771ab2e0165eb:1:1087214097,5.447236180904523
2061,2,2061,1,legacy,0.0003,0.0,3.796001021162205,17.64467647792287,0.027605747804045677,0.0529296875,0.002809180412441492,0.00019046224952035118,0.0061513506807386875,0.024894954636693,262,51,199,0,0,0,0,0,0,512,0,0,512,0,0,250,0,0,262,0,0,,0.10611121798865497,41887c73ce5f4ff828ab2b42e6f3e05e:0:0,c124ad699cf89e4100e1517d6aa9ca4c:0:0,9ce5a58b351f98214fb3fdc554639d3b:0:0,a5bef931bc7390bbdafee1c1c8320a8f:0:2017075405,14e49b387c90d076565581bd8c8af2ce:0:3256191188,5.522613065326633
2062,2,2062,1,legacy,0.0003,0.0,3.817908906287569,17.24091034647728,0.00925747212022543,0.0640625,-0.0003029010025784373,0.00015250509277393577,0.0011289487592875957,0.017616894096136093,261,42,209,0,0,0,0,0,0,512,0,0,512,0,0,251,0,0,261,0,0,,0.1359162349253893,976fd4734bc119a9b68012aaf070fc5e:0:0,11f4867b765c22adfa241d5b5a63e8b5:0:0,16a28e71428511daa596876eb1da9b65:0:0,916cb93f5376bc7a57a343b9e88c168f:0:1807723183,e92cf48558dd8544a77d95e3faf950c6:1:2488818088,5.597989949748744
2063,2,2063,1,legacy,0.0003,0.0,3.8786560498626086,15.233592556040065,0.014574557542800903,0.0958984375,-0.0021841337904334067,0.00013124245961080306,0.002129792934283614,0.01614084094762802,290,46,176,0,0,0,0,0,0,512,0,0,512,0,0,222,0,0,290,0,0,,0.12223132909275591,12e50e39881d15ab2c4e657b0c2e185e:0:0,7f2db660b8b871a7de3f8ac0142dde73:0:0,7d8301ab3aa296ade1c73eb3b4eeb17f:0:0,494f1b570aa773f599d1d0235c26228f:0:1415492647,2e6b80e9caebef8a7d4b9916ac0c0e30:1:927622147,5.673366834170854
2064,2,2064,1,legacy,0.0003,0.0,3.6554994350402867,19.431160642292156,0.005614199209958315,0.0955078125,-0.001281129103153944,0.00017536920349812136,0.001382598769851029,0.018772123381495476,242,56,214,0,0,0,0,0,0,512,0,0,512,0,0,270,0,0,242,0,0,,0.12182778096757829,6c5e9e26050acaabdee2c04f3a2b345e:0:0,4ea9b35a5d400ce7192b3c63d8d2fe8b:0:0,a5aaeb48a4d3037209185cbfa7393663:0:0,ef9fd57de03f2fd52d940e8a23002e8f:0:1098612472,18ab6a4023cfe2c97edc4d531e4514bf:0:3650739356,5.748743718592965
2065,2,2065,1,legacy,0.0003,0.0,3.6780328333035666,18.63624537225803,0.012228663079440594,0.1509765625,-0.006923475349321961,0.00017252272336918396,-0.0005395263433456421,0.018802223727107048,244,51,217,0,0,0,0,0,0,512,0,0,512,0,0,268,0,0,244,0,0,,0.10951096296776086,e89c0db55a90406bd9a3ffc37a68505e:0:0,27147ec374fb0d1e4f702260ae780af5:0:0,c2388a6ea9a5bb34b09388195ebd3e3d:0:0,2835717245ae4e566feec67a3d1a3a8f:0:911341293,df440f78239ea987d3b363965eaf42ed:1:4007255290,5.824120603015075
2066,2,2066,1,legacy,0.0003,0.0,3.830047941799127,16.988798089553825,0.01281406357884407,0.108984375,0.0001097959466278553,0.00016069623088696972,-0.00040737484232522547,0.018124381080269814,256,38,218,0,0,0,0,0,0,512,0,0,512,0,0,256,0,0,256,0,0,,0.1224720380268991,c9ee6ac84f273ee7fa934073cce56c5e:0:0,b15bc7ab6d4217d5c12b05b814757157:0:0,94614271f6964bdc6632549ca4bea242:0:0,3e64e7ccf201b5319ae1ff7faa74468f:0:3883747594,a1ee804f5aec2b157c36d9c4c10b0f43:0:2342250276,5.899497487437186
2067,2,2067,1,legacy,0.0003,0.0,3.7473809643323515,18.191629440538293,0.007545314263552427,0.13515625,0.011363455001264811,0.00014658660329587293,0.0010020616464316845,0.017255522310733795,249,57,206,0,0,0,0,0,0,512,0,0,512,0,0,263,0,0,249,0,0,,0.12446133198682219,35ec16e7ef60afc60e4bdefc31a2885e:0:0,846ce6033fb2c96aa56440f88747abef:0:0,5422c7840c6dbd5a4f0458d1e63514ca:0:0,19b32e1b2f5616bed16901266b0e528f:0:3340986556,ba66515c16c5265bf43f1ebfcf2e318b:0:1066362796,5.974874371859296
2068,2,2068,1,legacy,0.0003,0.0,3.6918028455302663,19.005731257217917,0.013057684525847435,0.1322265625,0.006651185639202595,0.00023669290239922703,0.002025527646765113,0.022039039060473442,234,59,219,0,0,0,0,0,0,512,0,0,512,0,0,278,0,0,234,0,0,,0.1235922840423882,5faba6c5d0c22200ec0377f8a89fa45e:0:0,3f67c9ac3e8ce421f5c18f47f433a842:0:0,b46d551067d219136887445e2d4a7d1b:0:0,91b3497215e4da5b2b7a52fa7ee85e8f:0:2259732557,34c067df4a72c4e37d77235210484a7b:0:1958890938,6.050251256281407
2069,2,2069,1,legacy,0.0003,0.0,3.82400672501352,17.722073020215134,0.011086496524512768,0.075,0.0005703449482098222,0.0001380753321427619,0.0023705847561359406,0.016724277287721634,261,46,205,0,0,0,0,0,0,512,0,0,512,0,0,251,0,0,261,0,0,,0.1350972190266475,340dc0e1eb796fd49189e80531dcc05e:0:0,db4ab946f438b76e568027e46ba1afb1:0:0,158d8423b18a6fc864001d0f751079f7:0:0,3e683e456736a80dc207bc87e6026a8f:0:2231761119,90b2ae172d2a8fb8ce0ce2d69b6f5f0f:0:459562251,6.125628140703518
2070,2,2070,1,legacy,0.0003,0.0,3.6791553509800075,18.1313195523245,0.015256456099450588,0.0966796875,-0.0008240172639489174,0.00016285667807096614,0.0010432983981445432,0.018105877563357353,261,60,191,0,0,0,0,0,0,512,0,0,512,0,0,251,0,0,261,0,0,,0.11395696504041553,9da544e9b68286ea3f494bbdcd59dc5e:0:0,031f009128f53dbdd2a0d2f976d1d44f:0:0,332ceabcd4a71781a002e5c6e7ea31aa:0:0,67ad0997fc07976cbafe455aa05c768f:0:770765294,3bf95050aadfcb6029c9915f21a146c2:1:914901187,6.201005025125628
2071,2,2071,1,legacy,0.0003,0.0,3.7907943089193834,18.411106447545933,0.010807579383254051,0.1439453125,0.015013366984203459,0.00016058964756666684,0.0009582220809534192,0.017926201224327087,241,46,225,0,0,0,0,0,0,512,0,0,512,0,0,271,0,0,241,0,0,,0.11521194002125412,eaaf7c0e71db52c49445ffbe7b16f85e:0:0,d42a99d533f9e4006ffa97baf1d907a4:0:0,031a690c206036d1c305d7040b4b90de:0:0,26bfaee6f76901c2554634feadf6828f:0:2797206733,20c43311451482cf7d45f469c649374c:0:2203943367,6.276381909547739
2072,2,2072,1,legacy,0.0003,0.0,3.6801416049917446,18.137697698534794,0.012699799612164497,0.1419921875,0.0044311982113867995,0.00014606716722482816,-3.5490666050463915e-06,0.017185168340802193,259,60,193,0,0,0,0,0,0,512,0,0,512,0,0,253,0,0,259,0,0,,0.11443511000834405,238ba53aca61c96baa1ea0a33b14145e:0:0,984b71e82886e659a27112bcad458511:0:0,3f301876645a1a79601cb6dc91097450:0:0,1c57517c31acf771f4c313000ed08e8f:0:4258343044,62e53bd7679a024d25dd03c11958d99f:0:3269186119,6.351758793969849
2073,2,2073,1,legacy,0.0003,0.0,3.619367989132018,18.15747393564493,0.011308252811431885,0.1080078125,0.002934479946270585,0.00014488025663013105,0.001166677102446556,0.01722695119678974,266,60,186,0,0,0,0,0,0,512,0,0,512,0,0,246,0,0,266,0,0,,0.14421699102967978,6579deba42f81a59310c0b080d51305e:0:0,5d3ed9abe33a1f4dc2bf70cd37ba222d:0:0,c82179a0e042ee13d58c95b1c8373e72:0:0,3ee8471f8da7589d2e53a6eac2ea9a8f:0:2216960375,f019955d231b7a72f35b0a5c5fc2142f:0:875163671,6.42713567839196
2074,2,2074,1,legacy,0.0003,0.0,3.759948399874419,16.983675868851833,0.011182996444404125,0.15234375,0.009546971484087407,0.00013491579084075057,-0.00179582042619586,0.016601035371422768,256,49,207,0,0,0,0,0,0,512,0,0,512,0,0,256,0,0,256,0,0,,0.11351139901671559,ce5d398f0e8affa48be15b88f1ce4c5e:0:0,5f52cbb7ee7f914d397f3cf27effe49c:0:0,9ebe6b083aac85d34af93a20c5009513:0:0,2b24156a2ad09108d3d1f84aca44a68f:0:3791535483,498b77629792009560c980dbc600c2bf:0:2961869392,6.50251256281407
2075,2,2075,1,legacy,0.0003,0.0,3.8286191655606507,17.654837756296615,0.007700673304498196,0.1568359375,-0.0020009962609037757,0.00014565316960215568,0.0009226030088029802,0.017279578372836113,240,41,231,0,0,0,0,0,0,512,0,0,512,0,0,272,0,0,240,0,0,,0.13489393901545554,650ba95d4696316eec0beec1e88b685e:0:0,110289d309e9850769b9c0baea7b21a5:0:0,ad3b77fb5049d20329eb8aa5dcfeace2:0:0,ff9e5a49a6d5f74200134eac24deb28f:0:4279904715,47aa0db504f7df80ec7fde7920d315c1:0:1696650730,6.577889447236181
2076,2,2076,1,legacy,0.0003,0.0,3.8966099592099432,17.75840809431486,0.010977718979120255,0.106640625,0.006268605450168252,0.00012447261760826223,-0.0013399759773164988,0.015871940180659294,254,56,202,0,0,0,0,0,0,512,0,0,512,0,0,258,0,0,254,0,0,,0.12166768999304622,e0a0867ca9c2fb8f6d93614ef188845e:0:0,5d944a2f37332f20c96f5e0e374ffae3:0:0,586645a66161fb36668f19a7e6bed98d:0:0,170abb8ce123cf0322e8319ad2b8be8f:0:1638863952,b306752a30d5d5d0fdf3289b62faa560:1:3675595511,6.653266331658291
2077,2,2077,1,legacy,0.0003,0.0,3.766759632341917,18.156387169867116,0.0019320531282573938,0.096875,0.0021154524758458136,0.00014525572514685338,-0.00024797930382192135,0.017023781314492226,247,53,212,0,0,0,0,0,0,512,0,0,512,0,0,265,0,0,247,0,0,,0.11993385304231197,728b766c4e3cf57f33198fcc0cc5a05e:0:0,3ebce1d62bc4c652040b4ee7678207c6:0:0,490e0e34aa465bd3b2f4df1bc44e0df8:0:0,de03209ef2f4eed90d1c68a2d3d2ca8f:0:1049655362,b75947aace168fcdee6e392d57dc0125:1:4097625684,6.728643216080402
2078,2,2078,1,legacy,0.0003,0.0,3.737116720763869,18.072548882202,0.010631820186972618,0.1462890625,0.008598861284554005,0.00017277894075959921,0.0014582052826881409,0.01867988146841526,250,49,213,0,0,0,0,0,0,512,0,0,512,0,0,262,0,0,250,0,0,,0.12042468797881156,f4f5c98df358dc8581da96d53a42bc5e:0:0,0f75424e912a8c0eb53aa6fb8f354723:0:0,a7b2332708cdadedcee99856db02c699:0:0,7cf0ace04e740907fc76fb50282cd68f:0:3434200849,aff7a9b789a9fb0fabbc1ace5a478063:0:1866104271,6.8040201005025125
2079,2,2079,1,legacy,0.0003,0.0,3.6617692743682104,17.588182420601584,0.03267041966319084,0.2216796875,0.022028048941865563,0.0001642074159462936,0.0028271330520510674,0.018104633316397667,254,44,214,0,0,0,0,0,0,512,0,0,512,0,0,258,0,0,254,0,0,,0.11526269093155861,4bd3b3b8de299023ddacd30679ffd85e:0:0,7149198d7068330b2b8133cddd32955e:0:0,0b1a8f2bb4a4c5201f439ab2246d26aa:0:0,0fcd3059377a97b0a7ba312ecfc6e28f:0:4111392814,86e72ef6fa772fd4e8100a595ebb6859:1:3529909190,6.8793969849246235
2080,2,2080,1,legacy,0.0003,0.0,3.6738246421409713,19.736104033592028,0.013257489539682865,0.2005859375,0.020596778532490135,0.00015518879081355408,0.0009010153007693589,0.017683006823062897,237,66,209,0,0,0,0,0,0,512,0,0,512,0,0,275,0,0,237,0,0,,0.16320742899551988,94cd37de6c9f30c22500e0fbcbfcf45e:0:0,11b11083a7aa3032ba8ed71f9ec470fa:0:0,825921e21628b3a8ef55d61218a235de:0:0,9f3e0fcc08796c354aa391cacaa0ee8f:0:226865925,da0cde3e477a5bb8ce74f8cf60abd827:1:3768304799,6.954773869346734
2081,2,2081,1,legacy,0.0003,0.0,3.6491966029676526,17.798581685437398,0.035963743925094604,0.1380859375,0.008741852804087102,0.00015301105377147907,0.0047209360636770725,0.018554961308836937,256,48,208,0,0,0,0,0,0,512,0,0,512,0,0,256,0,0,256,0,0,,0.1270199129357934,235c2da4cacc609aace19d51303a105e:0:0,253a62b0d76d823a2c80e870e3b3ed74:0:0,7487a62a4878e5e01d96ad65f58f4d0f:0:0,f444fc78f616e1deb1ebe4b018bafa8f:0:762889799,75a4e406253fb0c2cb12ad5df767ae31:1:2462119837,7.030150753768845
2082,2,2082,1,legacy,0.0003,0.0,3.5885799482496914,17.989131530825375,0.13056093454360962,0.1759765625,-0.00048516555689275264,0.00013330286419659386,0.0007200657855719328,0.0164372306317091,239,51,222,0,0,0,0,0,0,512,0,0,512,0,0,273,0,0,239,0,0,,0.11019105406012386,6d49728675eda6e65cf424a2a6b72c5e:0:0,82e73c8b9f49ea66c850b9b05f01617b:0:0,2cce8d66312a0d1319e7f1ab39724011:0:0,a4ae3730440eb3c14747316aba15068f:0:763301338,2495cfd34af819b6c5c5d915dc816f71:1:1676716043,7.105527638190955
2083,2,2083,1,legacy,0.0003,0.0,3.6068667344626277,18.650664591698884,0.04832008481025696,0.161328125,0.0008551692357286811,0.00015978462106431835,-0.001003797398880124,0.01815914176404476,251,57,204,0,0,0,0,0,0,512,0,0,512,0,0,261,0,0,251,0,0,,0.10837674897629768,2a5b1eaf78cef548cb77d38c2f74485e:0:0,9f29489693835a61f8ee13361e9b5f37:0:0,a2d43c17f6552eb152fe707f8aa4f9d5:0:0,4dbf899b1ddf75e21d64bf86aeaf128f:0:216902171,94c46415b778a72c55b7a5f0266d36ca:1:747154575,7.180904522613066
2084,2,2084,1,legacy,0.0003,0.0,3.710823925562458,17.40029389752067,0.010839949361979961,0.1435546875,-0.013939834549091756,0.00011929561551369262,-0.002323488937690854,0.015520499087870121,265,52,195,0,0,0,0,0,0,512,0,0,512,0,0,247,0,0,265,0,0,,0.1072998910676688,32c8787b8d2b4f7c594646a9ca71645e:0:0,610c806476a8e57e091cc503522ee5cf:0:0,1fec4039e4881f6b96c2724336eb3626:0:0,cfb69bee85d1b19bfbef168ff6891e8f:0:833367659,69b4559b706e974ec58dcdbb4e2c935b:1:2424374635,7.256281407035176
2085,2,2085,1,legacy,0.0003,0.0,3.834861835440219,17.4657851508357,0.016482563689351082,0.094140625,-0.0008168317377567291,0.00017284214700339363,0.0009029158391058445,0.01858772709965706,263,48,201,0,0,0,0,0,0,512,0,0,512,0,0,249,0,0,263,0,0,,0.10763199906796217,4d2660228da2953e4dd35a9777ae805e:0:0,4ca37f2c6afec8c4fd75a35a1d7d1dbb:0:0,b8117589673f3726f751fcfca1a881c6:0:0,72a0d4870ce4a5446b8bfe1291a32a8f:0:3564698801,98c209596c236f8c3649ebdd886e6786:0:328283168,7.331658291457287
2086,2,2086,1,legacy,0.0003,0.0,3.9428219342605346,17.96209148317871,0.018711041659116745,0.0955078125,-0.0016042441129684448,0.00010282719740644098,-0.001954554347321391,0.014455722644925117,250,49,213,0,0,0,0,0,0,512,0,0,512,0,0,262,0,0,250,0,0,,0.108638881938532,503807cae3e16e7af32d2bf1372b9c5e:0:0,b90243de0c38f14f3e3339ce9c8cca38:0:0,6f13c526e9e595677158e91edea9d0d7:0:0,1f428237462ca710c1dc7d9a7ffd368f:0:1069366783,ee6b5e3541c80305c26d784cc251ef3f:1:2160381744,7.407035175879397
2087,2,2087,1,legacy,0.0003,0.0,3.7426852649889533,17.060233317204165,0.008104126900434494,0.132421875,0.007218624278903007,0.00014268244449340274,0.0006056897691451013,0.01692868024110794,263,52,197,0,0,0,0,0,0,512,0,0,512,0,0,249,0,0,263,0,0,,0.10770362196490169,f1a402e3de9759b9b1fc175308e8b85e:0:0,9486cc42f48ac5b0ae69946f23ace397:0:0,83f51409962913eee5eb658afd5a10bd:0:0,385eb15e282f2b3b2d7cdcb3c197428f:0:2798670985,2cc7f2db85ceee3d4e859c5a1c452549:1:1854687309,7.482412060301508
2088,2,2088,1,legacy,0.0003,0.0,3.649603208255485,18.702857434870168,0.02721278928220272,0.161328125,0.0014481362886726856,0.00012565491088025737,0.0014399058418348432,0.01621668040752411,242,61,209,0,0,0,0,0,0,512,0,0,512,0,0,270,0,0,242,0,0,,0.11707323289010674,823d0a541ad6dcc92d82b958ece5d45e:0:0,fed98880147bcdf2426dd30b9c1fcf69:0:0,38e97636ca57f8b415d7f08a963f816e:0:0,14fcb725cec86d67c204a2ea56714e8f:0:1186447534,6acdf7bd89259046f523a3fd5f47d3f3:0:2559634791,7.557788944723618
2089,2,2089,1,legacy,0.0003,0.0,3.859415961362084,17.45778515656866,0.005264266859740019,0.104296875,0.00800112895667553,0.00012295487031224183,0.000452548818429932,0.015817251056432724,257,56,199,0,0,0,0,0,0,512,0,0,512,0,0,255,0,0,257,0,0,,0.11593428603373468,e59841b26c7bd7ab5f9dee9ee322f05e:0:0,51f66181ac26372190a9cdb8fba19b5a:0:0,8ff00fb77abf62c51a0dc14bc25972a7:0:0,968435965026bd49840697ca3e8b5a8f:0:3816124222,71d93d25ad6548597d79c0a0faa5872d:1:2081224512,7.633165829145729
2090,2,2090,1,legacy,0.0003,0.0,3.817280573622363,17.632984880506797,0.022289181128144264,0.1251953125,0.001890942337922752,0.00015383359786937944,0.0004024094087071717,0.01767500676214695,265,54,193,0,0,0,0,0,0,512,0,0,512,0,0,247,0,0,265,0,0,,0.1079361280426383,77505469f133f9c1b4c4d3c0eba00c5e:0:0,48fb09e1eb68210bf33cfca9099f866f:0:0,43da51d88ef17b9210cbbd18bfd7ce0f:0:0,c8f41e7397676e877510c2df79e5668f:0:925580192,dcef259cf0b06652e48b8132fccdbcee:0:3377028120,7.708542713567839
2091,2,2091,1,legacy,0.0003,0.0,3.759926668820294,16.612918155310297,0.025426151230931282,0.1037109375,-0.0005724958376958966,0.00011391395128157455,-0.0004268356424290687,0.015537064522504807,266,52,194,0,0,0,0,0,0,512,0,0,512,0,0,246,0,0,266,0,0,,0.10756356595084071,7ed5685439c559392808c55b065d285e:0:0,044c655f34cebde81b943936d047e2a6:0:0,c8a8ad15d75d6879a79bfc0b47a89d78:0:0,db550a2877616be19fac6bb6087f728f:0:3850795516,3f97da9f6f5e6b889ca732ecad9b2578:0:2648786529,7.78391959798995
2092,2,2092,1,legacy,0.0003,0.0,3.7947153218253673,16.753383683067113,0.030160745605826378,0.12109375,0.006128411646932364,0.0001237596803548513,-0.0005152468802407384,0.015779223293066025,255,54,203,0,0,0,0,0,0,512,0,0,512,0,0,257,0,0,255,0,0,,0.1084501079749316,7d45a5feb52f2cb65f156009335a445e:0:0,797ba58a432dc1734e6dfb29691bc0d5:0:0,3cf4d99eb6696c1aad312cae8647c4c8:0:0,fe13134c68296d96235e19d9ea597e8f:0:3130660139,1b6cab5bfca989990a961005a547a166:1:4232571629,7.85929648241206
2093,2,2093,1,legacy,0.0003,0.0,3.7518176776752696,18.791422178225048,0.019225645810365677,0.1037109375,0.004563606227748096,0.00013053760012553538,0.002452736720442772,0.016207994893193245,248,71,193,0,0,0,0,0,0,512,0,0,512,0,0,264,0,0,248,0,0,,0.10617179796099663,39c0f57ac940a741c63080677297605e:0:0,e806df1b3ab46855bfb3ccfc60cabe31:0:0,a7206c6b9db2f4c7094d791abf13ff31:0:0,c7674e9ca1dbd30640a594d71f738a8f:0:1831198548,d9040ebca8fa534ef2d03087c6a36501:1:1358491065,7.934673366834171
2094,2,2094,1,legacy,0.0003,0.0,3.6680853564500246,16.379277635883227,0.012819371186196804,0.0861328125,-0.00031020245514810083,0.00014361026987899094,-0.001257944037206471,0.017043160274624825,265,47,200,0,0,0,0,0,0,512,0,0,512,0,0,247,0,0,265,0,0,,0.18168615305330604,2a3c89424441f673ac3a4311c4147c5e:0:0,e0db9fe18ad3fa048958be899bcd0436:0:0,a152855643492adb4bf8e4a6e3b51ab8:0:0,96a4ea8c87381f9b64fde439a7cd968f:0:2835852360,aca1b8eb983156d60b43eb0452c0a7c6:1:2113494590,8.010050251256281
2095,2,2095,1,legacy,0.0003,0.0,3.7233224125076765,18.10565250779419,0.010038908571004868,0.122265625,-0.0033184165600687265,0.00012455004252842627,-0.003163141431286931,0.015995316207408905,258,60,194,0,0,0,0,0,0,512,0,0,512,0,0,254,0,0,258,0,0,,0.2248985399492085,e347e764134b62e05ead04a427d1985e:0:0,066238632554b62d398dbbd96f0d366d:0:0,ca9cc67ee0fd4e89b77ee58ac291fefb:0:0,015a00dc929a1aec36dd4f8d8367a28f:0:931614545,3f5c63b7ae3d06119e615cdcc18349ea:0:2683781754,8.085427135678392
2096,2,2096,1,legacy,0.0003,0.0,3.680289656634728,17.455961890505023,0.01583310402929783,0.0986328125,0.006195817235857248,0.00014375843129528222,0.001711268094368279,0.017040252685546875,262,48,202,0,0,0,0,0,0,512,0,0,512,0,0,250,0,0,262,0,0,,0.22323228605091572,cabd53d768e692c4459d61ba9dceb45e:0:0,4949b6987af1ca251fcd49804c2911f3:0:0,c2c7ec4838984e79a7a6ed2f42dc356a:0:0,94002ff237dc9421a1b55e5eb241ae8f:0:1680665045,0c73ad9eada490d4df16561764c70798:0:2590818161,8.160804020100503
2097,2,2097,1,legacy,0.0003,0.0,3.66031740532366,18.065254211819592,0.006234767846763134,0.176953125,0.02315574900712818,0.0001134595186158549,-0.0011093136854469776,0.015125845558941364,252,51,209,0,0,0,0,0,0,512,0,0,512,0,0,260,0,0,252,0,0,,0.22404973593074828,923acd7dbf95eeefffba36f1260bd05e:0:0,0656077b51e5b3bfd4293cae633bb813:0:0,46d48dddd0769ef78d5d5d6a012c9754:0:0,0eb528f66db1c89be1f2d839345bba8f:0:2649292313,62b2d465aa0602f8ae6cad0912095377:1:257003468,8.236180904522612
2098,2,2098,1,legacy,0.0003,0.0,3.711602484656032,16.705488335171026,0.03471852466464043,0.1896484375,0.018516403471585362,0.00011425248158047907,0.0012634090380743146,0.015182866714894772,267,47,198,0,0,0,0,0,0,512,0,0,512,0,0,245,0,0,267,0,0,,0.22353999910410494,30bf3a0663de29f47e4ca0e3c088ec5e:0:0,40b3d23352d43639dfd8315b6cb76482:0:0,be0f472039bbf49d799340be555e2a98:0:0,b85f830bd0fd6dd790fdc4a909b5c68f:0:512451874,8ba27a601e562ef84d33ed672e325355:0:3424198507,8.311557788944723
2099,2,2099,1,legacy,0.0003,0.0,3.648154204925885,17.601319128814907,0.022752463817596436,0.1443359375,0.002921099402010441,0.0001172017990029417,0.004056892357766628,0.015234716236591339,241,49,222,0,0,0,0,0,0,512,0,0,512,0,0,271,0,0,241,0,0,,0.21943515411112458,6120e390716de98f2137fc2e6d46085e:0:0,f2be7672c55f88fe66cd769d8cd6d1d4:0:0,6eccf15d6118de9455dffba0b980165f:0:0,5b00533894bc5e92b1396b3a324fd28f:0:3459282856,2e53eb2cfb3921fbc1ba16021154db0a:1:1581120831,8.386934673366834
2100,2,2100,1,legacy,0.0003,0.0,3.7529406379261308,16.101981315026137,0.014855177141726017,0.07734375,-0.0036486709723249078,0.0001147966664575506,-0.0013675959780812263,0.01519444864243269,264,50,198,0,0,0,0,0,0,512,0,0,512,0,0,248,0,0,264,0,0,,0.16806122800335288,47870d926eff9255d2f9e56d2c43245e:0:0,6b4db8d1caae9930745ea11cf448998c:0:0,81f5b79a4c39157f71ace17349df7d7f:0:0,edfe43ebb105eb31ba045378ae29de8f:0:4282520163,437e285abde398c0b02b90711b72dd29:0:1172960085,8.462311557788944
2101,2,2101,1,legacy,0.0003,0.0,3.8832456861222484,17.689825812686877,0.04489194601774216,0.097265625,0.0007881626952439547,0.00020617674199456814,0.007935192435979843,0.0245827529579401,242,52,218,0,0,0,0,0,0,512,0,0,512,0,0,270,0,0,242,0,0,,0.16472452401649207,fce02538f49135a324aa393bfd80405e:0:0,65f4a83471629c56a619a0a1d6ee6312:0:0,6f6f4ecdd76d8a7b1d6f02dec04577d2:0:0,d2332e5003b2cd64a3b844f07d43ea8f:0:3064596463,eeb6a702128f3e53248d820e4039a674:0:1197777290,8.537688442211056
2102,2,2102,1,legacy,0.0003,0.0,3.774007997251977,18.791245153951763,0.02624090015888214,0.1705078125,0.0015555727295577526,0.0001683538874203805,-0.005755511578172445,0.01913386397063732,233,55,224,0,0,0,0,0,0,512,0,0,512,0,0,279,0,0,233,0,0,,0.16745702095795423,8eb8ec18078ea1c269fb1436e0fd5c5e:0:0,ea3fbcc7ab2227e6e43568d146a1193e:0:0,b86b0b56527f5f62ec49c17bc51a2dbb:0:0,c2b18aeb5535bf0bf3aa472d9f9df68f:0:3452357288,ae0c1810ffb28e84d3b21f722766b1c3:0:3965393543,8.613065326633166
2103,2,2103,1,legacy,0.0003,0.0,3.7519764000557343,16.822746331683902,0.03237266466021538,0.1326171875,0.00116581495385617,0.00013174390514905098,0.001144337933510542,0.016465162858366966,271,58,183,0,0,0,0,0,0,512,0,0,512,0,0,241,0,0,271,0,0,,0.16696897894144058,b61ef2b51889945bd538d2f9d6ba785e:0:0,1a2017394b766e2984a356aa7da2b785:0:0,d1f86c817f373c82a73cb104733ceebe:0:0,2fd36e527431b45dc82aa1bc1538028f:0:3663527737,c266b5395ee997c11dac0f1a65218d56:0:3122871240,8.688442211055277
2104,2,2104,1,legacy,0.0003,0.0,3.6748195056072865,16.642495887177233,0.011012639850378036,0.16640625,0.002667851047590375,0.00011376914735592437,-0.0004943835083395243,0.015175134874880314,252,51,209,0,0,0,0,0,0,512,0,0,512,0,0,260,0,0,252,0,0,,0.16525407694280148,5399cb19ce1c0f20934a1220deb7945e:0:0,e1878a988e2da9334fee04992f629500:0:0,3e030fd6dd6e5a050b2fa2d00970ae51:0:0,93713206da59b94ae484dc27de120e8f:0:272939900,608fda02e994e2e7fd053a7d3f2215d3:1:3069654173,8.763819095477388
2105,2,2105,1,legacy,0.0003,0.0,3.815918342083349,18.219392114207267,0.017641164362430573,0.1546875,0.01700268634594977,0.00012866846154793165,-0.0018945869524031878,0.015990009531378746,251,54,207,0,0,0,0,0,0,512,0,0,512,0,0,261,0,0,251,0,0,,0.16786021797452122,d3028a4a0890ceb6e7afae47f8f4b05e:0:0,d56a8e3c14119b01cdf22eb2bdbf4ca0:0:0,520ff4d90a6e54db88f5021e4f06f42e:0:0,605a60dd8d267223bcffbdfcfa2c1a8f:0:174632156,698332717a579ee0a630e08d599821b4:0:4092581171,8.839195979899497
2106,2,2106,1,legacy,0.0003,0.0,3.73673939599262,15.678600180523006,0.01796261966228485,0.1115234375,0.0024018815951421858,9.396199384354986e-05,0.002532837213948369,0.013661572709679604,266,36,210,0,0,0,0,0,0,512,0,0,512,0,0,246,0,0,266,0,0,,0.17019269696902484,2a587a21c9ede3e64884c40b2571cc5e:0:0,cc27f6820f73f3d4a0e06c433b1d39ac:0:0,ee2b575273db6d7e8bc1d62324944720:0:0,6f98019a2ced3f7d82dd4ec76986268f:0:2908962397,9a617fb74840760c7ef1368a9d0d284b:0:4149556601,8.914572864321608
2107,2,2107,1,legacy,0.0003,0.0,3.847647442173866,16.988706394664632,0.026623869314789772,0.1466796875,0.004864983749575913,0.00013195135725254658,0.000316619873046875,0.016245638951659203,257,52,203,0,0,0,0,0,0,512,0,0,512,0,0,255,0,0,257,0,0,,0.1775926100090146,64e443c9edfd6f037a7eb006642ee85e:0:0,ff9b787f1db46cb2db71350a49624e10:0:0,99405e0254ef477e941ce701278aa470:0:0,2edbe9b464e50557305ad6132c20328f:0:4211331111,92ca0e7f7aa0c67006e854e116ece239:1:3871654468,8.989949748743719
2108,2,2108,1,legacy,0.0003,0.0,3.6608833851872573,16.855066910704863,0.013258561491966248,0.0947265625,-0.00235883635468781,0.0001259494289115537,0.0013872388517484069,0.016025887802243233,271,54,187,0,0,0,0,0,0,512,0,0,512,0,0,241,0,0,271,0,0,,0.17389467800967395,ca485d9cddf07d9caced0ed5b52c045e:0:0,c223d77e50640038f49a39726959fdb0:0:0,8e9719b1b6fefa8427bf7d274fab46e8:0:0,480d5d892ea4957e94b0db6c41fa3e8f:0:2868672303,61693f92a066fcc65a66f559a1ef7b1e:1:2307381307,9.06532663316583
2109,2,2109,1,legacy,0.0003,0.0,3.779338743906395,18.05851951739328,0.0035246415063738823,0.121484375,0.018030628201086075,0.00012919981054437812,9.380601841257885e-05,0.016087986528873444,245,54,213,0,0,0,0,0,0,512,0,0,512,0,0,267,0,0,245,0,0,,0.1704231279436499,e1c625feab380a6595b9bd151869205e:0:0,db8a1dc22bf263193e46de1bad5022e8:0:0,29a8e737a9d4cf6099bc252dbdad46a6:0:0,f55fea849ba6bd356013265eab144a8f:0:2858837713,37f59974bfd88f14d2161675722e7a91:1:2888773404,9.140703517587939
2110,2,2110,1,legacy,0.0003,0.0,3.7526123974397185,17.87107533012602,0.014477180317044258,0.144140625,0.003192614670842886,0.00014104459951340685,-0.0003182986984029412,0.016844429075717926,255,57,200,0,0,0,0,0,0,512,0,0,512,0,0,257,0,0,255,0,0,,0.16944422805681825,0742cf563d301f638d68d7608de63c5e:0:0,b7f3f9009dddee0e82decf5f408ce29a:0:0,8c63c8dbb5c87f7715550a22ee71dcde:0:0,ab0e1b1c175ff6162fb0be76676e568f:0:1520176232,95774d25b4bcd4851a06686e7f3eac8e:1:1583092672,9.21608040201005
2111,2,2111,1,legacy,0.0003,0.0,3.749501012469187,17.336161332042366,0.02709287405014038,0.11171875,0.005106572341173887,0.00013914796909375582,-0.0021194303408265114,0.01678193360567093,249,55,208,0,0,0,0,0,0,512,0,0,512,0,0,263,0,0,249,0,0,,0.16962144302669913,33b617ff7d391a59ab18ba5415a3585e:0:0,e305c4b24e055c81690af9492a8d8a9f:0:0,7f02efefeab7bae78e104076deb13757:0:0,22ee63bc5471ba3999b3eb3f7708628f:0:3065732488,ddcee12d654843b321bcd8c43157cf10:1:3832795816,9.291457286432161
2112,2,2112,1,legacy,0.0003,0.0,3.7871741900138294,16.694969521336134,0.005520929582417011,0.1205078125,0.010650321748107672,0.00010149785375688226,-0.0013556741178035736,0.014346431940793991,257,49,206,0,0,0,0,0,0,512,0,0,512,0,0,255,0,0,257,0,0,,0.17350777401588857,2fe6bbb8acdb1374e082028bafa0745e:0:0,03aff081b1860834ea80ad98d72e3e2d:0:0,058c72c426d26480061a84b4c6856c1e:0:0,19e5731957877b9b39423445d9e26e8f:0:1350737181,212878de5ba66f477f5fc0f4adf0a40f:1:1214150584,9.366834170854272
2113,2,2113,1,legacy,0.0003,0.0,3.698792621709417,17.927092087955998,0.018312759697437286,0.126171875,0.001481519965454936,0.0001168057930044597,0.0005593858659267426,0.015383104793727398,259,52,201,0,0,0,0,0,0,512,0,0,512,0,0,253,0,0,259,0,0,,0.1732031359570101,d8ed9ab7518f663815f78ca35bdd905e:0:0,04c7079680b243ba39eaa3f29d2ac08e:0:0,21381e8fb66e97cb51e814c2a9d18cd5:0:0,26f5e79a52693ebeba7c61158ffc7a8f:0:416171203,9570a56a3a68a9733aee3db999adafa4:0:2635999286,9.442211055276381
2114,2,2114,1,legacy,0.0003,0.0,3.6815464364010104,17.170658898970714,0.01683073677122593,0.14453125,-0.0010835424531251193,0.0001115074090193957,0.0008001817623153329,0.014968165196478367,268,53,191,0,0,0,0,0,0,512,0,0,512,0,0,244,0,0,268,0,0,,0.17337691003922373,9c28bd3b61cc5ca8466675371a5aac5e:0:0,d7c42c2547642e0dbf116a248e76d5d3:0:0,df45e6e2952428536a400b587186c8f6:0:0,f29a4ee641cfd894e67e793a9956868f:0:1313045965,25e1398c226f999d0b18d38f3401c9d9:1:571964661,9.517587939698492
2115,2,2115,1,legacy,0.0003,0.0,3.7377654561954268,17.1019372598181,0.014590058475732803,0.13046875,-0.00395301184616983,0.00010149765112146269,0.0005893969209864736,0.014348385855555534,262,64,186,0,0,0,0,0,0,512,0,0,512,0,0,250,0,0,262,0,0,,0.1719873120309785,0e52a1219eeefcb89b5618e2eb17c85e:0:0,76a878214dceabf4d1394bae93e3cfc4:0:0,c749bfb3e188b5c2a33be2d25a037515:0:0,ae7343e18086cfa0af5fc440f5f0928f:0:4096700107,b452203d78bc39a73e01762db363f5ee:0:2961596158,9.592964824120603
2116,2,2116,1,legacy,0.0003,0.0,3.8196280947567036,16.8398702509009,0.0021185530349612236,0.0798828125,0.003915323037654161,0.00011957230672123841,-0.0001633454521652311,0.015659980475902557,260,46,206,0,0,0,0,0,0,512,0,0,512,0,0,252,0,0,260,0,0,,0.18979743495583534,b198a1a0479ef7f688e81442ce14e45e:0:0,d192cbad1825b2abc4c03e1195e79d7c:0:0,a7568939cadfa47926a691e08e618925:0:0,f4607ab7c267e05c3c32c9b4a5ca9e8f:0:1117100059,e5b6055dd6ab7cd89cf47c0b3a3d8e6f:0:2705107830,9.668341708542714
2117,2,2117,1,legacy,0.0003,0.0,3.6278186399543704,15.811723211430717,0.02439853549003601,0.097265625,-0.0021606952883303165,9.352380366181023e-05,-0.0001530319859739393,0.013586440123617649,273,31,208,0,0,0,0,0,0,512,0,0,512,0,0,239,0,0,273,0,0,,0.19369189895223826,d30cc8038e48bd75e9d843f2c352005e:0:0,254ee44b1fe4e4c0e5df2bf57b3b762b:0:0,eef7844a5f7b03c38fb3f413c5a2806e:0:0,1c1891d929bc24ddf5055121a8e4aa8f:0:2782018433,3b655aff4009a9e182b96b41d89eb3ed:0:1748166512,9.743718592964823
2118,2,2118,1,legacy,0.0003,0.0,3.8255205628574034,16.23220510335841,0.004750222433358431,0.11875,-0.0017990720458328723,0.00010554482905718032,0.0013160124653950334,0.014660690911114216,262,54,196,0,0,0,0,0,0,512,0,0,512,0,0,250,0,0,262,0,0,,0.1738418029854074,12ebeee97f49adfd1b7cc48ecacf1c5e:0:0,99e85851f01dbb58c593f9653a7289ec:0:0,7c7d6e124c9d14d9125ed2a26813deec:0:0,9280921c698edfbd8ee06213ff3eb68f:0:4184540819,0e7935c538a295562d361a69aa2f159b:0:2758403573,9.819095477386934
2119,2,2119,1,legacy,0.0003,0.0,3.730429074545304,15.18748995158603,0.07128424942493439,0.0955078125,0.003613722091540694,9.498007784713991e-05,-0.0022548597771674395,0.013813594356179237,274,37,201,0,0,0,0,0,0,512,0,0,512,0,0,238,0,0,274,0,0,,0.17360121000092477,df28d827426a727119c5f2b2e48c385e:0:0,9e114e2bd1c060356e17411fc56e6a50:0:0,a275c6f2b5949974a15b9f97cdb05746:0:0,c1a12783277dea3917c84417a8d8c28f:0:1670680485,e1293a9f46d79a17208561134dc15b9d:1:2891680779,9.894472361809045
2120,2,2120,1,legacy,0.0003,0.0,3.841606916471473,17.08503969076247,0.03322616592049599,0.1630859375,-0.012028651218861342,0.00010993628857249859,-0.00020497789955697954,0.014898068271577358,256,45,211,0,0,0,0,0,0,512,0,0,512,0,0,256,0,0,256,0,0,,0.16762696905061603,16bfa82be34374819b3e6afb1089545e:0:0,517f3075cfb3358c052cfb3badf8398f:0:0,9033c1ea54a9c434f054d73c2bba97d3:0:0,9664c7690f93c59a02bc7eb8a5b2ce8f:0:2370898008,b7397f1d62a277f7cbdd2d2a3cb47897:0:2444947632,9.969849246231156
2121,2,2121,1,legacy,0.0003,0.0,3.9253513245574116,16.99363182491993,0.007235099095851183,0.1212890625,-0.00068464120849967,0.00010348509458708577,-0.002625394379720092,0.016336483880877495,255,40,217,0,0,0,0,0,0,512,0,0,512,0,0,257,0,0,255,0,0,,0.16928331495728344,68c3285f0c2779952d0b0a034ec6705e:0:0,706762de2de46023ee9e470e0e188728:0:0,27f545e93782b2b4e607d20e0a9ba9b5:0:0,9d8730314cb74fda33b7d982f5ccda8f:0:1735587626,98e46fe7e00a0211629ec9a688b06670:0:94562705,10.045226130653266
2122,2,2122,1,legacy,0.0003,0.0,3.8492574926840764,17.45059400924447,0.010260719805955887,0.15703125,0.002930028783157468,0.00012186251296952832,-0.0006134145078249276,0.016377566382288933,260,55,197,0,0,0,0,0,0,512,0,0,512,0,0,252,0,0,260,0,0,,0.16944036702625453,fe1e3ca45f305ff54eeaec679f438c5e:0:0,c85226cdf9963686be18e30448d9258a:0:0,344bc834ead0c6ac075d0989f47f26ee:0:0,fe8bf1d1583d1b890bb05c029926e68f:0:3933690791,87ab176cc3a0a6636c098b62b6c6d3a4:1:984824547,10.120603015075377
2123,2,2123,1,legacy,0.0003,0.0,3.8058624248489643,17.44313925885308,0.012741703540086746,0.137890625,-0.005612014606595039,0.00011168832115799887,0.0001209192123496905,0.015156627632677555,246,59,207,0,0,0,0,0,0,512,0,0,512,0,0,266,0,0,246,0,0,,0.16999629500787705,cae81ed65909fe3a8f376ec40200a85e:0:0,4212139a06b01741cb9cb05095aa558e:0:0,6f05e3f27e6ffbb84d935e0a03812290:0:0,3d6efde353266af074974dc38fc0f28f:0:821990387,b978b34433a47c23d04323d77ad2b4b6:1:1112352219,10.195979899497488
2124,2,2124,1,legacy,0.0003,0.0,3.6508037963971276,18.08315162123506,0.044518329203128815,0.153515625,-0.001596565661020577,0.00010900094712269492,0.0022955809254199266,0.014764957129955292,256,52,204,0,0,0,0,0,0,512,0,0,512,0,0,256,0,0,256,0,0,,0.1687436760403216,b62935b5e91724f8a6e42db476fdc45e:0:0,d307e925c7d4a552c999c4fa75d8bd29:0:0,61399d6590f440788a070bd3e144f5f6:0:0,954f99355b99ce79ed593651d99afe8f:0:605034887,288ee53ddcded4401cbae1cca0d7bd1f:0:1473056001,10.271356783919598
2125,2,2125,1,legacy,0.0003,0.0,3.748534465191034,17.444931184502366,0.026049429550766945,0.129296875,0.005045426217839122,0.00011146616088808514,-0.0009248016867786646,0.014938238076865673,250,47,215,0,0,0,0,0,0,512,0,0,512,0,0,262,0,0,250,0,0,,0.17355744808446616,cf48bb762a8cc2aa957f05d4fe3ae05e:0:0,2f74906cecf0cc21b711769c53b41849:0:0,5c4193588e867a77dfd268e20e70aa0c:0:0,e2d370169121665395dddd3976b50a8f:0:246231015,ea690f99ae982fc8f070c0ee359e1648:1:2255740390,10.346733668341708
2126,2,2126,1,legacy,0.0003,0.0,3.9212727588912077,16.90162365349721,0.038811083883047104,0.16875,0.004173673875629902,0.00011814032732218038,0.00020852003945037723,0.01537202950567007,277,50,185,0,0,0,0,0,0,512,0,0,512,0,0,235,0,0,277,0,0,,0.1709237169707194,3950e2b5ea1f29debd3013c197b7fc5e:0:0,060af0f92cf4c29b697dafd0704960e5:0:0,df1cbac1e2b3af4cbe4df17aa3bd1ef8:0:0,67ad01edba3ac7553b084a06670f168f:0:2598956334,568d0a20df05fbcb1004e70e8640e6ef:0:686367284,10.422110552763819
2127,2,2127,1,legacy,0.0003,0.0,3.826165249133095,17.59838755417036,0.015529735945165157,0.1939453125,-0.003544697002507746,0.00010689587870729155,0.0022419404704123735,0.014881341718137264,264,57,191,0,0,0,0,0,0,512,0,0,512,0,0,248,0,0,264,0,0,,0.1669320809887722,8007bf62e3dd79a2feb9b4164375185e:0:0,6cb4cabc880aa8ec7452945686def43f:0:0,970e4143afd184ca16e02a7c0fc9ac3b:0:0,24ce17f0bdc4832562b6c444aaa9228f:0:3575856233,cc199a2737bba02d13ef7379d670e6cd:0:3710639161,10.49748743718593
2128,2,2128,1,legacy,0.0003,0.0,3.776426947034435,16.350256548365394,0.022184550762176514,0.098828125,5.451152101159096e-05,9.800453590287361e-05,-0.0035165613517165184,0.013931727036833763,264,46,202,0,0,0,0,0,0,512,0,0,512,0,0,248,0,0,264,0,0,,0.16741797199938446,e3c6ebace4d72830d578836f0172345e:0:0,f6f87ac67f26a5c61e8178f7d7fbb5b6:0:0,2a04eaf9f05e6fb742d33e46021d37c1:0:0,119c861f62d5539e57c2d38041832e8f:0:342222169,7c689af890735b377574b98a5f8b24aa:0:2683371322,10.57286432160804
2129,2,2129,1,legacy,0.0003,0.0,3.80457131280356,19.211773359739936,0.140523761510849,0.137890625,-0.006079953070729971,0.00010930690223176498,0.0038205059245228767,0.015012306161224842,225,52,235,0,0,0,0,0,0,512,0,0,512,0,0,287,0,0,225,0,0,,0.16764179500751197,0142afd93c27afd973635e67d1af505e:0:0,ffe7ee644c58dcefd63372d9f52591a9:0:0,03e74021d6a54c6fb49b14c641c8dde1:0:0,073d0cef0988e97336013f452b9d3a8f:0:413014485,cb29edae4116d21caccc66ee16b5b5de:0:1657804264,10.64824120603015
2130,2,2130,1,legacy,0.0003,0.0,3.6778901857647437,19.229126979985267,0.012676000595092773,0.12578125,-0.006277167424559593,0.00012809669751732145,0.0010820110328495502,0.01636698469519615,248,57,207,0,0,0,0,0,0,512,0,0,512,0,0,264,0,0,248,0,0,,0.16727304295636714,44535e7127045e31dd0b619cb42c6c5e:0:0,dea06d6e9c6c852936a6b983c835bf5c:0:0,88c72d1137533b1cb1f777b86c5f7628:0:0,c2f5d5604f4e5e14f6420f1f68f7468f:0:3665766329,59d1d7640205b527d72f7400939ef582:0:1828886075,10.72361809045226
2131,2,2131,1,legacy,0.0003,0.0,3.693989199328903,19.56280504100505,0.0065115368925035,0.1267578125,0.004901179671287536,0.00013540218023990746,-0.0028727143071591854,0.016325945034623146,240,63,209,0,0,0,0,0,0,512,0,0,512,0,0,272,0,0,240,0,0,,0.1661144490353763,02909cf02368457f059be9a9a8e9885e:0:0,1ebceb748e474eb4fd19b58ad533022c:0:0,58768a370f63c0aa1037b66f95b82f2d:0:0,dd07b082d14448d77a508a9af991528f:0:2926850129,3400544eb09509d18f2fd9d14eb4d943:0:2224413052,10.798994974874372
2132,2,2132,1,legacy,0.0003,0.0,3.744259840311872,17.245866059289483,0.014552850276231766,0.1361328125,0.003709217230789363,0.000104157778332592,0.00012978437007404864,0.01486009918153286,256,50,206,0,0,0,0,0,0,512,0,0,512,0,0,256,0,0,256,0,0,,0.16270492796320468,1e6673c154fa5061eada932aafe6a45e:0:0,92bcc9af70b3f45745a043e242db3b93:0:0,e429d16d039dee11a770f442963d1d3d:0:0,ed6afeb67f2e775698f33943dd6b5e8f:0:3006856884,12a8ecbbb3cf4a94c046877f890a3f9a:0:3979273916,10.874371859296483
2133,2,2133,1,legacy,0.0003,0.0,3.7321991551462323,17.26249277934926,0.02298699878156185,0.1296875,-0.0016147622372955084,9.617560608603526e-05,-0.0001396255538566038,0.014820185489952564,257,54,201,0,0,0,0,0,0,512,0,0,512,0,0,255,0,0,257,0,0,,0.1627862820168957,df7f3f0567c977c3b1273abbc923c05e:0:0,c22ee66424173d5ddfe1963708d77fc8:0:0,1d53260958120392a19bb6473cd69574:0:0,48daea453191491b29ebe2a614856a8f:0:149231692,8bcef38fa1d2b0c737b42acd30b9a725:1:2757412344,10.949748743718592
2134,2,2134,1,legacy,0.0003,0.0,3.9005042187413173,17.870687551243236,0.011083528399467468,0.11015625,-0.004226608481258154,9.77889409114141e-05,0.0010023349896073341,0.014064645394682884,259,60,193,0,0,0,0,0,0,512,0,0,512,0,0,253,0,0,259,0,0,,0.1627265108982101,742bf4449c7b1b01bf7bfcf8f4a0dc5e:0:0,46f3968e6bbb0b81ab4c74d837af93dd:0:0,d607aab10f1f248fa4d61ac467097151:0:0,b9c7743a757eae8011f78e4d9edf768f:0:3923750535,37d48f83747794a437ae4c11a9753ead:1:1346896854,11.025125628140703
2135,2,2135,1,legacy,0.0003,0.0,3.8564621270674646,18.4349729306291,0.0856497511267662,0.143359375,-0.0008031089790165424,0.00013086662656860426,-0.0012143615167587996,0.01616268791258335,253,50,209,0,0,0,0,0,0,512,0,0,512,0,0,259,0,0,253,0,0,,0.1673735911026597,831da7dae9877a59db6d367e325df85e:0:0,c9c30f89cccccfdfb091fad814ae6a01:0:0,3fc93bea1d7ce65e49279dd0730ab78d:0:0,4d64b1aac0a0cad74ece83c67c79828f:0:688586869,131bbcedbca85c662b894ea73e8a6c46:0:59322148,11.100502512562814
2136,2,2136,1,legacy,0.0003,0.0,3.6861221298587057,16.783702467802186,0.027908144518733025,0.1458984375,0.0072878187522292135,8.227349753724411e-05,0.00014281731273513287,0.01288478821516037,283,47,182,0,0,0,0,0,0,512,0,0,512,0,0,229,0,0,283,0,0,,0.16605768608860672,8787cf965d205396452983e7825b145e:0:0,581d1101764191af583444338e851dc6:0:0,2e600f6347ce860ebe54dd8466188d52:0:0,b05b82e6800e39cf03244a9cad538e8f:0:2275595739,3b43c60486262175200d985a6b22a78f:0:468217145,11.175879396984925
2137,2,2137,1,legacy,0.0003,0.0,3.8925759488280027,17.35872386519759,0.010854408144950867,0.120703125,0.0019319535698741675,0.00010942925291601568,-0.0014135245000943542,0.015104521065950394,255,44,213,0,0,0,0,0,0,512,0,0,512,0,0,257,0,0,255,0,0,,0.16328079893719405,95e26eaa2b5da0f9d379c1d0e498305e:0:0,8dff4dc0b13f939f966144d0d19a3841:0:0,8440d24232e3334371d92b56aea7453b:0:0,9bde0560b473f81682a7aa5c316d9a8f:0:4061428106,0c50c277ac3b0888f5a67e932933e980:0:524212124,11.251256281407036
2138,2,2138,1,legacy,0.0003,0.0,3.656335013349277,18.91963813440043,0.005274057388305664,0.1412109375,0.011007782723754644,0.000124507076543523,-0.0017693184781819582,0.015923012048006058,255,71,186,0,0,0,0,0,0,512,0,0,512,0,0,257,0,0,255,0,0,,0.1646871929988265,cf3e21c3144c7a6c0fc10cd659154c5e:0:0,358078233c59a2a001e46cc64bb84b6f:0:0,307af3be057632132cc05f53a8a81c3e:0:0,6e50045c0e20ef435e02aa9108c7a68f:0:3706272134,c76865b9f17258a2ece2e58bac3c8362:1:1075392167,11.326633165829145
2139,2,2139,1,legacy,0.0003,0.0,3.8047227115414475,19.045003857837628,0.025745026767253876,0.1279296875,0.008787012100219727,9.352147862955462e-05,2.7856731321662664e-06,0.013740328140556812,250,59,203,0,0,0,0,0,0,512,0,0,512,0,0,262,0,0,250,0,0,,0.1664626329438761,66b1e8b40d7c18e551fcc193dfd2685e:0:0,62cd8c533a9aa55235ed272c65c03c6b:0:0,28cd4803244cfe101aa3f42ee5beb785:0:0,2d91bbbcbb7f24f66eda92c73361b28f:0:3475532133,029d069b4ad62c7ded72fc8bad0977fb:1:4025481744,11.402010050251256
2140,2,2140,1,legacy,0.0003,0.0,3.7877257130606883,16.173821415009115,0.041625745594501495,0.1623046875,0.005879566352814436,9.364440229546745e-05,0.0005375614855438471,0.013696608133614063,265,40,207,0,0,0,0,0,0,512,0,0,512,0,0,247,0,0,265,0,0,,0.1672324100509286,e21b8ddc5aa4fc1adcc47ca578cf845e:0:0,3ada900798f4b163e2ead5973d2e6a9d:0:0,86c6350427e969f80b9ec7f91a394934:0:0,cf895ba85c868d40e3cfea8ab13bbe8f:0:3592707511,22f227a66e9b5403fa849de3c45fd62b:0:685274810,11.477386934673367
2141,2,2141,1,legacy,0.0003,0.0,3.832324404868803,17.33572412527451,0.042611271142959595,0.13125,0.008177473023533822,0.0001019561768771382,-0.004963842686265707,0.01508778240531683,267,57,188,0,0,0,0,0,0,512,0,0,512,0,0,245,0,0,267,0,0,,0.17259733600076288,5f77aa128106326af94a1aa7240ca05e:0:0,2d6c072696311ec8e194c70018a3edb2:0:0,366e8533f0774abb5e155d0867cf98a0:0:0,b305e2e8cdb580494c7e79678255ca8f:0:3103063556,c7d0ec8d76170704dbe33341cdaee397:1:4024851932,11.552763819095478
2142,2,2142,1,legacy,0.0003,0.0,3.5848284202191674,18.547925535003174,0.03351488709449768,0.12265625,-0.00415111412294209,9.564217798470054e-05,0.0015264194225892425,0.013978353701531887,248,57,207,0,0,0,0,0,0,512,0,0,512,0,0,264,0,0,248,0,0,,0.17393441894091666,54bd7e89c114c3091359b834e189bc5e:0:0,8e7c02a1898233e1f26a93f9ddb9f900:0:0,db88623595a6d95bd3b24c99e75b104d:0:0,a2c41951bd1ad330a57d46e9a6afd68f:0:3088823557,aff04867f428ab828d94441476edef9f:0:2389727400,11.628140703517587
2143,2,2143,1,legacy,0.0003,0.0,3.7457035950553976,17.461558426788315,0.11052624881267548,0.2080078125,0.0199418572941795,0.00010505148093216121,-0.0007987560238689184,0.014518429525196552,265,45,202,0,0,0,0,0,0,512,0,0,512,0,0,247,0,0,265,0,0,,0.17916096793487668,abad34d202193a69d559b1eab146d85e:0:0,0aa589fbb79fef710cc42c112a2b4ddb:0:0,977ae9f9ecff34ce3dd41a3af39eac90:0:0,817cb2b43bfd9437645e9a9d1e49e28f:0:632583864,65d77560b8607dbfea75b08a77ada3be:1:3874422983,11.703517587939698
2144,2,2144,1,legacy,0.0003,0.0,3.7123729119622655,18.329363439286794,0.010891974903643131,0.147265625,0.0014386524679139256,0.0001098548949812539,-0.003752044402062893,0.014990842901170254,249,56,207,0,0,0,0,0,0,512,0,0,512,0,0,263,0,0,249,0,0,,0.17591129196807742,779c87bc5b5758ef444aa4649343f45e:0:0,de7ee4f5bc099cef929d7cb0a560bffb:0:0,c35fef020b4b2cd148650770c4ce006f:0:0,cbb0ee36bfae6a2283affc0de923ee8f:0:3297695139,4bebf18ea9dd73caeca1d14656f1710a:1:11545042,11.77889447236181
2145,2,2145,1,legacy,0.0003,0.0,3.7660186845646964,18.10167019627329,0.005546228028833866,0.1490234375,0.01643830006942153,0.00011584606545511633,0.002943345345556736,0.015326566994190216,258,52,202,0,0,0,0,0,0,512,0,0,512,0,0,254,0,0,258,0,0,,0.17999093106482178,03466698a65be3d4dbc76c3e8781105e:0:0,0de9d6dd8ae030ef9f292451a8bb45ad:0:0,1ad7ecdac58a1e5d2c6b1c0b6b7e540c:0:0,65a95d33440e96e08efa32c8073dfa8f:0:2578855925,d8384d4daf33880e428905841df55003:0:3307415243,11.85427135678392
2146,2,2146,1,legacy,0.0003,0.0,3.6759981994689466,18.83760780865913,0.005399555433541536,0.0744140625,0.0037056564819067717,9.28396315430291e-05,0.0020586871542036533,0.01363630685955286,225,52,235,0,0,0,0,0,0,512,0,0,512,0,0,287,0,0,225,0,0,,0.17226753197610378,ca35ceeac60c985baa0526148dfe2c5e:0:0,801befa8bc91479a9592e970e7b8015a:0:0,5e60b74eeefc7f3a456a4529b07f68f8:0:0,a508e00882589d6eaec146577898068f:0:805134413,30c0d1bc54b46bc944f7eb1b0ebfc546:0:3908518771,11.92964824120603
2147,2,2147,1,legacy,0.0003,0.0,3.6814121517319522,17.433624261275327,0.018555475398898125,0.1662109375,0.003843165514990687,0.00010679062215785961,-0.00173006986733526,0.014428200200200081,262,48,202,0,0,0,0,0,0,512,0,0,512,0,0,250,0,0,262,0,0,,0.17048314004205167,4ed2df608e1641366bd32e82a6bb485e:0:0,260d739a280fc9845fc14dcfc565fc3b:0:0,b1d7f4ccf799faf12f6cbb625c17b870:0:0,20b456966eb68afdb4847e483d32128f:0:1922314280,26ae7580b37709e1a31ff615b90c3c8d:0:3057834177,12.00502512562814
2148,2,2148,1,legacy,0.0003,0.0,3.881420951491619,18.540182377034853,0.00756544666364789,0.162109375,0.0030476992018520833,0.00010791165768750944,-0.0019915050361305475,0.014805780723690987,249,53,210,0,0,0,0,0,0,512,0,0,512,0,0,263,0,0,249,0,0,,0.1707128529669717,d5a3097b7654ee35a89b2224d1b8645e:0:0,b747128512917e0a4450fd0050e6b7a4:0:0,5e0ebcc62e0d06d1825ebc4767d1579c:0:0,82ddfd696f31e35726be6226550c1e8f:0:977141208,afc4fac9e1007626becdf272a4bb3074:0:392738664,12.080402010050252
2149,2,2149,1,legacy,0.0003,0.0,3.695164625749683,19.201579356860066,0.0445881187915802,0.1640625,0.012556775205302984,9.229085953847971e-05,0.001026024343445897,0.013589855283498764,244,58,210,0,0,0,0,0,0,512,0,0,512,0,0,268,0,0,244,0,0,,0.1691108299419284,1232460b85d24e33ce60dd970ef5805e:0:0,eff285ff5a7304f757ff1fb8dc681263:0:0,308b1a376cbf9987eebd7fbba8edb588:0:0,5301f7e2fe8930824ce4b97dc0262a8f:0:4053848574,3eaeef8459c2e58d118e0e83670eac0a:1:2467192385,12.155778894472363
2150,2,2150,1,legacy,0.0003,0.0,3.8709333879042735,16.52897628963501,0.013033000752329826,0.162109375,0.0023497127695009112,7.923291595943738e-05,0.0013261211570352316,0.012621131725609303,260,39,213,0,0,0,0,0,0,512,0,0,512,0,0,252,0,0,260,0,0,,0.1730492749484256,f49b4b4320f62b414dc27d755e729c5e:0:0,ef1a5899ed536a4db00f00ee3ab70083:0:0,8897d27c0043b593e08c93809dad840f:0:0,63d01af9ad7735a93b688bda7e80368f:0:4144178776,025fadd05023e2f828127bae09a0e614:0:709744254,12.231155778894472
2151,2,2151,1,legacy,0.0003,0.0,3.71463590871185,18.051927929332123,0.04224590212106705,0.1490234375,0.006687867315486073,9.720902489789296e-05,-0.0003921666357200593,0.014021661132574081,258,60,194,0,0,0,0,0,0,512,0,0,512,0,0,254,0,0,258,0,0,,0.16607699100859463,39fff9d5a6850910b5f85e5bc02fb85e:0:0,803771e3529656c90f10f55f0c5365f8:0:0,dbc349ddbc17eb47400dbde25bc41fba:0:0,369dab75b4f7c53ddfb620c8901a428f:0:1033324892,b5ee090a6f1cea2e6d4ebdf4b1213431:1:2817978862,12.306532663316583
2152,2,2152,1,legacy,0.0003,0.0,3.890669840402558,17.079779414939367,0.015580642968416214,0.138671875,-0.0049515882506966594,0.00010200002179772127,-0.0011851590825244784,0.014345666393637657,261,52,199,0,0,0,0,0,0,512,0,0,512,0,0,251,0,0,261,0,0,,0.16577605600468814,58b9893d0708e5a2d0d51ce6342cd45e:0:0,0c52821f282957c0255df2a548a98c85:0:0,474febf67a8b8e8e5a061a5e3b4848bf:0:0,2e486dda8c163a5f0c34ffd3f4f44e8f:0:2583973778,3b1c44760ecdf8ac08c3bcbc379950dd:1:2714029951,12.381909547738694
2153,2,2153,1,legacy,0.0003,0.0,3.779845094654776,17.980999892699856,0.008865026757121086,0.1146484375,-0.0049222520319744945,0.00012416478384693618,-0.0010021444177255034,0.015918947756290436,262,61,189,0,0,0,0,0,0,512,0,0,512,0,0,250,0,0,262,0,0,,0.16646968200802803,0cd969ecc2401c32bec595b0ba69f05e:0:0,c1a1bc68edd3d36bdea5696a2dd8a4ef:0:0,83e7308cc7c7052f0f088e346335f039:0:0,c9b31d7933d1957d8447f088ad0e5a8f:0:998008759,1d803940fe2ca5797cf466b69a0c436e:1:784525503,12.457286432160805
2154,2,2154,1,legacy,0.0003,0.0,3.848579266173213,17.325997568900675,0.11979137361049652,0.2517578125,0.03834856236353516,7.119087003957248e-05,-0.0003938023583032191,0.012096756137907505,260,56,196,0,0,0,0,0,0,512,0,0,512,0,0,252,0,0,260,0,0,,0.16835251089651138,5d005ee2f62e6a6212d0e55752e70c5e:0:0,b6471c15f5999aac910e3b00449ef2e3:0:0,dda888cc651738e0510e428698773414:0:0,457223722ba23c41084cfa72b868668f:0:761734815,e1350a55fbbe401ebad06645ea3c7701:1:3849064465,12.532663316582914
2155,2,2155,1,legacy,0.0003,0.0,3.7507935254914635,18.022410219714402,0.07381121814250946,0.1283203125,0.00010887114331126213,9.101950090553145e-05,0.0005472968332469463,0.013904033228754997,263,43,206,0,0,0,0,0,0,512,0,0,512,0,0,249,0,0,263,0,0,,0.1689104880206287,9cd8f6b26b6c17a4ee986875fda4285e:0:0,6a5e436bb786301b9e949d8965094191:0:0,3f8bbbee190fafc4a31293920e98fcc6:0:0,e81e35b9412d5cad619d651e1702728f:0:1624517077,614de3d7209d32fed0b97299895497a9:0:3383056305,12.608040201005025
2156,2,2156,1,legacy,0.0003,0.0,3.656193658800083,17.831887209916886,0.01676996983587742,0.0921875,0.0009954150998964905,7.846868775231996e-05,8.901668479666114e-06,0.012489909306168556,265,54,193,0,0,0,0,0,0,512,0,0,512,0,0,247,0,0,265,0,0,,0.16685808799229562,ebe54ecaca4f3eee1e57bba8baa1445e:0:0,6bc13e7d66fc7de01f42648e70e3de69:0:0,19110b80a1495ef22b0e5f25135fb0ab:0:0,d0516178adb1f3876e8db816c8dc7e8f:0:3449218646,833a9fc7dcbceef92bef3ff78faa7892:0:1393989227,12.683417085427136
2157,2,2157,1,legacy,0.0003,0.0,3.7112456502907762,19.234145447131823,0.00454234704375267,0.089453125,0.000787136098369956,0.00010249486404063645,0.0007716139662079513,0.014335671439766884,243,55,214,0,0,0,0,0,0,512,0,0,512,0,0,269,0,0,243,0,0,,0.16558915399946272,270dea6e648b3a9b34e4bb8b89de605e:0:0,171cf006ee8de6228e454a4ffe7316c7:0:0,6435571bfffd42f0d8d28ce79013f687:0:0,51d1eb7c33bb75fa2e6dbae8cdf68a8f:0:3757529083,16dac553a90c50c0408e1edf229ff859:1:3400705756,12.758793969849247
2158,2,2158,1,legacy,0.0003,0.0,3.7401078608961376,17.851071894108372,0.034054823219776154,0.178125,0.00565838385373354,9.265289845643565e-05,0.000829976808745414,0.013645730912685394,252,51,209,0,0,0,0,0,0,512,0,0,512,0,0,260,0,0,252,0,0,,0.16607677703723311,6bb8616f3ee232a0a7af84ba6b5b7c5e:0:0,2df7620c9e4614aee88d3cdc02c2875f:0:0,5b729d82bc108204b86416363739e338:0:0,bc1d64982fa61e7bcd8875202650968f:0:594547693,cd4b3321e93a9e1b45efaa06ea1e11eb:0:2468667492,12.834170854271356
2159,2,2159,1,legacy,0.0003,0.0,3.741743680767777,17.494444037737367,0.004902701824903488,0.1353515625,0.005669314879924059,8.11125835753046e-05,-0.0012276630150154233,0.012863876298069954,258,47,207,0,0,0,0,0,0,512,0,0,512,0,0,254,0,0,258,0,0,,0.16642459598369896,5660c1774684ccf5eac273d15f18985e:0:0,162a25d0e680d543d8ae09b332cfdef7:0:0,4dd5315ae47b093cd0a509607c9a2ad9:0:0,baa54f4bcd80dcf2b1242e48d1eaa28f:0:2215408041,4394ac83a57e1c5a4d325dd61874e28a:1:4275048102,12.909547738693467
2160,2,2160,1,legacy,0.0003,0.0,3.7579587406980846,17.851447391717556,0.015348140150308609,0.1369140625,-0.002644014451652765,7.868802040320589e-05,-0.0009625840466469526,0.012454955838620663,265,50,197,0,0,0,0,0,0,512,0,0,512,0,0,247,0,0,265,0,0,,0.16565490199718624,46ffaf49ddbc00418cc2256c6515b45e:0:0,3bf9cf7301a6339f072c1670e4dd2da6:0:0,1ad1964d0d0f0ba57e53c81f51651400:0:0,51ddbf28d6d8ea1a83826deed0c4ae8f:0:3293142309,7b3d0703553cf71d37fd473df1fe3654:0:2466972965,12.984924623115578
2161,2,2161,1,legacy,0.0003,0.0,3.751738281787606,17.633081053634214,0.013324054889380932,0.2076171875,0.027716370299458504,0.00010568462384981103,-0.006384129635989666,0.016722645610570908,258,47,207,0,0,0,0,0,0,512,0,0,512,0,0,254,0,0,258,0,0,,0.16760678810533136,5d31a4172b7908c552ed76277d52d05e:0:0,721c5d51e3377ee782b2adb4e7d2c983:0:0,e5a95a6d4c7afbd41c298d9c56777c2c:0:0,befd71d6cafafe293fdffb9e22deba8f:0:345100360,d5f0455bde43dfd1954f5811d6fdf378:0:4176105541,13.06030150753769
2162,2,2162,1,legacy,0.0003,0.0,3.738461274309154,18.12290308264437,0.00632900558412075,0.2126953125,0.01150986747816205,9.363663230033126e-05,0.0006235315813682973,0.01347323413938284,254,51,207,0,0,0,0,0,0,512,0,0,512,0,0,258,0,0,254,0,0,,0.168645009980537,bf590da3d9677f8a551d829ea7cfec5e:0:0,11ddb59b5620d570a3101777944065bd:0:0,154d55450318f7fe62b6d93cbba95d83:0:0,263e04d234362ab43e74dee2c838c68f:0:495723885,cacb4e5c77c24021b7bddbb691eb5270:1:2776283530,13.135678391959798
2163,2,2163,1,legacy,0.0003,0.0,3.616446510580364,17.9867082299495,0.03667615354061127,0.2123046875,0.013203528756275774,7.559517271147343e-05,0.0026754254940897226,0.012364487163722515,255,59,198,0,0,0,0,0,0,512,0,0,512,0,0,257,0,0,255,0,0,,0.16603908292017877,4d159eb22c1d93cd19c5a76de48d085e:0:0,55f21a209739f4a206bee1ec2a540215:0:0,e26b80be8d1b1a8332bddf9ebbf67b41:0:0,f7ca1a546cac57d540745f48c0d2d28f:0:3186764005,ef8a3387b68e15fac73eb9093db09fff:0:378622417,13.21105527638191
2164,2,2164,1,legacy,0.0003,0.0,3.6919264927904085,17.57736575225408,0.03340137377381325,0.1560546875,0.0038941205479204656,9.105868339247536e-05,-0.002309530507773161,0.013546758331358433,257,43,212,0,0,0,0,0,0,512,0,0,512,0,0,255,0,0,257,0,0,,0.16793608607258648,48a6bfc3a10666a9b1f38131338a245e:0:0,0175b937df7c484566e7fa08a3436129:0:0,b33d0bcb01c1df697c18741e7f567eca:0:0,39967b1b453c648f7c0d045c0cacde8f:0:3892385389,40092cd769aff602e395956fd91df6c4:1:13018012,13.28643216080402
2165,2,2165,1,legacy,0.0003,0.0,3.8481198656545423,19.956454483389052,0.008031640201807022,0.104296875,0.0003101668902672827,0.00010626005496305879,0.0015614537987858057,0.014550494030117989,237,51,224,0,0,0,0,0,0,512,0,0,512,0,0,275,0,0,237,0,0,,0.1663527520140633,fe65cef47da28907d54eec8494c7405e:0:0,40593328e60fc8e1c9e63186306910f3:0:0,ff3845b816ed825b39344dd465ed1680:0:0,67628a134111ea74a86895a8abc6ea8f:0:1803582951,12a0cf412d5287ad854483a552c16e71:0:3380495566,13.361809045226131
2166,2,2166,1,legacy,0.0003,0.0,3.7768271336401265,16.40635132771422,0.012551088817417622,0.0876953125,-0.00046557527966797354,7.033167639747262e-05,0.0001439458574168384,0.012009099125862122,271,43,198,0,0,0,0,0,0,512,0,0,512,0,0,241,0,0,271,0,0,,0.16996427602134645,2fb6b85cfbba9bc6fe1a060408445c5e:0:0,94779d069969e19a84758932b75044e5:0:0,ffd6dd0d8a55c5c2bd0f41ce7e566566:0:0,4d4bb2325866a48a09ac1aba9e20f68f:0:3393235100,7d7917c7ec6767339818c5646a46f85f:1:205733593,13.43718592964824
2167,2,2167,1,legacy,0.0003,0.0,3.826919676424134,16.938312500246866,0.019259901717305183,0.1314453125,-0.000374897476285696,7.274789386428893e-05,-0.0011385864345356822,0.011990295723080635,264,39,209,0,0,0,0,0,0,512,0,0,512,0,0,248,0,0,264,0,0,,0.16948416805826128,39da670dfe20122a85312a4b8e01785e:0:0,650f3e8ac206276e080a57309ba98823:0:0,b597fbdcb0e1a0d17b45c30ea7e999f2:0:0,17fed61c7501796d7cf7db1de3bb028f:0:324552808,c23199ce3b456a3e904c16f73aa1744a:0:2402877924,13.512562814070352
2168,2,2168,1,legacy,0.0003,0.0,3.730284470969642,18.2409540966205,0.011596332304179668,0.1576171875,0.015083843003958463,7.634365338162751e-05,0.0026974170468747616,0.012355768121778965,270,57,185,0,0,0,0,0,0,512,0,0,512,0,0,242,0,0,270,0,0,,0.165761140990071,cb36a16979981685be0af5f725fe945e:0:0,1576d1fbd8a8db5fe74b1569c3b96180:0:0,0a904cf49d325455fe71e9ceed4c26b1:0:0,c2e234761aff28ba84675e5e7c950e8f:0:1781032554,ebf7fca71f89d784d692bdb292213b96:1:1498432867,13.587939698492463
2169,2,2169,1,legacy,0.0003,0.0,3.6573067847251517,17.92935409754932,0.06845144927501678,0.16171875,0.008077143994159996,9.504080589977093e-05,-0.0007241966668516397,0.013833444565534592,266,52,194,0,0,0,0,0,0,512,0,0,512,0,0,246,0,0,266,0,0,,0.17434594593942165,ad2a1240fd8c912812b845a2d03bb05e:0:0,b25ddf93fb9fd40bd170072e890b885b:0:0,26275efa607896561d172a6d0d218744:0:0,03d1ab14f0709baf53116c0868af1a8f:0:1354811164,d2748d39cb7466345085593de8254079:1:490750517,13.663316582914574
2170,2,2170,1,legacy,0.0003,0.0,3.7157002936202397,16.776077820617274,0.01523618120700121,0.0974609375,-0.005346953019034118,6.854658895463217e-05,-0.0010674428194761276,0.011947445571422577,270,39,203,0,0,0,0,0,0,512,0,0,512,0,0,242,0,0,270,0,0,,0.1705832639709115,e7a18acf081f51891fe435ea8cb8cc5e:0:0,2115720185638cda15e5de3d23b6d173:0:0,200cca83a442dca3ff6c627eb3b7d54a:0:0,c876c689165ad911d9080ba7a809268f:0:3008081812,f0db52c37df157fe3b4fbc2dadcb1f4e:1:3108957933,13.738693467336683
2171,2,2171,1,legacy,0.0003,0.0,3.69604046982323,19.504953586613283,0.05857306346297264,0.1767578125,-0.0023956755641847847,8.848820834828075e-05,0.0007716218824498355,0.01326893363147974,247,56,209,0,0,0,0,0,0,512,0,0,512,0,0,265,0,0,247,0,0,,0.17341198108624667,809cf04a113b59b4d0d4236a5b75e85e:0:0,f8ebaf235eb096840281977d56c0a165:0:0,a3a8fd2875555f375fbaed48205b1034:0:0,3e259ac585a49c54cf5884c83aa3328f:0:1572332282,e4c0e632b6503fc448f22a8d40db8677:1:426139643,13.814070351758794
2172,2,2172,1,legacy,0.0003,0.0,3.8454575552555994,17.150619164209502,0.006444240920245647,0.13203125,0.007345697935670614,7.399575079034549e-05,-0.0012608555844053626,0.012236759066581726,267,40,205,0,0,0,0,0,0,512,0,0,512,0,0,245,0,0,267,0,0,,0.17191723396535963,86e6ca7a78404bf77b67aabe3c73045e:0:0,d2743c973e316da27f8445c95c4e5c36:0:0,388c79dae87a691a8b0f797b3b42c1ba:0:0,25b6fcf8e27d8ffcc40b5ef6207d3e8f:0:3119570641,299dc5ed7cf0b4b70e4afdf5492f73db:0:3674863054,13.889447236180905
2173,2,2173,1,legacy,0.0003,0.0,3.6323868478551944,18.05262902655045,0.05562172085046768,0.1990234375,0.024276897800154983,7.76028089603642e-05,-0.00026688698562793434,0.012967950664460659,252,53,207,0,0,0,0,0,0,512,0,0,512,0,0,260,0,0,252,0,0,,0.1710535679012537,26b10766bfe3fac9fc18a8822fb0205e:0:0,3b41e8bfa0aa46ade58c3a34ddc9f352:0:0,71eca4266e118cf32da854843e3d22bf:0:0,d4585df378cb2b45262461bd59974a8f:0:3789713674,1aad8dcaba9b0215761c5aed896dba3d:0:2712848220,13.964824120603016
2174,2,2174,1,legacy,0.0003,0.0,3.724556655714742,20.702649703270026,0.006663549691438675,0.1701171875,0.00529249687679112,8.401118757319636e-05,-0.0018891526851803064,0.013221063651144505,223,59,230,0,0,0,0,0,0,512,0,0,512,0,0,289,0,0,223,0,0,,0.16226637898944318,6ad442d3c3e61afdd1fb3952352d3c5e:0:0,e98673d6416f01a77ff5d7e933fa53ca:0:0,a2227ab43c454feb18881a4e3b82741c:0:0,abf937c25427330551a294a9e5f1568f:0:3672929689,fb4f9aec834a59a9597d634cfd058abd:1:2295064193,14.040201005025125
2175,2,2175,1,legacy,0.0003,0.0,3.8237099290470162,17.14519853129559,0.015112349763512611,0.1662109375,0.0031361526809632776,7.088726979418425e-05,-0.0002109225606545806,0.01205914095044136,275,49,188,0,0,0,0,0,0,512,0,0,512,0,0,237,0,0,275,0,0,,0.17244933603797108,3854b700d43218293abdb9ca4cea585e:0:0,49ea6cfded0a9ab06bdeb82ca39defce:0:0,8217919ae978c49c807eb40200091a08:0:0,fd1dc072a5fbddd59b803f47c58b628f:0:3443261034,8ab99e6118f511eab0421c2c317aeee5:1:1248067523,14.115577889447236
2176,2,2176,1,legacy,0.0003,0.0,3.7921123484944506,16.439999449278275,0.027259986847639084,0.1314453125,0.0032928579952567817,6.0769158881157634e-05,0.001238143420778215,0.011004875414073467,272,43,197,0,0,0,0,0,0,512,0,0,512,0,0,240,0,0,272,0,0,,0.17009764607064426,35d0eeb1e10b0b534ea8c68676e7745e:0:0,f7808bb7ff58e2a490931dea98e7f1c6:0:0,57c8418e64e3d05f849bd0073be6fb0c:0:0,1bae5f3bec499b745db2e922f8656e8f:0:3977802456,24ef18533185d463147a1c5c2002cb41:1:2434288258,14.190954773869347
2177,2,2177,1,legacy,0.0003,0.0,3.675888180656906,18.479420281204284,0.009021838195621967,0.2013671875,0.024580900091677904,7.426883821608499e-05,0.0009698424255475402,0.01223342027515173,271,60,181,0,0,0,0,0,0,512,0,0,512,0,0,241,0,0,271,0,0,,0.17164685297757387,dfda5f4423ddd3e01c9f3c22b324905e:0:0,b47771e8d014ab1507e7a3f6021e02b1:0:0,e7f63e321ca876dc69c1132f2a9baaab:0:0,ec1b389a8ba27f6b032b59c77e7f7a8f:0:3859557310,dfb48f560fc4792eb954349e9c6e8044:1:3245838631,14.266331658291458
2178,2,2178,1,legacy,0.0003,0.0,3.7187561622280416,17.0364489690769,0.013546285219490528,0.1537109375,0.008639895031228662,6.665962318948004e-05,-0.0018816266674548388,0.011443682946264744,269,44,199,0,0,0,0,0,0,512,0,0,512,0,0,243,0,0,269,0,0,,0.17349400802049786,382f3c33f05552bcc61e373b01a1ac5e:0:0,dc544ac68e0c8ef179e1f5d22eca59d1:0:0,0206e501cc65d022a6ce868225935298:0:0,411b092fcee74ef313d598c157d9868f:0:3363590862,f1ccc23a23700b58eb500f2622051476:1:2848772544,14.341708542713567
2179,2,2179,1,legacy,0.0003,0.0,3.73916235832136,19.720945688226266,0.009833238087594509,0.1572265625,-0.004830247024074197,8.328770600201097e-05,0.00024785829009488225,0.01361977867782116,247,56,209,0,0,0,0,0,0,512,0,0,512,0,0,265,0,0,247,0,0,,0.17902681196574122,7a9f1c24994cc7cb9b3d146b625ec85e:0:0,56b86dd65fc09e63dbbbacf676438e4b:0:0,77052738baa50c43b8b9f008dc04383e:0:0,ffac76877f52321b4098ed9c8473928f:0:2120824375,7b001f9c29d29c44479ca06f9e30f5a9:0:3750340532,14.417085427135678
2180,2,2180,1,legacy,0.0003,0.0,3.6753807099038505,19.766854046150684,0.0199040025472641,0.12578125,-0.00031973449513316153,7.401156617561355e-05,-0.0012833240907639265,0.01259507704526186,241,53,218,0,0,0,0,0,0,512,0,0,512,0,0,271,0,0,241,0,0,,0.1384258819743991,41516a25953c519036ad704fd55be45e:0:0,ca96b6844218cce8c8678c32ab3f6188:0:0,aed403ac7ccc425d087dbfad17298f75:0:0,1a10f82e875b082c6f57dfe5044d9e8f:0:2379553951,3b13021563d97df2065708063e4326ad:1:1836905744,14.492462311557789
2181,2,2181,1,legacy,0.0003,0.0,3.7442973967863287,18.011604047677565,0.004551854450255632,0.153125,0.0009346578270196914,0.00010302292757842224,-0.006223990581929684,0.017133047804236412,255,50,207,0,0,0,0,0,0,512,0,0,512,0,0,257,0,0,255,0,0,,0.10517544997856021,b56d1c9a4dbb8f1b99bb27845a99005e:0:0,1a7cc4fc2009199807a695cd632f4958:0:0,f9be323e4a4f066078ef8f1209f5a7e9:0:0,fe7882d153015f4ec6f03726d767aa8f:0:1896967151,4696a5eca36c939a697d44284bb4fcb2:0:932452341,14.5678391959799
2182,2,2182,1,legacy,0.0003,0.0,3.674163383845324,17.79984333501261,0.01115428563207388,0.1099609375,0.0013765376061201096,9.577695382176899e-05,-0.00047195106162689626,0.014422952197492123,261,53,198,0,0,0,0,0,0,512,0,0,512,0,0,251,0,0,261,0,0,,0.1044635500293225,0304c5d445b66438484c56a4f2161c5e:0:0,5916454780e3bcc7d8195d915e6a7d28:0:0,75bdaa86fa1afeb49a08a9978f7ed49b:0:0,06453263e0080f6ebb3afaedfdc1b68f:0:3737117767,efd0852ed58cc6476e1b0a3b3353c367:1:963764924,14.64321608040201
2183,2,2183,1,legacy,0.0003,0.0,3.676621151366769,18.3267991922321,0.04784480482339859,0.1779296875,0.003827953618019819,7.1284279874817e-05,-8.867502765497193e-05,0.012186204083263874,256,53,203,0,0,0,0,0,0,512,0,0,512,0,0,256,0,0,256,0,0,,0.12088198191486299,79e8c91981efdfd664e15a4d9bd3385e:0:0,d33322db90e5e4e29fa016c86359c937:0:0,6c9c2d8aebaa1437d79c2c85fc5ab4b6:0:0,ba6e4fa0b0ae7862190c72c6775bc28f:0:4120584150,c0e6b1b4cf157b50b8d42e2fb919e4c8:0:2677765644,14.71859296482412
2184,2,2184,1,legacy,0.0003,0.0,3.8551936967776905,19.331701716521366,0.03721947595477104,0.2099609375,0.0004677935503423214,8.000201851245947e-05,0.0016761336009949446,0.01286945678293705,239,63,210,0,0,0,0,0,0,512,0,0,512,0,0,273,0,0,239,0,0,,0.1083557769889012,c2db517b5f6f44b7cc94cf1a57d0545e:0:0,a9ca1e1c48baf92043cf21ffb6bb9cab:0:0,666f8c183b09d3fdcf7c2be97c05f72a:0:0,53da38771373634d1234263c4435ce8f:0:1792812062,6918eae32d590753c387a5ddbf1ef0d4:0:2449334762,14.793969849246231
2185,2,2185,1,legacy,0.0003,0.0,3.8113374207265354,18.846104586617685,0.004646360874176025,0.09453125,0.0049226510804146525,5.954912139713997e-05,0.001947710057720542,0.0109635004773736,255,58,199,0,0,0,0,0,0,512,0,0,512,0,0,257,0,0,255,0,0,,0.10879975103307515,8bd6968c4373345c331b91a7260d705e:0:0,a12ca47e351e602f032ef1980b00b9de:0:0,c405d9b31143994804f3b00acc546c8e:0:0,aec6ea4c726d8747497cdcdb644fda8f:0:3538076747,5892aba88e5f07052492de0c9215dfbd:1:727900656,14.869346733668342
2186,2,2186,1,legacy,0.0003,0.0,3.8412832925840004,20.964091154263542,0.014409135095775127,0.142578125,-0.010646652523428201,9.44708848692244e-05,-0.001668009557761252,0.013738459907472134,230,64,218,0,0,0,0,0,0,512,0,0,512,0,0,282,0,0,230,0,0,,0.108450683997944,38e605acd086fc2d3ec4be90068a8c5e:0:0,df862ea9e93634609c195d90d425df6d:0:0,84e81bef9e00413720e501cff313d00c:0:0,e9c9303f9cc5b140deac9e2fd7a9e68f:0:3647702034,c25842093979892a5279f609ef0a8c12:0:3019953779,14.944723618090451
2187,2,2187,1,legacy,0.0003,0.0,3.8122434722662497,18.19088196418761,0.02529330737888813,0.199609375,0.01590944384224713,8.516952111676801e-05,0.00012808720930479467,0.012933230958878994,273,56,183,0,0,0,0,0,0,512,0,0,512,0,0,239,0,0,273,0,0,,0.1054376419633627,b3be0d538c5604eaa479b270f947a85e:0:0,76b8a5b5f7cff76d6dd684de65f60808:0:0,14c9cbfef29f9ff9d9fe5fe795c94bce:0:0,0ecac6e83cde8f277a84b1c59e43f28f:0:243912421,6bb532543676ccaae74846c8bbf28f1b:1:1628499043,15.020100502512562
2188,2,2188,1,legacy,0.0003,0.0,3.831824330540635,19.547802193648067,0.1856270134449005,0.2509765625,0.00010292716324329376,9.265860899176914e-05,-0.0002462463453412056,0.01342708058655262,249,50,213,0,0,0,0,0,0,512,0,0,512,0,0,263,0,0,249,0,0,,0.10692457598634064,95048a5c21d9645643be09e5fe44c45e:0:0,ca096f78e756d5bc6535c7d06f49d394:0:0,da45d104560019d8628160dc68fda8b1:0:0,62002257edb61e4b5ac19f28b81dfe8f:0:2883634232,c58361c66ec203c067f2e9f35610addd:1:3290078313,15.095477386934673
2189,2,2189,1,legacy,0.0003,0.0,3.7079509275308364,19.121257957363014,0.04985855147242546,0.160546875,0.004908242728561163,7.684673182666302e-05,0.0009094804408960044,0.012592392973601818,249,52,211,0,0,0,0,0,0,512,0,0,512,0,0,263,0,0,249,0,0,,0.10772605496458709,c95d3615ab7b912042afa18b1581e05e:0:0,2ea0dc789cc696d1eec108ca4954c716:0:0,8d8f1730678bb460a67a91d0909c235b:0:0,3b4eea6da20cbd045e1b2de525380a8f:0:3727529303,824e264c1570270c008921f536918e8e:0:601991554,15.170854271356784
2190,2,2190,1,legacy,0.0003,0.0,3.737618521350179,18.580139462670786,0.0752214789390564,0.2091796875,-0.0015968353487551211,8.550823877158109e-05,-0.0006784060969948769,0.0130264637991786,254,44,214,0,0,0,0,0,0,512,0,0,512,0,0,258,0,0,254,0,0,,0.11018208204768598,b409ee71b0ce39132a0695fc3efefc5e:0:0,dfa08773c58e1eae351422959b0ee733:0:0,47a42eb9ca4ff94daef41d36235542fd:0:0,954eb4d74fdddf9710446586e592168f:0:2370993736,f7dd80fdba6e5ac0f7592487d90afd67:0:69542867,15.246231155778894
2191,2,2191,1,legacy,0.0003,0.0,3.754001070265283,20.950849624819057,0.009554913267493248,0.165625,0.007895289198495447,7.223245593195316e-05,-0.002681109355762601,0.011987029574811459,238,60,214,0,0,0,0,0,0,512,0,0,512,0,0,274,0,0,238,0,0,,0.14128100604284555,db86485fc36e3980011543d57abc185e:0:0,2d317619368515e355165727e40dcd5d:0:0,e3ae6bd85e4a6bcf826859964b9c1802:0:0,b52e036912b66859b5eb8d99f92c228f:0:2005359826,35e31309ecfb44b21c97c32923295c81:0:3248049062,15.321608040201005
2192,2,2192,1,legacy,0.0003,0.0,3.8774113561224715,19.06988411186603,0.020044315606355667,0.2216796875,0.017982889013364912,5.869964952580631e-05,0.00030943978345021605,0.011066628620028496,250,57,205,0,0,0,0,0,0,512,0,0,512,0,0,262,0,0,250,0,0,,0.1475284859770909,94388f0be6b1b9ea69c847b2c8b9345e:0:0,a5dc73414f475e54e97a2ef0d65d4ba4:0:0,f682fae9a27c8c5f920b2c66cf634b63:0:0,6b9618bc3774a31958ba2daa60062e8f:0:3701695884,0b732ee7d916b0ada83f430313cd3927:0:2832407417,15.396984924623116
2193,2,2193,1,legacy,0.0003,0.0,3.8508666843143375,17.304958976640705,0.01601751707494259,0.133984375,0.003746422380208969,5.613909906969639e-05,-0.0037475619465112686,0.010977271944284439,276,45,191,0,0,0,0,0,0,512,0,0,512,0,0,236,0,0,276,0,0,,0.1489371859934181,146021602dbc68f4bca67e3028f6505e:0:0,bac7db004f0726ba0ebf3b2a0edd816b:0:0,5c7b7e351751e038ed46e0d5f5b55a8a:0:0,6368cc53e3fde3bed3550d441a203a8f:0:3721998768,5f8547f41fff0a5709f3d2c1e3f5ee71:1:365448364,15.472361809045227
2194,2,2194,1,legacy,0.0003,0.0,3.718497426699038,20.37472243784464,0.021985720843076706,0.1798828125,0.006717560975812375,7.74980871938169e-05,0.0003802888095378876,0.012525190599262714,251,58,203,0,0,0,0,0,0,512,0,0,512,0,0,261,0,0,251,0,0,,0.14878618298098445,151209d43b95db8c24d103e99b736c5e:0:0,0f6864bec22143e4286c8c8aecb10812:0:0,12ee5ba48b57dcbf6b3b61cea1131131:0:0,b3242ad04d75c833dd5c33f3277a468f:0:2453053688,73e74fcbbb09a7eda709681b5910d31f:0:563564333,15.547738693467336
2195,2,2195,1,legacy,0.0003,0.0,3.7520592934724224,17.433413088622274,0.09570804983377457,0.2095703125,0.005883009009994567,7.468736330338289e-05,0.0007589255110360682,0.012444042600691319,279,49,184,0,0,0,0,0,0,512,0,0,512,0,0,233,0,0,279,0,0,,0.14902991999406368,d098b33f90de0e54bc03357b2030885e:0:0,56d9e5c9c8955e7037c2d728a06e87b4:0:0,fb2d23672712d36220102dae253b13c4:0:0,64185e04af831d88176ae9438814528f:0:3416753081,31a57720efcafe7142ab78e79d978b68:1:1368862944,15.623115577889447
2196,2,2196,1,legacy,0.0003,0.0,3.6884027079144968,19.4055667138457,0.013500230386853218,0.1390625,0.0046313648577779535,6.17561447143089e-05,-0.001576690818183124,0.011654925532639027,259,55,198,0,0,0,0,0,0,512,0,0,512,0,0,253,0,0,259,0,0,,0.14970285794697702,012ac00dd2bc0955a692af80b72da45e:0:0,93f336400692737223d4bc21926cc515:0:0,91926e145f8a1376c5e758a34e34a064:0:0,d2ad140f772e68561717b4c13bee5e8f:0:2852971724,f72cee850100128cd5bc9698abea5183:1:344178925,15.698492462311558
2197,2,2197,1,legacy,0.0003,0.0,3.700386592215626,20.01891902174293,0.01232217252254486,0.0896484375,0.0020354285137727858,7.646575613762252e-05,0.000944754050578922,0.012457729317247868,231,50,231,0,0,0,0,0,0,512,0,0,512,0,0,281,0,0,231,0,0,,0.14917625591624528,ade747de76a2a5e52f6f4e96606ac05e:0:0,767127f6a4bc014c20b445fe819e4671:0:0,0ca00bf30a0acdc21bf4fc8cbcb2c879:0:0,9ff463df53e6106872f45df843086a8f:0:1310842101,920de5e45c98cc6bbe8effc3931f7ecf:0:2096659242,15.773869346733669
2198,2,2198,1,legacy,0.0003,0.0,3.8082351777061474,17.866015209864372,0.038396771997213364,0.121875,0.004191337106749416,6.475440331996652e-05,0.0008289292454719543,0.011657563969492912,265,43,204,0,0,0,0,0,0,512,0,0,512,0,0,247,0,0,265,0,0,,0.14642748096957803,499b1a437e8776d4e4232f581be7dc5e:0:0,de8ed53e8b438c33b9bace4e6a408a87:0:0,a7c882d8e0e956ac9b88fbd7fd2975ac:0:0,59fa00db21342f9ece8dec749d62768f:0:1499743837,100a5c46f5a2a46b422938a6d23a54a3:0:2233611854,15.849246231155778
2199,2,2199,1,legacy,0.0003,0.0,3.809229800942094,19.42550790444102,0.01978035271167755,0.216796875,0.012264634459279477,7.37238669898943e-05,0.00046750414185225964,0.012098954990506172,235,57,220,0,0,0,0,0,0,512,0,0,512,0,0,277,0,0,235,0,0,,0.14759393397253007,19431bfd3127d2ddb0d2ae61e9a4f85e:0:0,a18cc9e90698f76c4fc0bb4ed399931f:0:0,6316a5ea7837eaa63009b54b085d13da:0:0,f8de6eaddbb20412e66ca7c24afc828f:0:2060133822,a1c566ec71bbeb7d880ad4fb31976dcd:0:390081670,15.924623115577889
2200,2,2200,1,legacy,0.0003,0.0,3.724391159729956,18.80210916647229,0.04331627115607262,0.1638671875,0.018531421711668373,5.905302605242468e-05,-0.0002430200984235853,0.010779083706438541,257,50,205,0,0,0,0,0,0,512,0,0,512,0,0,255,0,0,257,0,0,,0.150244583026506,39cb66baf9f8014bfc3c684fc9a2145e:0:0,44c3b0092830ef6a9cfdb336b773f84c:0:0,a36774bb3499c6d6c20995dd80fa9ded:0:0,c61ed18313c5057d9c14176d4bd68e8f:0:1668754441,f05f189c7ea18a9ef8649a22af9f98fe:0:2209885165,16.0
2201,2,2201,1,legacy,0.0003,0.0,3.56345611557251,18.845037686992328,0.02712772786617279,0.26484375,0.011432879976928234,0.00011547064459591639,0.003058556467294693,0.017053401097655296,250,45,217,0,0,0,0,0,0,512,0,0,512,0,0,262,0,0,250,0,0,,0.13659681205172092,1f718213dc5888ebc3b939bdbbdf305e:0:0,8f1122f1e37bd159cdbd56f0b5345d89:0:0,9af24159163331c705e990f275098f8c:0:0,2caaee4b90b19ddc020303019ff09a8f:0:3932542269,4a218a7f21321326ed84635de0d358fb:1:1391946217,16.0
2202,2,2202,1,legacy,0.0003,0.0,3.7683628401118763,18.867521438681933,0.01777772791683674,0.1875,0.015172111708670855,9.764286478457507e-05,-0.0008590100915171206,0.01466222945600748,268,57,187,0,0,0,0,0,0,512,0,0,512,0,0,244,0,0,268,0,0,,0.10949874192010611,3fb1d71325ada134b73c3f47c05c4c5e:0:0,1a30ea9e47c1e90b333b9679e46df522:0:0,7160abadca461dca3c8ab02d4bb5d784:0:0,3edbf1ed168f855467b3720b474aa68f:0:1203155665,06a3d9ade9c7ec4c8ffd6c8ff77c68c1:1:3299826321,16.0
2203,2,2203,1,legacy,0.0003,0.0,3.7006771916382633,18.32693180135152,0.010632503777742386,0.15703125,0.011839922238141298,7.74235184508143e-05,-0.0003518243320286274,0.012887278571724892,251,54,207,0,0,0,0,0,0,512,0,0,512,0,0,261,0,0,251,0,0,,0.10353122500237077,f305666049f4c5b65552d589d719685e:0:0,e42a6c46b6c6f8e41c3d122ced02226b:0:0,e73366f1e5c2742c149409d006486319:0:0,663fa58b81abc15b659aac1641e4b28f:0:666495489,4988e14a839d63702bd6e3763858c4e3:0:1776605335,16.0
2204,2,2204,1,legacy,0.0003,0.0,3.571298722005888,19.20642068776033,0.03589712455868721,0.1634765625,0.00944556538015604,9.703082760097459e-05,0.0002898402453865856,0.014090652577579021,258,54,200,0,0,0,0,0,0,512,0,0,512,0,0,254,0,0,258,0,0,,0.10363916400820017,b02ccbb316746bc4072499200016845e:0:0,649eea8d7d71621c36dd84cdc0dc8d12:0:0,215cb2a1d3d189d6253bba51795d38cc:0:0,a3bcd164a9e44718e92938ae8fbebe8f:0:3391511289,574dd500c8a8ab94408dd4f71f2b0110:0:492052670,16.0
2205,2,2205,1,legacy,0.0003,0.0,3.6697921176066495,17.970992848529477,0.048520658165216446,0.1263671875,0.0018129684729501605,6.863723720016424e-05,2.8698676032945514e-05,0.0118167819455266,270,55,187,0,0,0,0,0,0,512,0,0,512,0,0,242,0,0,270,0,0,,0.10337033402174711,c198b7efa621da613c7366a63b53a05e:0:0,b8181ede16ccea3227230dc16aacabe4:0:0,d7a83340fb6e20218af68a3d7b7905e2:0:0,f816b703c089410d40cadf6030d8ca8f:0:3815874959,6944c0938279f69689fbaff8b73e1d4d:1:1375401720,16.0
2206,2,2206,1,legacy,0.0003,0.0,3.7331377251208933,19.028072705856403,0.08253590762615204,0.234375,-0.002532321633771062,7.165652114053956e-05,-0.001301031094044447,0.011926790699362755,247,52,213,0,0,0,0,0,0,512,0,0,512,0,0,265,0,0,247,0,0,,0.104258714010939,b0ee45efc359246d879b5ab888d0bc5e:0:0,6ad0f2ddf9e9e022b3f3d0baeca7b2c1:0:0,5c73a06aa1ffc448f1b800e4c8067ab2:0:0,f086bedc1b4ff7f627e6a7b72532d68f:0:1979815603,af41812e8e8bcaa557706125861f70d1:0:23138967,16.0
2207,2,2207,1,legacy,0.0003,0.0,3.6799495889531952,18.672994878124882,0.07259833812713623,0.2537109375,0.0324521591886878,6.646728688792791e-05,0.0027172155678272247,0.011302649043500423,259,48,205,0,0,0,0,0,0,512,0,0,512,0,0,253,0,0,259,0,0,,0.10677891504019499,0eeee4a9a2834510b992d1f2e88dd85e:0:0,36e975ae268c5cbb9045feb2b0e81d99:0:0,92ec041cdf3279f7e975538bda17fb1f:0:0,dc44b4a69ee35ef3d2ded93f6ccce28f:0:886780900,731a1ada9854b44a464633257f0e7b23:1:1974269587,16.0
2208,2,2208,1,legacy,0.0003,0.0,3.6759977096562935,18.874306475572666,0.04009217768907547,0.2041015625,0.015402867691591382,8.943266111600678e-05,-0.0022126527037471533,0.013464822433888912,237,44,231,0,0,0,0,0,0,512,0,0,512,0,0,275,0,0,237,0,0,,0.10933586698956788,2970040e21465e66fdea68f15a8af45e:0:0,f53fbef5fc4440a28539c19c6106bb87:0:0,d8df003390cd02e01f8a503c00ccbc3b:0:0,d1a739283b9e42edfb10fb8507a6ee8f:0:2083181507,9c5617ff9f5aef229d3e5184ef45bd36:1:4141891236,16.0
2209,2,2209,1,legacy,0.0003,0.0,3.7596199981796987,17.931342987878907,0.030733240768313408,0.1181640625,0.0075510183814913034,7.613996567670255e-05,-0.000834405655041337,0.01240645069628954,257,51,204,0,0,0,0,0,0,512,0,0,512,0,0,255,0,0,257,0,0,,0.1366869469638914,dfce40a2f5dc1a6cf6ccfc4fdec8105e:0:0,81a01bbf73f31589fc5c5edabe808055:0:0,970b2845177970b186a724106704cb17:0:0,574767532efb1d38ead5d613f5c0fa8f:0:3745365484,7ae770e85c637184ee7f137ffb96cc2a:1:2681665210,16.0
2210,2,2210,1,legacy,0.0003,0.0,3.8775097501548976,17.754819331412364,0.01556751225143671,0.180859375,-0.0002169629093259573,7.372347899945453e-05,-0.0015695623587816954,0.012092768214643002,262,48,202,0,0,0,0,0,0,512,0,0,512,0,0,250,0,0,262,0,0,,0.1512597210239619,4aa274877a2a2e2bd8ffa8aa75452c5e:0:0,675a99df59c573ecdd0334455a1ef5b1:0:0,a8676d8645289cc10467343faf0262ef:0:0,32840dfffc45897a89817078371b068f:0:4284198999,54d63bc6da4080767a4b4c8c6786d03a:0:847405428,16.0
2211,2,2211,1,legacy,0.0003,0.0,3.7956704236288576,18.452582496684045,0.02203211560845375,0.178515625,-0.0015337588265538216,7.99804731286713e-05,0.001116658328101039,0.012710929848253727,256,45,211,0,0,0,0,0,0,512,0,0,512,0,0,256,0,0,256,0,0,,0.1280479560373351,87b4db3cfe38ff2587e1ca9d1e02485e:0:0,782e877bb5a9f2caaca4a8d2c3964948:0:0,2488e83ebcc675b10871e463c057d500:0:0,7c224ec64f195ecf6763123dcbb5128f:0:156801152,544cf51b850a60f700349286868d16ef:1:1001439907,16.0
2212,2,2212,1,legacy,0.0003,0.0,3.7521728792498594,18.431177495813245,0.035440489649772644,0.1740234375,0.001328860642388463,6.731393405061681e-05,-4.898474435321987e-05,0.011445275507867336,243,45,224,0,0,0,0,0,0,512,0,0,512,0,0,269,0,0,243,0,0,,0.12901416199747473,e17b5835cda46b00b16cfec3d8ff645e:0:0,71144fb006def7b62a2e9e197d201219:0:0,b32dc424af7ff0521b92564f7716e3a0:0:0,a0daedc93a3b6c2fc9c542f0b38f1e8f:0:965325938,2829e82973cacfa6ba6830f826ecefa8:1:61116534,16.0
2213,2,2213,1,legacy,0.0003,0.0,3.732711651236242,18.254108475747444,0.024383237585425377,0.205078125,0.00810654116794467,7.082880983944051e-05,-0.0001953417668119073,0.011953206732869148,256,48,208,0,0,0,0,0,0,512,0,0,512,0,0,256,0,0,256,0,0,,0.10927440703380853,ec1beed853a2b174ea3521baa63c805e:0:0,fedbabb4794ce7465f383e6ba223b54a:0:0,bb66d11db36854ebc745ab592370175a:0:0,51a525958557d814b6edca1ceea92a8f:0:4012490356,9208b0bc30da1bac1f92ce09496c4cf5:1:1469801845,16.0
2214,2,2214,1,legacy,0.0003,0.0,3.849322391431868,18.095230097674175,0.024935485795140266,0.104296875,-0.004618631303310394,7.715645406278782e-05,0.0017354014562442899,0.01272564847022295,260,49,203,0,0,0,0,0,0,512,0,0,512,0,0,252,0,0,260,0,0,,0.10785542300436646,4333954e093d8076c968501d85b99c5e:0:0,c6aa39627981e54e24a7e51c6c58194e:0:0,2f8bb3b426febaacd2bb8af6678a65be:0:0,91c1657bfc32235d021daf4e7d03368f:0:1477644637,bcca7932c2dd14281e2a2fff078e9d6e:1:2912651943,16.0
2215,2,2215,1,legacy,0.0003,0.0,3.7728422261205803,18.28300125384885,0.022136712446808815,0.112890625,-0.0009994964580982923,8.496668306179345e-05,0.00042468035826459527,0.013026370666921139,254,54,204,0,0,0,0,0,0,512,0,0,512,0,0,258,0,0,254,0,0,,0.11103720194660127,85c3c220195922a404cee6887776b85e:0:0,4b8f83d983b2764d5157f01265fd5c14:0:0,f9d5b1574cab9665d1cc9702f148ad7d:0:0,fa28001cf1d2cf7257913a115e9d428f:0:3068454966,5cf4a4c8d85d882c38d048f9a348fa67:1:719623880,16.0
2216,2,2216,1,legacy,0.0003,0.0,3.6816553335924835,17.914536290959404,0.010867919772863388,0.247265625,0.038362596882507205,4.909698418487096e-05,-0.0012356021907180548,0.009844798594713211,267,45,200,0,0,0,0,0,0,512,0,0,512,0,0,245,0,0,267,0,0,,0.1161752890329808,32e6674de625cfef8ccb81977b73d45e:0:0,c9b7962dc47b5397557e6c12ff833437:0:0,27fe9e4273650c650d32dbbdca20916a:0:0,e6517b256a3ea7ae487ff1f193774e8f:0:390425212,fe0cd661e77855365b1ced4d72f31c24:0:1243641433,16.0
2217,2,2217,1,legacy,0.0003,0.0,3.7156308257193356,19.371940857814707,0.02890254370868206,0.1939453125,0.009549461398273706,8.402478633797727e-05,0.00041222063009627163,0.012999553233385086,260,69,183,0,0,0,0,0,0,512,0,0,512,0,0,252,0,0,260,0,0,,0.11466083698906004,54807c33db97208da85afde691b0f05e:0:0,34669b61f03e108f76d8bdb0fe9e17ab:0:0,6b7b280c5860bef5c8a490cd29a19167:0:0,808fe8899d43adff571c9e7b1b915a8f:0:2261972848,888463e356e8f119e63c328d6222c300:1:2368900230,16.0
2218,2,2218,1,legacy,0.0003,0.0,3.8099577482719997,16.51062121427458,0.051616329699754715,0.151953125,0.0021843443624675273,6.603626370633719e-05,-0.002629815600812435,0.011425677686929703,258,44,210,0,0,0,0,0,0,512,0,0,512,0,0,254,0,0,258,0,0,,0.10984733793884516,a75ec2433a7da22011147811ba2e0c5e:0:0,636eb7563c531bcaeed23ff9846e30de:0:0,d501399caa5a4ae6f74ea91f91f5bf03:0:0,7fa274d3c4e7aace02954739f6eb668f:0:1679399042,1df5a9decb5f6e465fbd4c55831d885d:1:914657739,16.0
2219,2,2219,1,legacy,0.0003,0.0,3.8925105472002137,16.51702279697389,0.016919801011681557,0.15546875,0.0059894311241805555,6.1030501819914206e-05,-0.0015469591598957777,0.010963034816086292,269,36,207,0,0,0,0,0,0,512,0,0,512,0,0,243,0,0,269,0,0,,0.11029673798475415,5c371735c7de8f220f294cb4f4eb285e:0:0,eea54804be6f8f1296e092192810aca2:0:0,932e00d733ea7e27ae460e35d48cf417:0:0,cf0e25696a046021d31333ba2585728f:0:2732222960,0d4244585eb01e39a32bbd844f7da7f0:1:902643515,16.0
2220,2,2220,1,legacy,0.0003,0.0,3.8390992499662095,18.374055861031025,0.014150903560221195,0.1587890625,8.13351827673614e-05,8.207429309550207e-05,-0.0024157811421900988,0.012632676400244236,248,48,216,0,0,0,0,0,0,512,0,0,512,0,0,264,0,0,248,0,0,,0.12343745690304786,d5326a128c25a8949565186c41e8445e:0:0,09622fba7cc1d6f46c4dc16da7a096fb:0:0,6e36a5b81293cd17a98bd91401a34785:0:0,43589cf4a19d600665baeb87a75f7e8f:0:512304866,a1bcd072c7983050285d8279031be6ba:0:197428182,16.0
2221,2,2221,1,legacy,0.0003,0.0,3.6000709923142993,19.778316121636408,0.023165401071310043,0.1064453125,0.004071137169376016,0.00011132461331726517,0.005082754883915186,0.01702299527823925,241,65,206,0,0,0,0,0,0,512,0,0,512,0,0,271,0,0,241,0,0,,0.12981183791998774,1a2847030dcd31ea5d2db7d3a125605e:0:0,7e3ed4df9b567ee13da5c06dbc5746b1:0:0,d8e3609c342d2bd7e0fb8e17621cf09b:0:0,d5c3a369ed7b863078ac362e7c798a8f:0:2091531400,4ebc02b6af76b75dbc81bbdbd9a51028:0:1961803335,16.0
2222,2,2222,1,legacy,0.0003,0.0,3.6595855256202015,19.514435797691476,0.030825721099972725,0.1857421875,0.017566194012761115,8.568805860704742e-05,-0.00021680918871425092,0.013166500255465508,241,60,211,0,0,0,0,0,0,512,0,0,512,0,0,271,0,0,241,0,0,,0.10875800997018814,54d4e8a2b3180f340283478712a27c5e:0:0,4386324979cbf10a082a3fce89f690d7:0:0,3efb82688a155a44d2abc7e35cda65c8:0:0,a3da226eb29a14e2f7021b3aa4d3968f:0:1410746754,95cbc65e77e7c90ce49095cb3f5775bc:1:2856682981,16.0
2223,2,2223,1,legacy,0.0003,0.0,3.717435106624514,18.11053175381403,0.02938077412545681,0.1888671875,0.024543058592826128,6.147991680336418e-05,0.00021371085313148797,0.011499838903546333,257,51,204,0,0,0,0,0,0,512,0,0,512,0,0,255,0,0,257,0,0,,0.11760884092655033,b04dd41c367a058c20002422965f985e:0:0,b8d0a2c1bfbf61beb21de5f0c2c764f1:0:0,88eb8fe367c531de672fbc65f62ce907:0:0,0941462f77f1751404d2e238206da28f:0:3278170373,c1a4b1a536f1a224e6ed9426eb964d7a:1:629398887,16.0
2224,2,2224,1,legacy,0.0003,0.0,3.6552471754639906,18.926459912091786,0.008627524599432945,0.1435546875,0.009813046781346202,9.190139280690346e-05,-0.00040406922926194966,0.01410115510225296,255,57,200,0,0,0,0,0,0,512,0,0,512,0,0,257,0,0,255,0,0,,0.1064889820991084,a60f3813594a1dc36ad8ea422c5cb45e:0:0,f649db7557d6212d96b0a08987063044:0:0,37fe743f53f3ce804b200f1834c972be:0:0,91127e00602b99d20b3012b2ef47ae8f:0:687260533,e5acce9e79fe8f7a618d1aa14585d011:0:283778974,16.0
2225,2,2225,1,legacy,0.0003,0.0,3.592427613353721,18.93686113303943,0.01675545424222946,0.1669921875,0.0072334147873334585,7.60309092584066e-05,-0.000432974542491138,0.012339509092271328,255,62,195,0,0,0,0,0,0,512,0,0,512,0,0,257,0,0,255,0,0,,0.10840474104043096,496d9503405b294ccedc7681d499d05e:0:0,965d773b0d33cf7c2b985717eac54331:0:0,2be21a5934cdefe1043e79660c3614ca:0:0,22c52f6d90ce06e8c42674371161ba8f:0:1743184731,fc5e642333ddc18098bf7384b14288b4:0:3384946511,16.0
2226,2,2226,1,legacy,0.0003,0.0,3.8253602018622965,17.526210836098244,0.06293419748544693,0.2572265625,0.03943052403628826,7.763904741295847e-05,-0.0015260782092809677,0.012534182518720627,270,44,198,0,0,0,0,0,0,512,0,0,512,0,0,242,0,0,270,0,0,,0.10890082502737641,b243a064261669698a73e57d8f16ec5e:0:0,4403234946fa7e4ee3287e5eb0074cc8:0:0,0679268e4749ece74926f7daa0583653:0:0,a8a111ac79657ac646be0e5086bbc68f:0:4282382255,f07b5e5535d5ed80b02a176cf4f887d4:0:85234588,16.0
2227,2,2227,1,legacy,0.0003,0.0,3.8087306011815705,17.315597740122257,0.012041772715747356,0.1205078125,2.340157516300678e-06,6.897879720781929e-05,-0.0018571740947663784,0.011529195122420788,283,50,179,0,0,0,0,0,0,512,0,0,512,0,0,229,0,0,283,0,0,,0.11222033004742116,739bda954db458954aa293d15bd4085e:0:0,f40bea5194f30143d059615287d17bbb:0:0,1d94922c37e9670b749abaabead6ee91:0:0,6e1456aa2d3f3ba012fa288b4f55d28f:0:1297950191,d4367922d49bef2c88a66dc33e6d70c1:0:2158432087,16.0
2228,2,2228,1,legacy,0.0003,0.0,3.746899001996332,18.44091278741189,0.008884552866220474,0.145703125,0.0023038744926452636,8.108148613246157e-05,-0.0010641368571668863,0.01279736589640379,262,57,193,0,0,0,0,0,0,512,0,0,512,0,0,250,0,0,262,0,0,,0.10798844590317458,4517f232632f963247061e193ad1245e:0:0,98ad39c7a90bc0920d7ab23453d2d2d0:0:0,c9e9df8550198e3e4aed03074b9d28a4:0:0,8e5b023e423c07d81dd94a736b2fde8f:0:2770500394,42ced40ef691426aaca1345847e8c5b0:0:2279272047,16.0
2229,2,2229,1,legacy,0.0003,0.0,3.7367038286402234,18.546135561621213,0.019089147448539734,0.174609375,0.004905588272958994,7.621531331096776e-05,0.0005252659320831299,0.012289540842175484,250,53,209,0,0,0,0,0,0,512,0,0,512,0,0,262,0,0,250,0,0,,0.11013452801853418,e035ce25b38df4755dd660f12c0e405e:0:0,9ffb5c159094877b210f4e6b7546bceb:0:0,2ae29826d07b3ffc3deabb96fe23c9c1:0:0,f2e71754e748a9a1dd553b94da49ea8f:0:4213361667,34bd30ca96121b6e2fb6a476d6ff34cd:1:2098780252,16.0
2230,2,2230,1,legacy,0.0003,0.0,3.6399599599966175,17.26963373399144,0.011914542876183987,0.1455078125,-0.003391202911734581,6.83441867295187e-05,0.0009313845657743514,0.011740629561245441,271,45,196,0,0,0,0,0,0,512,0,0,512,0,0,241,0,0,271,0,0,,0.10961619892623276,bf8af272e91ba8922fe578f52f8b5c5e:0:0,f2ec73ec48c87e0264dbc0bad8f98192:0:0,c20086b9c70318d30c763d93add82994:0:0,882b962e25082de75463037b9ca3f68f:0:1852503770,d8cb2e8dc6ff1bded32ff22d5fe60cda:1:2473755236,16.0
2231,2,2231,1,legacy,0.0003,0.0,3.7891951148759526,18.115959438148366,0.013703955337405205,0.142578125,-0.003310091374441981,8.570041864004452e-05,0.00047880609054118395,0.013194630853831768,264,58,190,0,0,0,0,0,0,512,0,0,512,0,0,248,0,0,264,0,0,,0.10706595296505839,1fe2ea6037349d273c9fc2c14548785e:0:0,3f581368b861b69141dc4be4f9236032:0:0,1c49487c11995a1bb3c56f53cfd9b095:0:0,6a0ea61b7b3bbe6e1ef2e9b3b23e028f:0:1097807965,b381718fb342ae0dc88ea2ccce5fd628:1:876073431,16.0
2232,2,2232,1,legacy,0.0003,0.0,3.7852412976224485,19.74721882767767,0.031380750238895416,0.1587890625,0.004245496529620141,8.510548395861406e-05,0.00021137032308615744,0.01296274270862341,245,60,207,0,0,0,0,0,0,512,0,0,512,0,0,267,0,0,245,0,0,,0.1089344909414649,8c1c754e2137e6e9fe0bdaf16d45945e:0:0,f46f5129819f418685d1c40fe06c1b18:0:0,fb8af043f024974dfbc74199bd2122d4:0:0,ca99b0704d741f3c7df075c91b180e8f:0:1903056283,8334c23dbec3c98fc57b6989a64f87f2:1:411848317,16.0
2233,2,2233,1,legacy,0.0003,0.0,3.7860414576199695,18.02428361282864,0.015120460651814938,0.105859375,0.004234154615551234,6.335784219118068e-05,0.0004282210720703006,0.011377157643437386,266,48,198,0,0,0,0,0,0,512,0,0,512,0,0,246,0,0,266,0,0,,0.10689129796810448,8eeb623848415b9304ca9e21a782b05e:0:0,f1f2fc77c66f5c627a32cfc9ccd4d2ae:0:0,cb0f7fd4ba7ac97c752b1a2db279515a:0:0,30c0a9a4d198cf3e63426f47d7321a8f:0:1528117292,9ee812caa7406f783d3dd53292b481aa:1:4033604061,16.0
2234,2,2234,1,legacy,0.0003,0.0,3.6600541198993994,19.698951901114015,0.005735056474804878,0.1123046875,0.0016304627992212773,8.168901294993702e-05,0.0020225695334374905,0.01290412899106741,242,54,216,0,0,0,0,0,0,512,0,0,512,0,0,270,0,0,242,0,0,,0.1074573639780283,138a5083eb454b0a141728edf3ffcc5e:0:0,0331657da489e32398986d831ae040a6:0:0,8dc6709aec69281d093080b06bb9f21c:0:0,558c48f672d0cc2a7dcaddbbe68c268f:0:3881118018,f026b3e4d930c410fb1f584ec2266981:0:3013524129,16.0
2235,2,2235,1,legacy,0.0003,0.0,3.7226680953482165,14.620879955458577,0.05259411409497261,0.1212890625,0.005467624915763736,6.148614211269887e-05,-0.0005720903864130378,0.011089533567428589,293,23,196,0,0,0,0,0,0,512,0,0,512,0,0,219,0,0,293,0,0,,0.10729979595635086,ba27f36b052a5ad23dc6d7f252bce85e:0:0,49f5eadf68d969cec10782f4aeb36d11:0:0,6800a309fd395c4574543b06e33ad96f:0:0,4ed57e1bdb58f9a7456708b14926328f:0:3647275382,8797f9391b869f58139f60a58b427b49:0:1214411272,16.0
2236,2,2236,1,legacy,0.0003,0.0,3.7881287711764813,17.892662615179233,0.010273097082972527,0.1044921875,-0.006231854960788041,7.391313629341311e-05,0.0005244193598628044,0.012036971747875214,266,45,201,0,0,0,0,0,0,512,0,0,512,0,0,246,0,0,266,0,0,,0.11769611900672317,20b6f7fd347d83b5fe4947cac3ba045e:0:0,f094d60c3ee203f6e7412b53d53d6593:0:0,bc63f3ee9d5d58c27866b262e3ec0c9a:0:0,d3530fee17d42bb006ef77b3ff003e8f:0:3347439245,2abe97621418f5bfc1413a8e70817e6e:0:4101701611,16.0
2237,2,2237,1,legacy,0.0003,0.0,3.7407248759786436,20.180600898379453,0.007708905264735222,0.128515625,-0.0033583241049200295,7.704553972871508e-05,-0.0013841489562764764,0.012597432360053062,241,54,217,0,0,0,0,0,0,512,0,0,512,0,0,271,0,0,241,0,0,,0.11158978205639869,0efe4c59d85c31b358a8551346f7205e:0:0,dca374a9e44f0e6fb8711e8422e2cbda:0:0,a2441ea30fa94f1947a684453627bf9d:0:0,273cf63386a0d439f037f250081a4a8f:0:1533773186,1fff81b8731fa04139bf6dd131a13b80:1:2186052056,16.0
2238,2,2238,1,legacy,0.0003,0.0,3.7570311144250823,20.180629871731526,0.01987389475107193,0.1681640625,-0.0015532575314864516,8.421729398833122e-05,-0.001261614728718996,0.01325585413724184,236,49,227,0,0,0,0,0,0,512,0,0,512,0,0,276,0,0,236,0,0,,0.10895116906613111,c79941710e308627f2881c67dc743c5e:0:0,46efb46a9c29c1031f848fd6c3735952:0:0,e7ce019f9c9d6dd54fa98f6716503d0a:0:0,9e7bb40485c054191c0f80116474568f:0:734226437,a53ddc986c45c6511e805cef4cf5d524:1:999315465,16.0
2239,2,2239,1,legacy,0.0003,0.0,3.824360472647915,18.078868469092413,0.05821660906076431,0.1857421875,0.006678700307384133,5.949370442976942e-05,-0.0020740770269185305,0.010702666826546192,262,52,198,0,0,0,0,0,0,512,0,0,512,0,0,250,0,0,262,0,0,,0.10577475710306317,a943d7437bdbbc3d3026fa648431585e:0:0,b743bc2a084cc1b49d8e078b34dfee7a:0:0,2f8836bc5778eedc15211a6a1e960fe8:0:0,8c7cb78d11dbef259e406884140e628f:0:549106101,d17544c688d9a6e8e0fce5a3aec10f47:0:2585154145,16.0
2240,2,2240,1,legacy,0.0003,0.0,3.721887031343028,20.175084142567812,0.009379597380757332,0.20078125,0.012021720432676375,7.355637117143488e-05,-0.0008057807572185993,0.012231376953423023,248,57,207,0,0,0,0,0,0,512,0,0,512,0,0,264,0,0,248,0,0,,0.1051949099637568,fe97764311eaaf94505d8ba53e2e745e:0:0,e221e9c71ba1504db7f6926d3cf4690c:0:0,8b0384ee5f2b3460fe51807ee76d0560:0:0,e5978f39c8f363a08f90333416e86e8f:0:64882415,b58673b0cd5aa6625ccf58dca4a0bedc:0:1533235152,16.0
2241,2,2241,1,legacy,0.0003,0.0,3.7527623285518033,17.498839048607806,0.015723761171102524,0.16328125,0.008044362114742399,0.0001485902201238787,-0.011009801179170609,0.021022900938987732,263,45,204,0,0,0,0,0,0,512,0,0,512,0,0,249,0,0,263,0,0,,0.10651084408164024,887f672131708532889eacc60a6b905e:0:0,630490ec5251155b9f2cbaecb569641e:0:0,4a3d6b026ca8f1953b763f0d76a264c7:0:0,b5b29baa034124d919bfa7ad6d027a8f:0:3761992218,0c7c93c09ce05ed442359cc6a187ffe5:0:701047264,16.0
2242,2,2242,1,legacy,0.0003,0.0,3.718049129841887,18.63812932135147,0.02564830891788006,0.1107421875,-0.000262256758287549,9.544848071527668e-05,-0.006080952472984791,0.014996856451034546,255,51,206,0,0,0,0,0,0,512,0,0,512,0,0,257,0,0,255,0,0,,0.10477320407517254,2b6a8500e12376ad20f77a62e8e8ac5e:0:0,f0e9cfb56c33f2bedfe735dd0def6e13:0:0,d7a59dec8b088b29f19d3b02fb2bd5a5:0:0,d6c8c90bf4e03911838acd7c165c868f:0:270778133,aea3d0f42cc554bd8c7722523f96d47f:0:1422027376,16.0
2243,2,2243,1,legacy,0.0003,0.0,3.601702596840801,19.189324338344704,0.12256080657243729,0.251953125,0.02287221672013402,9.168422166112577e-05,0.0024504114408046007,0.0138975465670228,265,57,190,0,0,0,0,0,0,512,0,0,512,0,0,247,0,0,265,0,0,,0.10934425599407405,62d8ecadfd57bf95900f5117d9a5c85e:0:0,3ec3ab6b3ff9e1de7980f394d55fc241:0:0,8a608997c3f8ebb8e97ef67b1c6ed3bb:0:0,f354c9d30abfbaa43ca8ec2c12f6928f:0:4290928625,28709277c0462d6305816c6d601614e9:0:1653308543,16.0
2244,2,2244,1,legacy,0.0003,0.0,3.748676201493641,19.267417590066316,0.022001061588525772,0.1140625,-0.000291761732660234,8.658454898977653e-05,0.0010574636980891228,0.013402451761066914,249,49,214,0,0,0,0,0,0,512,0,0,512,0,0,263,0,0,249,0,0,,0.11801277007907629,ec98ce248e74ad259727cd80dca2e45e:0:0,d35d434ec599dd50134a2a208c613f5f:0:0,fca1ca4303f10ab8a932f89ba4e6252a:0:0,cfb94803f56ffc68e9cc8b4962d09e8f:0:3093910263,b06f755e03281bfad89cb85a2d7f085f:1:3494045041,16.0
2245,2,2245,1,legacy,0.0003,0.0,3.7596179756444297,19.45905436235762,0.010928887873888016,0.1537109375,0.007441041525453329,8.948841496021487e-05,-0.0011631955858319998,0.013626930303871632,252,60,200,0,0,0,0,0,0,512,0,0,512,0,0,260,0,0,252,0,0,,0.10617711301892996,af15045db17fd02b5e1ccc39f1e0005e:0:0,995dfc88f05c871c88077bdb9d6f8272:0:0,805c423e5dc9cfb1c016b0903daff9f6:0:0,05c0899d1455515970a3726005eaaa8f:0:984743422,92a5924444df9d04850975a925ca458f:0:3591462280,16.0
2246,2,2246,1,legacy,0.0003,0.0,3.8144704583075746,18.28423105868069,0.03903549909591675,0.1484375,0.01246631438843906,7.650956540601328e-05,0.0004426271771080792,0.012575521133840084,262,55,195,0,0,0,0,0,0,512,0,0,512,0,0,250,0,0,262,0,0,,0.10620264301542193,66c2b201be5a51358f6469df195d1c5e:0:0,5f652bc1f58527f18ddd4fe300878873:0:0,396fedfac2820d28102ebb42ee78e680:0:0,c18117ed33cc777703d6a8fbfc44b68f:0:3205943176,c57b1b83c1bd5374e13aec12276dade7:0:4224250728,16.0
2247,2,2247,1,legacy,0.0003,0.0,3.8066851337701864,19.968442094256034,0.020117146894335747,0.2451171875,0.026551339635625483,8.841205344651825e-05,0.00039712866418994963,0.013304212130606174,249,56,207,0,0,0,0,0,0,512,0,0,512,0,0,263,0,0,249,0,0,,0.10470455489121377,5840d849974c66ff740f030c531a385e:0:0,3c99134d7ed2fde72aaf261061306065:0:0,1ec572656e495b07c45d36be7a1619ce:0:0,9a9818f5d0cca5ef2f0a76a945dec28f:0:1918126493,fd24cabf3b7ead586b54cf96b2214270:1:752880211,16.0
2248,2,2248,1,legacy,0.0003,0.0,3.7031345507924054,18.58181257485967,0.017295662313699722,0.2080078125,0.016436919989064335,6.345355850498891e-05,-0.0020650613587349653,0.011239688843488693,250,54,208,0,0,0,0,0,0,512,0,0,512,0,0,262,0,0,250,0,0,,0.10822080995421857,515db0034d7aef1d0fc7345d9f17545e:0:0,738f43744089d6af25f0020ef80aa609:0:0,c689e017b84024b6f91d758679ffeacd:0:0,4afd354154933e80e2de62f3e2b8ce8f:0:4228114952,91a2fe872c6239e099c3f1d69251a786:1:467876326,16.0
2249,2,2249,1,legacy,0.0003,0.0,3.7587484931263333,17.852344620871463,0.020320698618888855,0.228515625,0.014674513740465045,6.296597512118751e-05,-0.0007854208815842867,0.011270211078226566,262,41,209,0,0,0,0,0,0,512,0,0,512,0,0,250,0,0,262,0,0,,0.1081952229142189,dd317b5885e328e73cd1da6efd54705e:0:0,3b22cb6886cfe0a2fa29df64ffa3646c:0:0,e39749ef5a8746c02d8c2e51d126b95b:0:0,b8f71be0fae5222180ed3567d2d2da8f:0:3122438367,bf9cecd69246c4f618c4dff0c665075c:0:1716299847,16.0
2250,2,2250,1,legacy,0.0003,0.0,3.8747294508908947,17.087782407924124,0.006046365946531296,0.1123046875,-0.0028106747195124626,5.9638111633830707e-05,-0.00033119472209364176,0.010998486541211605,270,49,193,0,0,0,0,0,0,512,0,0,512,0,0,242,0,0,270,0,0,,0.10843552101869136,e915919f4a7892a7c80e11dc6dd18c5e:0:0,28b4d1d24ae5c88aed0a8df73e3dbcd0:0:0,e68d4d166f76042fb88a128fada54f88:0:0,7f2af9915571a8e1e7ccf591162ce68f:0:2260376797,d48cee8db89c3be025d3c429d494a37d:1:4183106400,16.0
2251,2,2251,1,legacy,0.0003,0.0,3.777419545200128,18.961946582544442,0.006491623353213072,0.0990234375,0.005362094426527619,7.838774581614416e-05,0.0007350908126682043,0.012542007490992546,233,49,230,0,0,0,0,0,0,512,0,0,512,0,0,279,0,0,233,0,0,,0.11813503003213555,63b08d283300e9058cf53741f08ea85e:0:0,65c7cd4a32e53dbc117da5ea87fe261a:0:0,51da9ec1b33602ada808a559a0713416:0:0,c7a4874f9ee33d137f0eeafbacc6f28f:0:920262930,fba25673cd4ea79cf78d70eb13770d9f:0:817666659,16.0
2252,2,2252,1,legacy,0.0003,0.0,3.685494762071012,18.289441947496243,0.03958997130393982,0.2173828125,0.018664489826187493,8.272373233921825e-05,0.0031159152276813984,0.01282653771340847,240,41,231,0,0,0,0,0,0,512,0,0,512,0,0,272,0,0,240,0,0,,0.10461764095816761,ceddc5a7114a48b0919ae73b858bc45e:0:0,f05db9791b4e9e554977d3191ed3c91d:0:0,1a1d505cfc17eaf9aad4dde987e440e7:0:0,e047aff5502999ad433f9d3396a0fe8f:0:2016593606,31d8988b99c936db44c3d865297d57b6:1:383209908,16.0
2253,2,2253,1,legacy,0.0003,0.0,3.7341903744810354,19.916652943831537,0.01179776806384325,0.1666015625,0.010170863009989262,8.592716585553717e-05,-0.001317532965913415,0.013128037564456463,229,56,227,0,0,0,0,0,0,512,0,0,512,0,0,283,0,0,229,0,0,,0.1052492109593004,831ea07d8c57724e22acfe652cc8e05e:0:0,12b40144adc057a9d0294778f7980b41:0:0,56b9b17b1823ad2cc52d04fdb9b28b5a:0:0,5ba033baaa89abf0d1e6d3c4d3bb0a8f:0:3397778985,9546099833b6714af8940b5cec9920a7:0:653884047,16.0
2254,2,2254,1,legacy,0.0003,0.0,3.6815771499682963,18.802765469109772,0.02282962203025818,0.1255859375,0.00047068530693650246,7.444947514159139e-05,0.0006619744817726314,0.012295201420783997,251,51,210,0,0,0,0,0,0,512,0,0,512,0,0,261,0,0,251,0,0,,0.10600570205133408,b1c7bad9561e30a4ef73995ae645fc5e:0:0,e54ca114645b914e75fe0f291be57695:0:0,6e00acef99a46a3266a28178ac9fc5db:0:0,cbb723cc28ff184f7587963b6415168f:0:763220794,e912d49b3f15fb85844b24fb53fff750:1:1450973211,16.0
2255,2,2255,1,legacy,0.0003,0.0,3.8375001445439922,18.117588650250127,0.04385539889335632,0.149609375,0.010484071169048547,6.854930998088094e-05,0.0007578558288514614,0.01172061450779438,259,44,209,0,0,0,0,0,0,512,0,0,512,0,0,253,0,0,259,0,0,,0.109992019017227,3c7a8841e773e10925d114b8b203185e:0:0,5fc6ef0fd12a8ac6c53a6835b3f5e1ed:0:0,9389cd85d77551696471e88cbff60433:0:0,20b98f6a0b7b628f31a02c2347af228f:0:1120675,58ba5e6d4550e6ae9aa8d54929f33b4a:1:2406978312,16.0
2256,2,2256,1,legacy,0.0003,0.0,3.8144295667330015,18.727501404538316,0.01669904589653015,0.0947265625,0.00039727457333356143,6.570193691004533e-05,0.0007063283119350672,0.011529396288096905,247,49,216,0,0,0,0,0,0,512,0,0,512,0,0,265,0,0,247,0,0,,0.10435788193717599,6ef5b2dbedc41e088e420d1a9000345e:0:0,398ea4835e0eebc30bc67ce41d648b5c:0:0,aa6773012be90194600f7141902c5f2e:0:0,660f47546e8eb92fceaa1d087e892e8f:0:63688788,614323d781707a3dfd4edfd70caa10a1:1:3664419996,16.0
2257,2,2257,1,legacy,0.0003,0.0,3.70260917535991,18.684790896054437,0.07914601266384125,0.1658203125,0.00709993988275528,7.771831697027665e-05,-0.0011021699756383896,0.012442662380635738,249,50,213,0,0,0,0,0,0,512,0,0,512,0,0,263,0,0,249,0,0,,0.10511881299316883,be1b5952d62d8c56a7dd5f1c803d505e:0:0,447b30d984985dd025345aeea1ed40c0:0:0,3043f31dd3ed979730e58a9189fc281f:0:0,f1443391a206640fe61a307708a33a8f:0:1977630314,7ba8d977a85ec7b29a2c3c7d9834c1e1:1:3249019215,16.0
2258,2,2258,1,legacy,0.0003,0.0,3.81917828669531,18.45502342649752,0.008194107562303543,0.1544921875,-0.0013345595449209212,6.521408940898254e-05,-0.0027543262112885714,0.01137583889067173,259,50,203,0,0,0,0,0,0,512,0,0,512,0,0,253,0,0,259,0,0,,0.11549512902274728,167c310321a0c9f8c454275a82ba6c5e:0:0,e64e0727d778a42c6de57e54d8199cfc:0:0,f6bddfee26853f37f6b4bc98af7616a1:0:0,0a1a5ae7b10cd651ee606dfae5fd468f:0:3105787335,58a16d6dbe038de599481552a35dcebc:1:2030921479,16.0
2259,2,2259,1,legacy,0.0003,0.0,3.6925238825856486,17.41122181146011,0.01836554892361164,0.1904296875,0.008158493018709124,6.919566130818567e-05,0.0004491829895414412,0.012060286477208138,274,53,185,0,0,0,0,0,0,512,0,0,512,0,0,238,0,0,274,0,0,,0.14767458895221353,300199aa6d9d7fb223f1c2709777885e:0:0,f70d49f87d7dd63b445a7cc253e2769c:0:0,1d56c676edb1f176289ed40b2679db55:0:0,957e6aad4e57638146e81d201697528f:0:1791361416,f3a64c6ad2960055a8b2c875c8efe934:1:2974302705,16.0
2260,2,2260,1,legacy,0.0003,0.0,3.7563146377343113,19.289589296136,0.03151446208357811,0.1412109375,-7.733795791864395e-06,7.895237467892002e-05,0.0012538745068013668,0.01256514247506857,245,51,216,0,0,0,0,0,0,512,0,0,512,0,0,267,0,0,245,0,0,,0.10310914099682122,fdb6d28c5d2994b0119bccfabe74a45e:0:0,9adf7e160cbdbde32ba6c2965392d354:0:0,70fc27085f599ffb46afed4c0d844dc9:0:0,512c48e196ed97f74417c5729a715e8f:0:3432481107,7d69b068aaed4f9f8cbd28adb9aa40ba:1:646848075,16.0
2261,2,2261,1,legacy,0.0003,0.0,3.8930979365518,18.032406135336032,0.021742409095168114,0.200390625,0.0042953983880579475,7.983207615325227e-05,0.0020392462611198425,0.0140793826431036,250,49,213,0,0,0,0,0,0,512,0,0,512,0,0,262,0,0,250,0,0,,0.14227674901485443,da72bfa5cd9e8475fed22394f7b1c05e:0:0,e4081e6ca1b3228e451d0d0bbc2734e3:0:0,e6c72096e93397355b20af690a89d7d8:0:0,a6d501c55e1634803b512e7e718b6a8f:0:3717713583,c66bee73a54e1b155557da55e154babb:0:437461517,16.0
2262,2,2262,1,legacy,0.0003,0.0,3.777180636672072,16.918675169824837,0.0035473250318318605,0.1259765625,0.006250501237809658,6.415186653612182e-05,0.003102376125752926,0.011559363454580307,275,42,195,0,0,0,0,0,0,512,0,0,512,0,0,237,0,0,275,0,0,,0.15749071899335831,b780083202e8d7099faee2db432edc5e:0:0,f39a3e33084d2e5032cb1a0ffdebafce:0:0,cd2eb0e25868cec6c98f062d6daa1bea:0:0,fecb357bf4f5cd408ef15fcf9be5768f:0:3765753192,f2d6bc6a56f490ae55d8954b9659dce0:1:1893896732,16.0
2263,2,2263,1,legacy,0.0003,0.0,3.650550433197271,20.056677786317323,0.046754106879234314,0.1421875,-0.0005403275135904551,6.401596110663376e-05,-0.0012220507487654686,0.011880616657435894,236,57,219,0,0,0,0,0,0,512,0,0,512,0,0,276,0,0,236,0,0,,0.1665268479846418,8398ce6fb6d5bb5f06e66769a0ebf85e:0:0,d9206c28f45ac6fa418ba4f5fdd84694:0:0,2863ab0d59da85abd3deab6dd4192eba:0:0,b6df0984a06b0bd9ba50a0f2197f828f:0:1270204580,2cf2c07ab094949a9a5ca709c0d7dc2d:1:385275340,16.0
2264,2,2264,1,legacy,0.0003,0.0,3.6830510733407915,21.470661939406455,0.030764328315854073,0.2404296875,0.022696662042289973,7.879226977820508e-05,-0.00012588698882609606,0.012867571786046028,228,64,220,0,0,0,0,0,0,512,0,0,512,0,0,284,0,0,228,0,0,,0.1576783120399341,70ddd33e370ac404c1c74ddc10e9145e:0:0,1facdcc5522ac8c7e6b6fc7b749ac2b1:0:0,11080bd972d6c2f217673cef0454ac86:0:0,6d668d292fb494cf5dc27971ea598e8f:0:3181594630,bd9fb5c55fa1756cb9fdbafc4fe15954:0:510795904,16.0
2265,2,2265,1,legacy,0.0003,0.0,3.634658270819223,17.942980339478254,0.00909362081438303,0.2634765625,0.031919568032026294,8.536999994248617e-05,0.001034928485751152,0.013494270853698254,266,51,195,0,0,0,0,0,0,512,0,0,512,0,0,246,0,0,266,0,0,,0.14985045895446092,e21e86d4fd43c60ff43a72ce9326305e:0:0,8e418e299fa752fd95e4b69eda6e18b0:0:0,68f879cf57c0c3425c30b2068bed8ebe:0:0,1db37749666c902c4a95b0db0e739a8f:0:1185828239,22deeb79e37b9fe25e84e65ecf5bc594:0:1987861005,16.0
2266,2,2266,1,legacy,0.0003,0.0,3.8447381325030405,18.560281457223482,0.09019452333450317,0.2791015625,0.05001982292160392,7.809135076968232e-05,0.0013385716592893004,0.013250669464468956,251,54,207,0,0,0,0,0,0,512,0,0,512,0,0,261,0,0,251,0,0,,0.14779201906640083,cd1052826d72da4874c2f2dd27a34c5e:0:0,74eb52dc82c51d19cd18de79b317d306:0:0,231a035dd579ffb8a4d6de7974641559:0:0,8dab27362c65d5678f144eb985cda68f:0:4113895037,d1329fff5c131641dd5a5cf641bee798:0:2351993306,16.0
2267,2,2267,1,legacy,0.0003,0.0,3.797056393472211,17.56716114533674,0.035015277564525604,0.1767578125,0.012004780163988472,6.016716160957003e-05,0.0020677740685641766,0.011025660671293736,267,54,191,0,0,0,0,0,0,512,0,0,512,0,0,245,0,0,267,0,0,,0.1576608259929344,7a374e08a55e8094e87e2aa3ce60685e:0:0,9d1fba07b8ec3e554c42167d4b27ce20:0:0,9f1152b39c4ac85a6e2ce48ae33cafb4:0:0,b719e19ab5f6ba8982839a995067b28f:0:3625921672,e1d733303c27f5bfc552c6ff050cfc93:0:2247479097,16.0
2268,2,2268,1,legacy,0.0003,0.0,3.6945218979319288,20.299351803930676,0.02165377326309681,0.1873046875,0.01628653225488961,9.167409334622789e-05,0.00015713798347860575,0.01345263235270977,241,57,214,0,0,0,0,0,0,512,0,0,512,0,0,271,0,0,241,0,0,,0.1699418789939955,ee8195d98959e5a6df23b6be875d845e:0:0,091f3fa1c08b2496ef90d506598d01c9:0:0,8354575e5219906fce505155dcb4e667:0:0,1dee5dbd173d8690d1241c066e41be8f:0:1067029635,737d27db49e65380ebb23a1d269740c6:1:4145099881,16.0
2269,2,2269,1,legacy,0.0003,0.0,3.7123876156755298,18.46225767705505,0.051543109118938446,0.2095703125,0.019547213171608745,7.488101000490133e-05,-0.0010889640543609858,0.01229193527251482,258,53,201,0,0,0,0,0,0,512,0,0,512,0,0,254,0,0,258,0,0,,0.17440824199002236,2830961d79b34ae6ef0573c9529aa05e:0:0,363413c9af192ccf789b59055ba10ce9:0:0,f09123e12a0dd6456d48b196251624a4:0:0,5a0edeaaf4ea871788319a8cdf5bca8f:0:3308675912,1963d89d2b8ffd53e46cb2cc281892ec:0:4294196649,16.0
2270,2,2270,1,legacy,0.0003,0.0,3.694158210841789,18.305323841087784,0.0178728848695755,0.168359375,0.014822611794807017,6.188877559907269e-05,0.00027369571034796536,0.011040854267776012,259,46,207,0,0,0,0,0,0,512,0,0,512,0,0,253,0,0,259,0,0,,0.17433717497624457,e2e0d91a5c7490a0d10f7e603017bc5e:0:0,82e5ad8100e0d8f024a7577200e056b3:0:0,fbc658b32f16ea504b5135df59cc8917:0:0,732d4732451bc93821e31db8a3b5d68f:0:1793194869,379eb98ab5845bcd599928895af9cd14:0:3066785852,16.0
2271,2,2271,1,legacy,0.0003,0.0,3.6360346669143437,17.927195324568856,0.01709149405360222,0.200390625,0.024950492894276977,6.205742356542032e-05,0.0024791103787720203,0.011358536779880524,268,56,188,0,0,0,0,0,0,512,0,0,512,0,0,244,0,0,268,0,0,,0.1732472568983212,ff913e3ae711e26f7cc8331f1fd4d85e:0:0,0b594ef00cea7586ce2415bce773c53c:0:0,4c461627fbfedbfbf1742acfcda20deb:0:0,fa23d6d152d675b2916aed15bb4fe28f:0:2904878867,77536d9d78374b49df540d25fd51f71c:0:724951725,16.0
2272,2,2272,1,legacy,0.0003,0.0,3.709521962000577,17.40582592735791,0.023444322869181633,0.1669921875,0.016708433721214534,7.19182868124335e-05,-0.0003065971250180155,0.012101353146135807,261,48,203,0,0,0,0,0,0,512,0,0,512,0,0,251,0,0,261,0,0,,0.16212392109446228,27b5f1a053a285e944502ea221d1f45e:0:0,4c9786494fe19e1525218c87932bf808:0:0,60e54f2deca9a74969206323e0b99b00:0:0,0138891476a9d0514ef690302629ee8f:0:1338906916,903fb704249b96ad973181e3afac6594:0:2025029427,16.0
2273,2,2273,1,legacy,0.0003,0.0,3.737468052038974,18.61417280626938,0.009667296893894672,0.1466796875,-0.0005928724538534879,7.273103146872017e-05,-0.000815863604657352,0.011921812780201435,260,59,193,0,0,0,0,0,0,512,0,0,512,0,0,252,0,0,260,0,0,,0.10998727602418512,ffea0ad2ed3fcb8bf0624d85360f105e:0:0,f1d45bd851a6ced812cddb36cb5eeba8:0:0,6fde4d9f69ce226ca7f941b621a3ad2d:0:0,266968233707da8e63aece93e443fa8f:0:10675155,48adb9f67376023017630d33eba37e65:1:1595234291,16.0
2274,2,2274,1,legacy,0.0003,0.0,3.858791458494297,18.710366084826546,0.01329828705638647,0.1953125,0.01732057216577232,7.454389742633794e-05,0.0009310472523793578,0.012185046449303627,253,61,198,0,0,0,0,0,0,512,0,0,512,0,0,259,0,0,253,0,0,,0.12338684103451669,71f463d01f2621e8dc53ac645c8c2c5e:0:0,ed15b772026b3c9a1b79934264226c32:0:0,d950151fc9435d9a6d6bb6ec253d66f0:0:0,c3d88689c2df997875b7afccf59e068f:0:692401985,52ee8942a6bf6d4fa7bffad24b67fe14:0:2302000981,16.0
2275,2,2275,1,legacy,0.0003,0.0,3.5698869153492074,18.21248102170898,0.033390626311302185,0.1998046875,0.000937638571485877,6.87210822434281e-05,0.001920149428769946,0.01168313529342413,261,50,201,0,0,0,0,0,0,512,0,0,512,0,0,251,0,0,261,0,0,,0.11581681098323315,70d1005ef2344b111213a7db9549485e:0:0,e79e609a8ab5264cfc014b4239f4be04:0:0,a5a37843ebf01138ced3d29b400cc8e5:0:0,fdd2c396f904fed7d4307b675a38128f:0:1405448675,49dd4dba8c8f0215a6c8a4cc40892a54:0:2316336069,16.0
2276,2,2276,1,legacy,0.0003,0.0,3.604069793050831,18.62762313788835,0.009439349174499512,0.1294921875,0.0042205281555652615,7.148466411308619e-05,0.001711735618300736,0.011731998063623905,254,51,207,0,0,0,0,0,0,512,0,0,512,0,0,258,0,0,254,0,0,,0.10599357599858195,4e88403e2464b441662bdc86e046645e:0:0,9da14f24d96116815e3c6dcb595647a9:0:0,29a256b94e72038aece5402e94b6bd05:0:0,bf00f8f26ef275938333b8ef12121e8f:0:2151348672,4de1aa95d5c2b329c4b15a70d78664ba:0:2599579946,16.0
2277,2,2277,1,legacy,0.0003,0.0,3.714041502846925,16.489369522130914,0.009588971734046936,0.090625,-0.00039852110203355553,6.222786651051137e-05,-0.0019470580155029893,0.011191712692379951,277,51,184,0,0,0,0,0,0,512,0,0,512,0,0,235,0,0,277,0,0,,0.10988240502774715,7d10156945dcefce93c027023d83805e:0:0,f7a76699fcebd0106cbb48d28f9f9e7d:0:0,6d66fea39aa1f7a165a2a4e8055ce12e:0:0,b557b7592970115647d72ff01d2c2a8f:0:3309937377,7c4481347f7451457c0fba877905c030:0:216212202,16.0
2278,2,2278,1,legacy,0.0003,0.0,3.739953016868472,19.6396268200715,0.021038467064499855,0.1296875,-0.0008454485156107694,7.869526816648432e-05,-0.0006144491489976645,0.012662054970860481,246,56,210,0,0,0,0,0,0,512,0,0,512,0,0,266,0,0,246,0,0,,0.10900799604132771,9381925c872f5151588ea3e9ad009c5e:0:0,36f95965cd83e0f3d194923ddaa3702c:0:0,a61693e7abe7703801e18c9e4c4f32fe:0:0,008e4bbaf9ac6173b42be7f67b86368f:0:3030756428,a82445ba6bfebc150f86a58de63bce84:0:233009500,16.0
2279,2,2279,1,legacy,0.0003,0.0,3.7885672924041573,17.618352970282558,0.024601010605692863,0.111328125,-0.0010305484291166067,5.9050947311334315e-05,-0.0009252960444428027,0.01104260329157114,271,54,187,0,0,0,0,0,0,512,0,0,512,0,0,241,0,0,271,0,0,,0.1271548109361902,e1d65ae9246aac1290efafd92ebdb85e:0:0,095d4203f068ff7d7ad0a24da1dbc62d:0:0,0abb7e7be9ae46042244e08f5b05a0a1:0:0,708a653db152e70d333e288e2d20428f:0:3341441060,f7d167f19d52fddf09c6996a9f6466fd:1:4039111896,16.0
2280,2,2280,1,legacy,0.0003,0.0,3.7929322150515477,17.925109407940454,0.02471878193318844,0.181640625,0.003028351254761219,5.794610024167923e-05,-0.0015639265766367316,0.010842273011803627,250,46,216,0,0,0,0,0,0,512,0,0,512,0,0,262,0,0,250,0,0,,0.13069453393109143,f165d4d6989433b753d5e76cc2bad45e:0:0,318d1436dfae9f84e0b94ebfc038ac30:0:0,0f9d1375e09777901ee49f4c035cb217:0:0,e2825ff6a02c2e771515794331fa4e8f:0:2535896465,f1a4b8f388b748fb5fa506dc18a959ee:1:3759923961,16.0
2281,2,2281,1,legacy,0.0003,0.0,3.7014297772257345,17.859752756925218,0.02933492884039879,0.172265625,-0.0029126851819455623,9.411509072378976e-05,0.007107154466211796,0.017565704882144928,258,45,209,0,0,0,0,0,0,512,0,0,512,0,0,254,0,0,258,0,0,,0.11994608701206744,39b9643705277f2d0ece274068f7f05e:0:0,224a0d3db966d355697e39a7fd7b69dd:0:0,806b7a48c6e7c9013e69c2558f0a1ab3:0:0,71dcef760dd38bdd9ab4a1a18a145a8f:0:2088572206,4b91ffebd9347db5775f840b6a8c0eb3:0:482447155,16.0
2282,2,2282,1,legacy,0.0003,0.0,3.7356837827341556,18.448321408072843,0.0075685372576117516,0.1345703125,0.002870248816907406,6.436489420593716e-05,0.005108938552439213,0.011140212416648865,249,53,210,0,0,0,0,0,0,512,0,0,512,0,0,263,0,0,249,0,0,,0.10485105100087821,424989ff7938add5a1ff8bf021750c5e:0:0,311ece4ec9737fe459687c33208e63f2:0:0,e3be9cfe11acc0f497cb9b763353cdf1:0:0,c149a78ba20e7b2a0219a935356e668f:0:247371616,96a5e29af1d9ee11281f187e21627243:1:646307042,16.0
2283,2,2283,1,legacy,0.0003,0.0,3.7580016379942722,16.4444701543232,0.015387243591248989,0.11640625,0.0017018552869558334,5.8210434872307815e-05,6.947724614292383e-05,0.010651308111846447,268,43,201,0,0,0,0,0,0,512,0,0,512,0,0,244,0,0,268,0,0,,0.10872551298234612,948b621f03d4aef37c2b7217ec32285e:0:0,6d7cf17b5c6aa0ef9b64eafb31f1898d:0:0,cfc51864b62a83cbc673136c7cbfc82c:0:0,8c72b0f5ee51a327923dd78a3408728f:0:4216011317,5e7d9b69687b441682aa1ffbdb7df38f:1:225391545,16.0
2284,2,2284,1,legacy,0.0003,0.0,3.735615935533228,17.70974999643613,0.009509317576885223,0.1296875,0.014005031064152717,5.666339857270941e-05,-0.0034976317547261715,0.010527968406677246,257,54,201,0,0,0,0,0,0,512,0,0,512,0,0,255,0,0,257,0,0,,0.10941125103272498,78a6c0f9bd3bab55b6ad7653c92f445e:0:0,9cd5a990521e8af149ed9d3527d4ec0b:0:0,2181d27c3a674945680802c26edbe0cc:0:0,ee3cd2fa8aff7be8a715b42c85e27e8f:0:623696577,4db93533c701d5a34f4ae167726632dd:1:4243570782,16.0
2285,2,2285,1,legacy,0.0003,0.0,3.6539803661356114,20.91394589464244,0.03987204283475876,0.166015625,-9.801797568798065e-05,8.402825842495077e-05,0.0015561371110379696,0.013100800104439259,228,63,221,0,0,0,0,0,0,512,0,0,512,0,0,284,0,0,228,0,0,,0.13594614900648594,ac790ed732919144317b753fb86c605e:0:0,e17f0fb722fac2401f0a9a0d26e5a448:0:0,6dcab8a2a40766d583186b104d485bfa:0:0,460fe22f7aec986bbd9106a82afc8a8f:0:158498255,f0abbbb5d2a5df5191eef5caa80583bc:0:341108727,16.0
2286,2,2286,1,legacy,0.0003,0.0,3.826395692775856,17.41205752985877,0.009638874791562557,0.1271484375,0.002316001011058688,6.722223643009783e-05,0.0032303202897310257,0.011539934203028679,250,45,217,0,0,0,0,0,0,512,0,0,512,0,0,262,0,0,250,0,0,,0.11616285098716617,4a6ffa7ddfa0c2abaf258b77b9e97c5e:0:0,b82890100cdeeb8ac32867e65c8810bc:0:0,9dcecb8d5a76352177e72fd7be5fa671:0:0,5b569809c7b593807f9ad6892356968f:0:2350136467,74e304d3f3f6b0664fdf14dba1b7e1f2:0:2450164897,16.0
2287,2,2287,1,legacy,0.0003,0.0,3.722687191619821,17.023968497267106,0.022680738940835,0.110546875,0.008821384282782674,5.9013316240452694e-05,-0.0013177014188840985,0.010867110453546047,261,55,196,0,0,0,0,0,0,512,0,0,512,0,0,251,0,0,261,0,0,,0.10449036897625774,1e8932dfa24ae589f0d61597cda6985e:0:0,2b74551ed2d10ef84430da09d0790a5c:0:0,198ac64954693b6fef014e7101d2f489:0:0,3c89d61089729fecd0196b5b6ef0a28f:0:2059917601,eaefb2ee10ba1c0878816f26e6435acc:1:2612490813,16.0
2288,2,2288,1,legacy,0.0003,0.0,3.7186244181665193,18.399405030078242,0.010661439038813114,0.1365234375,0.0030996557790786026,7.015213614067762e-05,-9.605471132090315e-05,0.011986259371042252,247,55,210,0,0,0,0,0,0,512,0,0,512,0,0,265,0,0,247,0,0,,0.12099053792189807,e5a18a655343d699d251b03bf3a3b45e:0:0,215be65a693e4756cc958e2c443a8fc0:0:0,06a99445a9ff9b88ec97dbd9d2887b99:0:0,51f062decc54bbd1d6ee4cab0dcaae8f:0:3780503665,f296421b7fb00f306510ecb356280bee:1:2020272770,16.0
2289,2,2289,1,legacy,0.0003,0.0,3.6745096960215804,19.763173306552062,0.034248508512973785,0.137890625,0.0005054693669080734,8.421516467933543e-05,-0.001106943003833294,0.012992355972528458,229,62,221,0,0,0,0,0,0,512,0,0,512,0,0,283,0,0,229,0,0,,0.10798582003917545,98763511efb2be3f65f738002be0d05e:0:0,f4ef14b5b5245de6421ba0167e42e696:0:0,b0fddfcd79c5bbf6fbb310d84774efc0:0:0,2701466a06b887510cf64203ffe4ba8f:0:4011195266,dd81039747cdd94270212ebae9a19500:1:1079663452,16.0
2290,2,2290,1,legacy,0.0003,0.0,3.765594907421085,17.018660244997363,0.07911653816699982,0.230078125,0.003281626780517399,6.739332875440595e-05,0.0011785295791924,0.011636144481599331,274,48,190,0,0,0,0,0,0,512,0,0,512,0,0,238,0,0,274,0,0,,0.10543189395684749,228e3d5fff5547b410bfc980765dec5e:0:0,118f846a7b056bf743134cc5df1eb930:0:0,12ea9b8e1d03a7a3219f3a6195d09e60:0:0,7b4c0e4e123abe71480952f2453ec68f:0:1544676344,141f80e32b22880dddf5acc53577b23b:1:3058651489,16.0
2291,2,2291,1,legacy,0.0003,0.0,3.672123215280483,18.198580579201007,0.022858157753944397,0.1765625,0.0010686662513762712,6.506356676254655e-05,0.0008557791588827968,0.011474902741611004,263,62,187,0,0,0,0,0,0,512,0,0,512,0,0,249,0,0,263,0,0,,0.10468723101075739,eff0d26622c0fa72a63ec158d31b085e:0:0,dc63a700e9d393cfd5f9188e7ebf7f3c:0:0,bac04ec4d44f6b916f3622e0a91fa70d:0:0,302f722ada5a5643c6fac701ddd8d28f:0:1288662363,3d134ca78ddfc9e8c21fba4e96248f83:0:2362965529,16.0
2292,2,2292,1,legacy,0.0003,0.0,3.8424638488011675,15.87527686018575,0.030560892075300217,0.1412109375,-0.00533613875741139,5.345858717191732e-05,0.001261235447600484,0.01049225963652134,263,43,206,0,0,0,0,0,0,512,0,0,512,0,0,249,0,0,263,0,0,,0.1034314560238272,c556b479f55eb5e384a1bc254218245e:0:0,c74f02e02e262e111f5c2d6ffc2ddc26:0:0,411ecf6c9debc5d0206ef13112cb0ba0:0:0,96bc0b6b33343d493d9925bec9b2de8f:0:2949920542,3c298d28636d2bfd8afb95a8f1ba57fe:0:4161236388,16.0
2293,2,2293,1,legacy,0.0003,0.0,3.786434604714902,19.453415708471766,0.06081787124276161,0.1767578125,0.0064162231050431725,7.99034685769584e-05,-0.002654416486620903,0.01325025875121355,230,55,227,0,0,0,0,0,0,512,0,0,512,0,0,282,0,0,230,0,0,,0.10466274595819414,8fa9c432aebc4f48b0b09681c355405e:0:0,7917c114c25a4c999ba152cf0431d476:0:0,02a2d77e749dbe8ae40ac3092cf98b86:0:0,6c261b178ae4bf16e0ae36b508ccea8f:0:1158329137,606cc6a59ddf0f5dd0bc8741599df5b3:1:1123741360,16.0
2294,2,2294,1,legacy,0.0003,0.0,3.7395100845688463,16.73900339691272,0.009000502526760101,0.1484375,0.01175368158146739,6.806536912336014e-05,-0.0006444320897571743,0.01187958475202322,275,50,187,0,0,0,0,0,0,512,0,0,512,0,0,237,0,0,275,0,0,,0.1042099460028112,736592572ed051e9f1cd6d0a56d25c5e:0:0,57ff99a8f2d9eeac8e68fd733c22e4e2:0:0,c21fa720e589132c16773cfa49d2cdbe:0:0,6e5eaba2681a8b3b71ff01709b26f68f:0:1737471619,d6634002025ae4b8c362217dbab808af:1:185335239,16.0
2295,2,2295,1,legacy,0.0003,0.0,3.7940773296745793,17.854781423676513,0.0076949717476964,0.12578125,0.006749366852454841,6.41627331788186e-05,-0.0022525633685290813,0.011508499272167683,259,50,203,0,0,0,0,0,0,512,0,0,512,0,0,253,0,0,259,0,0,,0.12302277202252299,9506c5ed60cbe180edf49c5afc8f785e:0:0,790bced8cb307bad7a3e3b620a275148:0:0,d860850bc6e6ef0090ae6a136c9f8f6f:0:0,d111bbe7e8675f644c4bcd7d80c1028f:0:2808718986,e50a1327dc0242e60ceb7c9f0e627b8b:1:4038581353,16.0
2296,2,2296,1,legacy,0.0003,0.0,3.797897716504312,17.014872876291065,0.03088107705116272,0.1521484375,-0.0062923755962401625,6.687224995403085e-05,-0.0017241330351680517,0.011968178674578667,263,53,196,0,0,0,0,0,0,512,0,0,512,0,0,249,0,0,263,0,0,,0.1119002279592678,0b6d404b2016bee545bcc10fb48c945e:0:0,a031b4dd8d102e2ec999af943953ea95:0:0,fa488d302339023e2b6f37dd75888a79:0:0,f09c8be4b0da54c26f502267b99b0e8f:0:4241135664,400329553026568afa2f3f60fd29bcf0:1:3933911596,16.0
2297,2,2297,1,legacy,0.0003,0.0,3.843607656959686,16.15737630897911,0.030084913596510887,0.08671875,-0.004485768708400428,6.761057338735554e-05,-0.0011166790500283241,0.011786880902945995,266,42,204,0,0,0,0,0,0,512,0,0,512,0,0,246,0,0,266,0,0,,0.1107497449265793,5e2615b30b116ef8b056b7c47ec9b05e:0:0,7d89babd8997a4f056a5793a3bf2545b:0:0,55f0439dff95e313e5130886772bbdaf:0:0,5fd49af4036fd0af8bc2c7bb45b51a8f:0:3046392232,7b678ad1dd775d80b0222f62de1e059c:0:228941939,16.0
2298,2,2298,1,legacy,0.0003,0.0,3.757459895866989,19.15792696601102,0.01345953531563282,0.1685546875,0.008541727066040039,7.741348363197176e-05,0.0004738436546176672,0.012469499371945858,242,59,211,0,0,0,0,0,0,512,0,0,512,0,0,270,0,0,242,0,0,,0.1140143609372899,0e3ebbb1ef3983d3178d9d155b46cc5e:0:0,08f51e304e08cdc3a549ce89a2211d73:0:0,21168156bf473b9cba8adf64d1225745:0:0,c9ed6aafebe318930f55c504250f268f:0:736818107,6d01fc98ead220bbff6fd8c3704d0177:1:1407465874,16.0
2299,2,2299,1,legacy,0.0003,0.0,3.582986043024342,17.398247856260696,0.07314357161521912,0.17265625,0.004884250415489078,7.13078410626622e-05,8.265810902230442e-05,0.012032241560518742,256,49,207,0,0,0,0,0,0,512,0,0,512,0,0,256,0,0,256,0,0,,0.10982685594353825,22ca351bba4c082eb3c6cd9e4a03e85e:0:0,13c725ee72c3f98a8ca6d87c728112af:0:0,b59cf82c022b0756ae45b3607e02ffcb:0:0,0eb0a8d9b66d890730b661ce57a9328f:0:130079010,780c11bf350b8dee9706f7dd5fbcbdd3:1:2866594039,16.0
2300,2,2300,1,legacy,0.0003,0.0,3.779349741765958,19.2315748169392,0.01825033500790596,0.1318359375,-0.002878770977258682,6.426255386031699e-05,-0.001284158555790782,0.011526704765856266,246,57,209,0,0,0,0,0,0,512,0,0,512,0,0,266,0,0,246,0,0,,0.13990376703441143,bce386311c020d142801e5fb4b01045e:0:0,638d9d23b811fa9e15f667f6c5bd7acf:0:0,bf36c1d38a02d539de10a4d7d8110417:0:0,6fd1fdfc22ff703dfb8d25a5dd833e8f:0:4018787922,d30dc3ce2d66a41dcdb536fa08bee651:1:2404598365,16.0
2301,2,2301,1,legacy,0.0003,0.0,3.7306116425982445,16.449591485428527,0.00476674223318696,0.1314453125,0.009845084743574262,0.0001474615371989785,0.012832391075789928,0.02221301756799221,270,47,195,0,0,0,0,0,0,512,0,0,512,0,0,242,0,0,270,0,0,,0.10524181497748941,83f65a21440359c69dd8c2c85e3e205e:0:0,342b70f914ef49f2685c2dfb4db350de:0:0,f0968fd4499a26edd7eccbdfeea108d9:0:0,8dad65c4077e8ba65c7dd816b69d4a8f:0:1446803493,27e1da2977ecb8e6996898c50fa87b20:0:3814671521,16.0
2302,2,2302,1,legacy,0.0003,0.0,3.793731667276406,16.02709010713852,0.0390307679772377,0.171484375,0.008973282296210527,7.551371891167946e-05,-0.00015608174726366997,0.013987617567181587,265,44,203,0,0,0,0,0,0,512,0,0,512,0,0,247,0,0,265,0,0,,0.11607302504125983,7caf7dc567ab3defe17f80a183bb3c5e:0:0,6b3d26f7dff7a90b462fe7e097eb297e:0:0,b13fb71beab55ca4c6d045212d1c5a0b:0:0,4374a957539628d12d2780ace2f7568f:0:2120117843,709f0212f0b0f69771a0536bb27d5e67:0:752520960,16.0
2303,2,2303,1,legacy,0.0003,0.0,3.676918671762575,18.192308696461623,0.042132213711738586,0.1501953125,-0.007439038762822747,7.997575339686591e-05,0.00031276309164240956,0.012801206670701504,245,57,210,0,0,0,0,0,0,512,0,0,512,0,0,267,0,0,245,0,0,,0.11027911701239645,c56aaa1dfb3b860c7dc47c22bb78585e:0:0,a824c05b13539497f14cb7777bf5ddf3:0:0,ea80a8ca32098ce450d014f8f9210e09:0:0,21f6533da8a4e996402466f46291628f:0:425841205,11cd884698a0ca1aa4f331764fc41fea:1:190049171,16.0
2304,2,2304,1,legacy,0.0003,0.0,3.9132084547916195,15.8527020138024,0.006903708912432194,0.1013671875,0.007154678204096853,5.8289336811867544e-05,0.0021184985525906086,0.01075624581426382,264,45,203,0,0,0,0,0,0,512,0,0,512,0,0,248,0,0,264,0,0,,0.11720177298411727,f4820bc3ca199217d81051e80575745e:0:0,a56b463da17d6edf8d65e217c2f15c69:0:0,d55cc84f52a0e351d9089f8cf2c2dfbf:0:0,47fe3fb8f8542b796d0a1279356b6e8f:0:2734364026,e65225a238171d22cc46f3de0d33b22a:1:174800410,16.0
2305,2,2305,1,legacy,0.0003,0.0,3.860283388948112,16.322857275940805,0.018179701641201973,0.136328125,0.004078093031421304,7.786838377796813e-05,0.00011497660307213664,0.0124741792678833,261,49,202,0,0,0,0,0,0,512,0,0,512,0,0,251,0,0,261,0,0,,0.11298981704749167,a1ce032959b18e784c65de8d61b2905e:0:0,39fc8e18a5f46ae5fe876575a7c60705:0:0,9c010baffffb7e0702dc6acd1be79897:0:0,9b15c3b7dc65124f9c694ac75b857a8f:0:3256844707,e9e33b0b0148b2722689e444199b846a:1:3669480390,16.0
2306,2,2306,1,legacy,0.0003,0.0,3.853870610363423,19.79197368503094,0.008073256351053715,0.1513671875,0.0051137843867763875,7.99368124717148e-05,-0.002904165768995881,0.013129498809576035,236,66,210,0,0,0,0,0,0,512,0,0,512,0,0,276,0,0,236,0,0,,0.11139723809901625,2f28c433429bcf2b49623eaed02fac5e:0:0,374d4430c7375d0080469f7b7d519b6f:0:0,a4e6b51ffdafc951029ff668abb0856b:0:0,de5f47d69a3f3623d3ce176ad4df868f:0:581007517,2f1966e77065286d4972a62b0c751ccf:0:2488061304,16.0
2307,2,2307,1,legacy,0.0003,0.0,3.741668056945848,15.98812013226052,0.005704338196665049,0.1697265625,0.013764883065596223,5.927780312049435e-05,-0.0006220006616786122,0.011139889247715473,269,45,198,0,0,0,0,0,0,512,0,0,512,0,0,243,0,0,269,0,0,,0.10804901795927435,5e29c2586ba04d316c3ccee850ecc85e:0:0,d76db8c2b1ef713090185031709fa163:0:0,7deb0f30b8c2d05f08fb04ab545385ff:0:0,caaf242f04ccf45c41bfbfefa179928f:0:653273453,d8619c9664ccfd0475734f8bc755135f:1:1263302286,16.0
2308,2,2308,1,legacy,0.0003,0.0,3.8499772761711553,18.015703784243442,0.04635164886713028,0.164453125,0.007798323896713555,8.075655350694432e-05,0.0007004231447353959,0.012698154896497726,244,53,215,0,0,0,0,0,0,512,0,0,512,0,0,268,0,0,244,0,0,,0.10891629697289318,ddc839255234463a9cc72bd5e3e9e45e:0:0,97fb6ab5982e7babb70b1731d6c585c2:0:0,541efc4185a657b1eda192b20dac8c04:0:0,0e198502af31641f49c0cbe1c1539e8f:0:150677980,1929ebb2828d5ec270bf43444224969e:0:1906727587,16.0
2309,2,2309,1,legacy,0.0003,0.0,3.8058309020221563,16.5507994880727,0.010624632239341736,0.1548828125,0.0035915666725486518,6.093384381529176e-05,-0.0011721733026206493,0.010923556052148342,263,46,203,0,0,0,0,0,0,512,0,0,512,0,0,249,0,0,263,0,0,,0.11052342399489135,eb6a9fa7cc0dfe92296d32138927005e:0:0,5d63da2cbe88d581555867c6bafaf128:0:0,01a58ab13c079478a17fd314891df99e:0:0,ed33279622e3edf8904f02cd346daa8f:0:2944707426,5c3c3f17c5e06cf1b3fcb96469ddd31b:0:2071975391,16.0
2310,2,2310,1,legacy,0.0003,0.0,3.892411444519423,16.29311818436463,0.06780728697776794,0.1431640625,0.001468814432155341,8.933129083743552e-05,-0.000660433026496321,0.013380554504692554,272,41,199,0,0,0,0,0,0,512,0,0,512,0,0,240,0,0,272,0,0,,0.1329614679561928,9a5a6ff2ed6aa54ae334fe3d40a41c5e:0:0,087a84de66959ca5483184bbe6c56eb4:0:0,aac238d1ea8dee8991b5ae6908fdef6e:0:0,1878d1df0bbd86be06e36c3dfac7b68f:0:3296358135,494c1f6963dc0a8cfec9da2492c440a2:0:311143905,16.0
2311,2,2311,1,legacy,0.0003,0.0,3.676379750169616,18.696268505431135,0.03236423805356026,0.2087890625,0.02575615085661411,8.154918505169917e-05,-0.0007505214307457209,0.013209034688770771,248,62,202,0,0,0,0,0,0,512,0,0,512,0,0,264,0,0,248,0,0,,0.10881071689072996,84e06294ffa25aab39beecef0a61385e:0:0,7e9ce17cf3677ae8afd7a89d08d53157:0:0,48e8003fd1c0d6ae549fc99d03400523:0:0,17f786f28c838db4f7f24fc01461c28f:0:3741331017,9d9e27bf98f8d3ee846c73e77e22e0ef:0:2983048294,16.0
2312,2,2312,1,legacy,0.0003,0.0,3.8244514103428866,17.564605094446506,0.021279823035001755,0.1400390625,0.00031098444014787674,7.799003924446879e-05,0.0003942392359022051,0.012602648697793484,253,57,202,0,0,0,0,0,0,512,0,0,512,0,0,259,0,0,253,0,0,,0.10919719899538904,c5b51083b3a658d957459ac4e65e545e:0:0,7e2547b954deb7d9753fbd237cbf6bef:0:0,fc1a1d9e4c0dcceb37b3d6e53e8187e1:0:0,69a5a56c2e7c4df712eb34df813bce8f:0:3521175070,29553eca7e57fcebb5d839df7fbb4bcc:1:3387368257,16.0
2313,2,2313,1,legacy,0.0003,0.0,3.930642999108921,16.709430971144457,0.023433413356542587,0.1388671875,0.0006290487013757229,6.484442583314376e-05,0.00016867922386154532,0.0114259272813797,255,51,206,0,0,0,0,0,0,512,0,0,512,0,0,257,0,0,255,0,0,,0.11050378496292979,5134dcacfc053ec73c9de45ad49b705e:0:0,78be0e5df523b3fb318d368721ebd41a:0:0,54f2a4860e1ad68d4dc14af660215700:0:0,072354511e9923177838e3284155da8f:0:1066261436,a39723fe4e8a81cdbe4ca7841a2fcc95:1:2052367693,16.0
2314,2,2314,1,legacy,0.0003,0.0,3.7615375765841277,17.607178284731617,0.007037485018372536,0.2228515625,0.02889909327495843,7.671109633520246e-05,0.0007361833122558892,0.01236474234610796,252,54,206,0,0,0,0,0,0,512,0,0,512,0,0,260,0,0,252,0,0,,0.10998658102471381,4e2411053a117d5edd36e64cd5188c5e:0:0,7a83ff38b30251a6df0eb592c7243221:0:0,7192160bf243e528daac9e232147b8dc:0:0,710ee63eaac24107c541622654afe68f:0:3873077387,bbec32ece47c341443174185832edb5b:1:3450182987,16.0
2315,2,2315,1,legacy,0.0003,0.0,3.863832107375432,15.713686778218516,0.019977480173110962,0.1287109375,-0.004701925278641284,6.393980929715326e-05,0.0015923820901662111,0.011354353278875351,274,49,189,0,0,0,0,0,0,512,0,0,512,0,0,238,0,0,274,0,0,,0.1382341260323301,18094195a9c5e6ee3b19fd36e7d5a85e:0:0,71baad3bfea1d8deb63d24b9bed54005:0:0,7b3ba6f427a3be00219fee8643280ee7:0:0,8c0029fe31d01f3d2065f965bb49f28f:0:1901280694,2b52bb7d58ef9fd755486acddc057284:1:1423935156,16.0
2316,2,2316,1,legacy,0.0003,0.0,3.7257863020960675,16.671825813637042,0.010422573424875736,0.1359375,-0.000829566572792828,6.579803812201135e-05,0.0019863417837768793,0.01147240586578846,267,52,193,0,0,0,0,0,0,512,0,0,512,0,0,245,0,0,267,0,0,,0.1679371549980715,53784ab8380460d382eac5b50cd2c45e:0:0,6af643dfab210760564ddd71ccfbb6d2:0:0,ed346db89cf4f5383c20159702bb98c5:0:0,80d3fae3f8be8715450330727523fe8f:0:2375907738,6c5382020a338b671511e9ebac182115:0:3312799311,16.0
2317,2,2317,1,legacy,0.0003,0.0,3.7016420955786637,17.823753255311203,0.008582551963627338,0.1171875,-0.0007319324649870396,7.992172359081451e-05,0.0005202494212426245,0.012695299461483955,241,41,230,0,0,0,0,0,0,512,0,0,512,0,0,271,0,0,241,0,0,,0.12030194909311831,21579e582ecab76927e71c63440fe05e:0:0,d24a795fbf23393c5f2358fff4e22953:0:0,9b3bbdee7651003ebd5b9925a4902a41:0:0,6277caa997a5457b8f70ced8823e0a8f:0:2605708525,872b5145b39ce7176ef7ccf7f60dffaa:0:583568478,16.0
2318,2,2318,1,legacy,0.0003,0.0,3.7878526788857703,18.23532764669835,0.022781148552894592,0.126953125,0.004329194943420589,7.672200772503856e-05,-0.003222316037863493,0.012372666969895363,243,54,215,0,0,0,0,0,0,512,0,0,512,0,0,269,0,0,243,0,0,,0.14574532606638968,3b740eb962f99431ffe71ddd8d8cfc5e:0:0,d399f3e08b8c17166b1531848bdd487b:0:0,d2c4983c6808ee3bc27dbd5adc049ce2:0:0,8a1b51bff1027fce0901dc23e298168f:0:82221648,d7a4cab66f73da048332780b1ca860cc:0:3046501278,16.0
2319,2,2319,1,legacy,0.0003,0.0,3.7546277988225083,17.831310069789197,0.021009474992752075,0.1515625,0.0053164304699748755,6.354003708111122e-05,-0.0024434574879705906,0.011156057938933372,260,50,202,0,0,0,0,0,0,512,0,0,512,0,0,252,0,0,260,0,0,,0.1707005969947204,ccdcdbf1cf4996455f5d26bfe94a185e:0:0,f0d4eff688cb67c9bc23a74b63394596:0:0,77d42bc5ffe77d3ba571f3af0896898d:0:0,5ad5125fe5e2ac0274049fe09632228f:0:1111110843,f7b22f731bdbdf0010985659a0cf2d70:1:961792341,16.0
2320,2,2320,1,legacy,0.0003,0.0,3.7969670611251063,16.86390218679321,0.020059488713741302,0.1119140625,0.00014633447863161565,6.990418150962797e-05,-0.00290789850987494,0.011680780909955502,267,55,190,0,0,0,0,0,0,512,0,0,512,0,0,245,0,0,267,0,0,,0.16684698301833123,5dc27bebc80a8cfb3555d3a65747345e:0:0,e6f29799291246135e5c788ffb43dcbd:0:0,af2a535f1caa092641bcd47cd87ae9ad:0:0,629ce5ec39722c0b57c2a19a9d0c2e8f:0:2114094133,e76dc8b4588af324a7a25217f608f691:0:1741509079,16.0
2321,2,2321,1,legacy,0.0003,0.0,3.7756239879955173,16.607662872524998,0.028046023100614548,0.1212890625,0.00436005957890302,0.0001328784132056171,0.01086741778999567,0.021873839199543,249,45,218,0,0,0,0,0,0,512,0,0,512,0,0,263,0,0,249,0,0,,0.1687832080060616,5f2e63713348d4d82778012cd784505e:0:0,963a9fe194ea87363a5cf27ae88703cb:0:0,1781e557c0f50b8be2f9d9f98968246e:0:0,8b46638256848c7d0c80a8ddf7263a8f:0:3899174332,daa8ef8dfd8b35202a605281cdf9ff74:1:586428609,16.0
2322,2,2322,1,legacy,0.0003,0.0,3.763868414606079,15.419544958433562,0.010597066953778267,0.14140625,0.008897291077300907,7.061501601128839e-05,0.0019818113651126623,0.012661558575928211,284,47,181,0,0,0,0,0,0,512,0,0,512,0,0,228,0,0,284,0,0,,0.17052471998613328,f921016a70f4d6b9ae04cbef6a016c5e:0:0,9f9c4552b5d8d7a4f99b0f3c681ef5a0:0:0,af53d10a7dcf059542745061e62ed338:0:0,361b91e2e99d6672c77ebd36a480468f:0:133139241,44cf09277ea7bc02ac0953bb9f2de279:1:792589411,16.0
2323,2,2323,1,legacy,0.0003,0.0,3.807072520390986,17.845539681462697,0.015231382101774216,0.2017578125,-0.0027558836387470364,6.59908559100586e-05,0.0015540107851848006,0.012008522637188435,236,49,227,0,0,0,0,0,0,512,0,0,512,0,0,276,0,0,236,0,0,,0.16813493997324258,e7b52425dea8a9422fd7908a0ebe885e:0:0,a4095b60439186b33f7c626445a73770:0:0,113bf63a7d66fdf2f62798c70733c97b:0:0,a31f06268206e4b3a6f82630a51a528f:0:371662006,220c75fc34741c081a308ff6cc9d4e70:1:2016951546,16.0
2324,2,2324,1,legacy,0.0003,0.0,3.7150931791059625,16.68562209804918,0.05071497708559036,0.1986328125,0.0308083045296371,5.953352811047807e-05,0.0022180210798978806,0.011048789136111736,247,47,218,0,0,0,0,0,0,512,0,0,512,0,0,265,0,0,247,0,0,,0.17002654902171344,a415232722a7d4851e65eb98c5bba45e:0:0,3f182d099cea9b0b1af986375054481d:0:0,5feeb8babfa3f466d40e622965c18de9:0:0,dd134bfdac81ec17be236b57f8f45e8f:0:1614894248,98beb730494e552d9f0dc294524d6154:1:2423000273,16.0
2325,2,2325,1,legacy,0.0003,0.0,3.9969378600252763,18.554673418861967,0.025486407801508904,0.1955078125,0.010203276493120939,6.458660936914384e-05,-0.0009984367061406374,0.011608647182583809,220,54,238,0,0,0,0,0,0,512,0,0,512,0,0,292,0,0,220,0,0,,0.16882441693451256,fe9666a7a9b537f311bfb9b78ef8c05e:0:0,9deb6d9acef77fba404ff3c97acbc0b1:0:0,84e9e4a61dc17e42a82b8e51fe1ab457:0:0,806c3b873a1be72d21325438a00e6a8f:0:2585103778,78da494a8f803f8bb634ced9ea6de530:0:2545380079,16.0
2326,2,2326,1,legacy,0.0003,0.0,3.723929233187073,17.88804733648135,0.009229122661054134,0.1537109375,0.011510551581159234,6.74347687890986e-05,-0.001484147273004055,0.011604842729866505,252,54,206,0,0,0,0,0,0,512,0,0,512,0,0,260,0,0,252,0,0,,0.16933991597034037,e273409c035b1285e48f17826a75dc5e:0:0,bfc584935c8704b1c10ff61d97e99018:0:0,dcef74a3ffe1e5592ac5b327c21e003d:0:0,0885b412a5b6351cf151e85e9a68768f:0:4269086483,c2a2319574635f0e6bc91a6cbfdcaa5f:1:737790911,16.0
2327,2,2327,1,legacy,0.0003,0.0,3.8493471733219407,17.06329403652944,0.010075303725898266,0.1025390625,-0.00012734057381749153,5.7014198318938725e-05,0.0008967887843027711,0.01078377291560173,250,49,213,0,0,0,0,0,0,512,0,0,512,0,0,262,0,0,250,0,0,,0.16780940303578973,6b9981bc08412d2cd01861955832f85e:0:0,e3d04151e55c73b4c2d897a150fcc56f:0:0,48b7ba59b6b6c15fca1ad875c437cb18:0:0,cf22126fcacb3bd068aa6f55e802828f:0:262620249,e9727f24070df4fda39494c777a91fc4:1:3116038364,16.0
2328,2,2328,1,legacy,0.0003,0.0,3.916480338371308,16.488532343231554,0.09110698103904724,0.180859375,0.017552837333641946,5.058640981587814e-05,0.0007593221380375326,0.010188854299485683,260,51,201,0,0,0,0,0,0,512,0,0,512,0,0,252,0,0,260,0,0,,0.16745356598403305,f61dc7b5f62d2778883a348c5830145e:0:0,c819c78bab97f40f61949d7d77c9cd8f:0:0,4f837cb5bb43110f67a89aaccd6600df:0:0,8989a4b85ffd1d55e65f70aa88dc8e8f:0:3049809142,adf337a30a5108d40f947a4186e1a6e4:0:3159463445,16.0
2329,2,2329,1,legacy,0.0003,0.0,3.732081534881157,15.949784682464951,0.021947091445326805,0.1978515625,0.0011272090021520853,6.882364432385657e-05,-0.003529841545969248,0.011881818063557148,267,52,193,0,0,0,0,0,0,512,0,0,512,0,0,245,0,0,267,0,0,,0.16592079203110188,8f58305eed48e687576d6d036a6d305e:0:0,5c641a38b5dc47c77e1c6125413cb865:0:0,7c53dd06b36e164e5500e56614fa087d:0:0,bfeb54cae7fa1085fa8fb3e87cf69a8f:0:3460642329,0353ba0afd5960a7c1680b4db2898357:0:3258691911,16.0
2330,2,2330,1,legacy,0.0003,0.0,3.7170608481268395,15.644986918829318,0.04393729940056801,0.1294921875,0.00047335335984826087,6.40317442957894e-05,-0.0002993129310198128,0.011343289166688919,257,35,220,0,0,0,0,0,0,512,0,0,512,0,0,255,0,0,257,0,0,,0.16430972202215344,64bee85d7a4b26313ac527968eea4c5e:0:0,23084096f7e350756f114021ef9d68b4:0:0,54c8ba9bd9ca61c5eb91886da7058d79:0:0,7215c5fa0b425ce87255409bc450a68f:0:4046431856,8860989df2896fab7d94d236478f5a44:0:3980496251,16.0
2331,2,2331,1,legacy,0.0003,0.0,3.7524361807255655,16.698681846060026,0.12836672365665436,0.145703125,0.0007532454561442137,7.006677114986814e-05,5.620076262857765e-05,0.011719274334609509,256,48,208,0,0,0,0,0,0,512,0,0,512,0,0,256,0,0,256,0,0,,0.1644320369232446,a67df275191e2c73fdeec0e1c5a7685e:0:0,573aec50cc9ff45fe45f8dfed8691f36:0:0,1efbd002d58bbeaf36a5484cd71bdf1b:0:0,cb8731be8d5bf9d963c55e505eeab28f:0:2616964332,a7e5f1b5a7159ba3e0b61b074bb2b9f4:0:1500926865,16.0
2332,2,2332,1,legacy,0.0003,0.0,3.7293636554958214,16.205508056265217,0.008499491959810257,0.1064453125,0.000899586477316916,4.779957507707877e-05,-0.001746367895975709,0.009855400770902634,266,51,195,0,0,0,0,0,0,512,0,0,512,0,0,246,0,0,266,0,0,,0.16843577497638762,05d18743dba09f1f5731d5810ea4845e:0:0,64ce28291b49313ad6f0a7372b262a68:0:0,0a964ea3dd3644b0e0d88e56a1d8a20a:0:0,63696a854fffd0ee39f094924cc4be8f:0:997089626,61a4d033f44c0f73522dee423af722d8:1:3140332339,16.0
2333,2,2333,1,legacy,0.0003,0.0,3.8370194482799813,17.444013280942272,0.027979597449302673,0.176953125,0.01801945697516203,7.54517686800682e-05,-7.103315147105604e-05,0.012247756123542786,250,52,210,0,0,0,0,0,0,512,0,0,512,0,0,262,0,0,250,0,0,,0.1663797830697149,b3898beda01c7bc10370421069e1a05e:0:0,cf4f5e63938968c3f6f665dff9e86fdb:0:0,9a132841d3b77d0f90240b6ca27ee293:0:0,fe9692fe16cca39ac0e2aaed8ddeca8f:0:2095607847,40797477ac6f164e3a2d759849272c67:0:975796820,16.0
2334,2,2334,1,legacy,0.0003,0.0,3.920414600864789,15.752885968663577,0.014107108116149902,0.125390625,0.0049390568281523885,5.308319905452663e-05,0.0007931034779176116,0.010512202978134155,262,43,207,0,0,0,0,0,0,512,0,0,512,0,0,250,0,0,262,0,0,,0.16772814898286015,bc18d8da831031d0e226232bd75ebc5e:0:0,f302af52d0ef2b1249e26b406ee6b397:0:0,6063fd899e11534f5d1e7a2f17affbeb:0:0,157a4b9afe0b941631a2a8ee2238d68f:0:3374761755,e51fffecd336beadb0ab440b7b933278:1:3663590356,16.0
2335,2,2335,1,legacy,0.0003,0.0,3.685125878988291,15.35789681969959,0.018046785145998,0.0982421875,-0.0015685330145061016,6.913107536092866e-05,0.0004930871073156595,0.011774398386478424,276,47,189,0,0,0,0,0,0,512,0,0,512,0,0,236,0,0,276,0,0,,0.17075694701634347,066a605877e5df1d1169d56f571bd85e:0:0,c535720836de4f56d894eb9dcee1667c:0:0,00e43911f5b2e8a94110877f7bbd801a:0:0,70ca573bd71251803e32d62009d2e28f:0:3960156404,cb482077270ea525e448086ea7dbc90c:1:168190005,16.0
2336,2,2336,1,legacy,0.0003,0.0,3.7109713558579465,16.765958086909905,0.050198107957839966,0.211328125,0.007802253309637308,6.572886450157966e-05,6.617599137825891e-05,0.011496295221149921,272,54,186,0,0,0,0,0,0,512,0,0,512,0,0,240,0,0,272,0,0,,0.16655590303707868,43a8b79a3434ae7609ebf576e918f45e:0:0,5ae467f37bb96252f4f1c9e380ca4f34:0:0,9f8ea752754acca7e130f23c971c73e6:0:0,f9e9034bdccee7461d90ba0f44acee8f:0:2447828242,26480c50d22cd3ef2dc5dcdddeab8a14:0:4253402856,16.0
2337,2,2337,1,legacy,0.0003,0.0,3.865130071199572,16.90629446347316,0.01681690849363804,0.1330078125,-0.0012839595787227155,8.999314504762879e-05,0.002085932996124029,0.013639778830111027,248,53,211,0,0,0,0,0,0,512,0,0,512,0,0,264,0,0,248,0,0,,0.1689421400660649,fa721337d928589abaf75fde8d56105e:0:0,e210a8d7f8242c7ab54e013f0d2d5b5d:0:0,8f582ca9903beeef3d6d74eaea1a84c8:0:0,518af6e373092fc797b51c47d2c6fa8f:0:4250176611,12cea707e013c93e79ac50eda012edfd:0:917909374,16.0
2338,2,2338,1,legacy,0.0003,0.0,3.802263319537844,15.909484222038373,0.012901981361210346,0.14296875,0.0046810255851596596,5.948837442701915e-05,-0.00017745837976690382,0.011230469681322575,253,38,221,0,0,0,0,0,0,512,0,0,512,0,0,259,0,0,253,0,0,,0.16638285503722727,b9db730006aac764a671314243d32c5e:0:0,7403f211f2db01ceefac2ebb404e6622:0:0,4752fbd1e521c7354d1fe159ce342640:0:0,d4316fcae2e5ea3c11940455b421068f:0:727513782,70e7cd8a6bbdd089a7934995b85f7f47:1:1043004653,16.0
2339,2,2339,1,legacy,0.0003,0.0,3.7818324576985893,16.71996436875247,0.016732819378376007,0.1091796875,0.0036748234182596208,6.599846037715906e-05,-0.0003897238348145038,0.011623267084360123,262,49,201,0,0,0,0,0,0,512,0,0,512,0,0,250,0,0,262,0,0,,0.1677639710251242,9a697f9243ebdb33fcd8c63e0c90485e:0:0,b1db2446ab83e186919be42e6644d007:0:0,2f08af3e215a449da22e55af9ce90f8e:0:0,5b716386473773d7991cb9c4e8bb128f:0:830825225,39e219f0ce7bb7424cfb32e1b439d9d5:0:3126711396,16.0
2340,2,2340,1,legacy,0.0003,0.0,3.8338936423979195,15.683380157065585,0.060132209211587906,0.1693359375,-0.009323176182806491,5.983544724585954e-05,-0.0008122844155877829,0.01102295983582735,258,43,211,0,0,0,0,0,0,512,0,0,512,0,0,254,0,0,258,0,0,,0.17170051205903292,b7047ee5e8e3529bb947bb6de78d645e:0:0,0977ddbb568d73ce677cc9ff4adba3ea:0:0,ffcf697b3c0798656b16316fd3eda261:0:0,381775de1b28242ff139c42170951e8f:0:3934463162,c302a86fe474c7ffcc27db19c69dffa4:1:1937122025,16.0
2341,2,2341,1,legacy,0.0003,0.0,3.801345635997352,16.774713033998978,0.09692714363336563,0.2078125,0.0254967434797436,0.00012202417274238541,0.007016629911959171,0.018336839973926544,250,61,201,0,0,0,0,0,0,512,0,0,512,0,0,262,0,0,250,0,0,,0.16396487795282155,6826c38af468d44dbd71ed6dd4ca805e:0:0,4f3543712682ca2458b48d0b93651793:0:0,fb9067e9da513dc854b9b612733e899d:0:0,87403da31dca4ce19dd0eaf74baf2a8f:0:724742967,8db4d406c979047757bfb43d312f3f93:1:2131412860,16.0
2342,2,2342,1,legacy,0.0003,0.0,3.702709674213888,19.15048045459571,0.03064458630979061,0.1431640625,-0.012684514652937651,0.0001118247466365574,0.0027785354759544134,0.015742404386401176,243,58,211,0,0,0,0,0,0,512,0,0,512,0,0,269,0,0,243,0,0,,0.16719720896799117,fa5a151c7a7e1b46eda578d9d4479c5e:0:0,a27d1d6ddea2015c5854a0a78ee2c047:0:0,f198dd7d09208e797532e8cb2432a2ab:0:0,16b3e3b77d19dc74efc335d27a09368f:0:3754657459,59117bd60520c4701f88928b3622d07e:1:139475226,16.0
2343,2,2343,1,legacy,0.0003,0.0,3.8568432564627333,16.026511029497215,0.004833566956222057,0.12734375,0.009725149115547537,7.373002572421682e-05,-0.0008694970747455955,0.012462145648896694,276,48,188,0,0,0,0,0,0,512,0,0,512,0,0,236,0,0,276,0,0,,0.17370119004044682,88c8c7069667453b4ccaba4de604b85e:0:0,e2dfedf62445fb43910b82c10b0de12a:0:0,3dffff4f4c08e0c64fff841e005983cb:0:0,7e7bc7b27afba48310ecec3efba3428f:0:45206552,230c43d2d4e839b31777f0883dfefdce:1:2100591539,16.0
2344,2,2344,1,legacy,0.0003,0.0,3.7881814738962687,16.107580581376624,0.013934684917330742,0.1833984375,-0.00462460657581687,7.262111248564906e-05,-0.0014103528810665011,0.012729098089039326,264,47,201,0,0,0,0,0,0,512,0,0,512,0,0,248,0,0,264,0,0,,0.17131677898578346,c772856c0c2d434218644e660a01d45e:0:0,a8c4b29bea82e339a0ebf91edbe430a2:0:0,9aa94faeb77743a09ccb1dea54c91b7a:0:0,da0080befec6431b102595c8d07d4e8f:0:2488654010,b292dac9f8bee35510f662cb9407cacc:1:2150026130,16.0
2345,2,2345,1,legacy,0.0003,0.0,3.7539622701414186,17.0046849263656,0.004912194795906544,0.1462890625,0.00523011339828372,7.479612831957638e-05,-0.0033486157190054655,0.012419566512107849,253,56,203,0,0,0,0,0,0,512,0,0,512,0,0,259,0,0,253,0,0,,0.17123381700366735,10bb4ea205266cc1e48f11be403ef05e:0:0,44557f6376e45f63968f42894107b0c5:0:0,dbb05b4bf01026aaedea9485a4145c0d:0:0,954648a0c5e0af66ed3ff9fbf8975a8f:0:3656105903,16d959d487bfa34731d1cf4864658b81:1:825771188,16.0
2346,2,2346,1,legacy,0.0003,0.0,3.774145910533751,17.019200627748887,0.00838214997202158,0.121484375,-0.004602137487381697,8.318430955114308e-05,-0.0006419643177650869,0.012623714283108711,265,45,202,0,0,0,0,0,0,512,0,0,512,0,0,247,0,0,265,0,0,,0.17215623008087277,29cc9a629321349cb80220f288bc0c5e:0:0,b26e4f2c54021505df0a88b513b82892:0:0,69063401fcf69f1a0af9e9bbaa49849b:0:0,0655a21726026990a50a206473f1668f:0:3517956409,6a0344bcd810715149b62340c9a5d84a:1:1835681480,16.0
2347,2,2347,1,legacy,0.0003,0.0,3.8241563234337623,15.514500814470011,0.01933220773935318,0.1166015625,0.003005614597350359,6.701921138301259e-05,0.002906894776970148,0.011745600961148739,269,39,204,0,0,0,0,0,0,512,0,0,512,0,0,243,0,0,269,0,0,,0.1747031209524721,1add5680e5cd009c280ed89ee379285e:0:0,a96413ac0b25b4373839f291ac4dbc41:0:0,8a881b12d0f0f77dde76f1e9097669c8:0:0,fac5db1f93a14de73d4d508e428b728f:0:505556551,85984b8f635f9685911c49e7ba985f02:1:1826874563,16.0
2348,2,2348,1,legacy,0.0003,0.0,3.807733459491299,18.746515080835024,0.028317423537373543,0.170703125,-0.0010796200949698687,8.06983996881172e-05,-0.0009691338054835796,0.012752054259181023,245,61,206,0,0,0,0,0,0,512,0,0,512,0,0,267,0,0,245,0,0,,0.17172365996520966,5e2d23945dfd231d74a0d55f5076445e:0:0,7e97c3b1e46281f97e3ccbf58417ef6f:0:0,a791b5872ae4cd470d54df0883a134ee:0:0,f0f6e6e55f190b43d0ce120564657e8f:0:59723267,b24059794f42d5e2832bcddde95755c5:1:1246388568,16.0
2349,2,2349,1,legacy,0.0003,0.0,3.7204881716333715,18.039961566302054,0.01605875790119171,0.11875,0.0041162180714309216,8.346021004399518e-05,-0.002199237933382392,0.013098698109388351,249,56,207,0,0,0,0,0,0,512,0,0,512,0,0,263,0,0,249,0,0,,0.17377788107842207,bc921ab9ea61f6fda43df3cfcfb3605e:0:0,761c4c639916825cd736ed97e8be5988:0:0,c928a16efe5bd02e98044912d50ad026:0:0,570ff2775b183cae9b4c2c55d97f8a8f:0:1035013730,97ecb050644696cd0bb6d4e0ff5a7327:0:2228807471,16.0
2350,2,2350,1,legacy,0.0003,0.0,3.8291557095575515,17.817190378701753,0.015253221616148949,0.1326171875,-0.0036405914463102816,6.89770055032568e-05,0.00073972437530756,0.011849055998027325,238,42,232,0,0,0,0,0,0,512,0,0,512,0,0,274,0,0,238,0,0,,0.1754717689473182,a326603559541dc5a006508c61307c5e:0:0,5807ed4911236c5c10ebdf0a16f7c312:0:0,c8a01e7244f69bc2f0b0c9efe371ed33:0:0,d2900aa75edf26440582a70ba1d9968f:0:718983152,48c7f406855f0ffce6d0c4e409962920:0:1236740997,16.0
2351,2,2351,1,legacy,0.0003,0.0,3.722894387285676,18.29960911517219,0.042024508118629456,0.141796875,0.0005839718971401453,8.423829494859092e-05,0.0015871732030063868,0.012840849347412586,245,60,207,0,0,0,0,0,0,512,0,0,512,0,0,267,0,0,245,0,0,,0.17568706697784364,c52bdd668b4de0164fb4483104ed985e:0:0,88584826959c9ae26c282e2db799f496:0:0,cf6567e4433ead4dfb514799ece99b47:0:0,356628c2d6dc1559b127c9b2bd73a28f:0:3199476239,0646faf7400cb4f07169241ca8b18ac9:0:3147296629,16.0
2352,2,2352,1,legacy,0.0003,0.0,3.813134471307431,18.284124306569538,0.013392557390034199,0.0919921875,0.004043641407042742,7.765054069750477e-05,0.002729488769546151,0.012307114899158478,254,53,205,0,0,0,0,0,0,512,0,0,512,0,0,258,0,0,254,0,0,,0.17261664103716612,a9e0af30b1aeb054b59c7759baeab45e:0:0,1dfb942ab8a3d823ff787111011d9785:0:0,568c7666fa3cd7530ef716f44c9eaf20:0:0,545e071ed63163e384ed1bd72c4dae8f:0:3865798277,ebe2dbe6452cf89efdcff12008cc1d18:1:2336928147,16.0
2353,2,2353,1,legacy,0.0003,0.0,4.07597964728793,18.82670497064396,0.08981077373027802,0.1943359375,0.0027613230980932713,7.311855570151238e-05,-0.00026940336101688445,0.012055412866175175,243,63,206,0,0,0,0,0,0,512,0,0,512,0,0,269,0,0,243,0,0,,0.17227366100996733,89fe249c0564cf960aadbaa28327d05e:0:0,5e95a93fa71a167783ecd4ee2ebff098:0:0,64e7090cf975c93d20f1a49be79fadc0:0:0,617735bd5bb11f18b87f6504ee67ba8f:0:3601176537,323ff297ec66982b1b5041eb51e8e810:1:62035707,16.0
2354,2,2354,1,legacy,0.0003,0.0,3.829511436962533,16.782186155887757,0.05188572406768799,0.278125,0.0493523514829576,6.195773712533992e-05,0.0003598639159463346,0.011231259442865849,264,49,199,0,0,0,0,0,0,512,0,0,512,0,0,248,0,0,264,0,0,,0.1962034950265661,ce369424a11914cbda712ea75da4ec5e:0:0,2de06e3bf9ebcb140a03f9823ff82ca5:0:0,daf4a4431917499998061a5aa479adeb:0:0,aeb40a9cbcda5158e086acc803c1c68f:0:3398951794,925601fab6f5e66ce690bd9fec418c08:0:1437288102,16.0
2355,2,2355,1,legacy,0.0003,0.0,3.882078657834796,18.117906312318155,0.0543195977807045,0.2025390625,0.005775717552751303,8.064410358201712e-05,-0.0025831887032836676,0.012981497682631016,241,57,214,0,0,0,0,0,0,512,0,0,512,0,0,271,0,0,241,0,0,,0.16955748898908496,c97bd4d36a78d6301f0a30044a62085e:0:0,9ac3734916ef02b52247d18dd9ad78eb:0:0,97a7eb49da17ebdfee2a6085cdc0ef0b:0:0,c656388d6963ef50faa63aac6c5bd28f:0:17859228,950924d77c339fa15d2c91f27a7d2d7e:0:674395542,16.0
2356,2,2356,1,legacy,0.0003,0.0,3.7960601232119036,16.287463722665052,0.005541820079088211,0.114453125,0.0010805108933709562,7.074378427205375e-05,0.00046807178296148777,0.011987516656517982,263,54,195,0,0,0,0,0,0,512,0,0,512,0,0,249,0,0,263,0,0,,0.16977704199962318,2168cae83639f4f15d365b55495f245e:0:0,39fd3b83128ad5740a1d19a6e705036a:0:0,808f175c2cac94f453b3731d4059a050:0:0,879712b579e16860797c963e2835de8f:0:2833931127,413e2cced1454358ea43a100e4db54e4:0:398240637,16.0
2357,2,2357,1,legacy,0.0003,0.0,3.8538299560122082,17.546230462016865,0.020812219008803368,0.167578125,0.007464480260387063,9.709601326903793e-05,-0.0014773759758099914,0.0140615189447999,249,52,211,0,0,0,0,0,0,512,0,0,512,0,0,263,0,0,249,0,0,,0.16842982592061162,ef14368692750b1ec04d8d365a9c405e:0:0,e880f96191a51625c3b3fd8aae2ff07c:0:0,cb3641d5c0e1cb5e55ca82389a4786bb:0:0,65f1ca34bc0cda3e50a38709374fea8f:0:2711115930,af4931ab02a57253ff3ffb0c2f4906cf:0:1424342414,16.0
2358,2,2358,1,legacy,0.0003,0.0,3.7126693715013666,17.23887482318105,0.019601453095674515,0.13046875,-0.004681555181741714,6.191173397382955e-05,1.0021671187132597e-05,0.011342506855726242,264,53,195,0,0,0,0,0,0,512,0,0,512,0,0,248,0,0,264,0,0,,0.1704900530166924,2d19cd80e2f1bbd43641e2437e195c5e:0:0,e8ae7b525229131b8afef02306185366:0:0,07f008c853bcae3fd95bc40ce3b3f113:0:0,f84e46a72f42e7de00b0149999a9f68f:0:3824765178,384f1005e58da90b4b5c0ca7d29c8d64:1:2445134924,16.0
2359,2,2359,1,legacy,0.0003,0.0,3.8083188702734274,18.071638463953832,0.0210224948823452,0.1890625,0.023212123778648674,7.853942261135672e-05,-0.0006535165593959391,0.013174699619412422,248,56,208,0,0,0,0,0,0,512,0,0,512,0,0,264,0,0,248,0,0,,0.1693665989441797,b708a007bb0125a68b9fb718b3d6785e:0:0,506ba59606dde5d86909bc51f1c90925:0:0,2f15dee1082cf3ad6484c6b0b83f3da3:0:0,a803998f23bc3394a332867b4f44028f:0:4246421004,1510fd3778945ae695c5086438971531:0:3154554794,16.0
2360,2,2360,1,legacy,0.0003,0.0,3.735683331244108,16.76111110640477,0.021066797897219658,0.10859375,0.00021598534658551216,6.777171856811037e-05,-0.00020234825205989182,0.011739366687834263,254,49,209,0,0,0,0,0,0,512,0,0,512,0,0,258,0,0,254,0,0,,0.1682037590071559,24e2daada082774f878da851fbd3945e:0:0,14e386ca8dcbf9198e52b578ba39fe8c:0:0,edb5c840aab2786bc444a6e6bd8e7c08:0:0,790177fb6f107c7df6b6643a581e0e8f:0:3694775242,14524451eb43b173029d44bbf9ddf154:0:951482375,16.0
2361,2,2361,1,legacy,0.0003,0.0,3.642621854650441,16.301091083528263,0.021525945514440536,0.27890625,0.029511651024222374,6.830342772445874e-05,-0.006081247702240944,0.013655666261911392,256,39,217,0,0,0,0,0,0,512,0,0,512,0,0,256,0,0,256,0,0,,0.16882011108100414,5d3326d9a3ada69a07cc928b5610b05e:0:0,37bda7f7e4469c42a5bb4951bd8f1d0d:0:0,8273fffdb26994842bb955ffe4a5709a:0:0,87b89d09688f5f216ac27562b4381a8f:0:3998982871,067bfccf052595a2bab0b63be76fae52:0:1583719802,16.0
2362,2,2362,1,legacy,0.0003,0.0,3.6658416045509674,18.08366759544242,0.05703406780958176,0.16328125,0.007541252626106143,6.777602538932115e-05,0.0011962498538196087,0.012117338366806507,245,56,211,0,0,0,0,0,0,512,0,0,512,0,0,267,0,0,245,0,0,,0.16296860692091286,03af356d7740498e1cb79260c28dcc5e:0:0,4f49fd2ac8b1121108b8590cf2759237:0:0,39f41461ec27be2bdacae452bf7d4389:0:0,e9d27b2d9ffab9572bd8c1806392268f:0:2192485247,86375e370275c602cd65bc0d86f9fe64:0:1111890995,16.0
2363,2,2363,1,legacy,0.0003,0.0,3.7301171974365426,17.145897595423776,0.015418759547173977,0.1740234375,0.009279316617175936,8.349096460733563e-05,-0.000906608474906534,0.013152675703167915,267,57,188,0,0,0,0,0,0,512,0,0,512,0,0,245,0,0,267,0,0,,0.16874343191739172,23ad660df4a891dd2544046e414ae85e:0:0,d5e3d49377eb5c11e51d9e7aa8b55109:0:0,c192b9cf82366dc0d063c835e6fa2545:0:0,0fb13179812eb16d2f76901f662c328f:0:1142486060,1974cd24266c4b1d4f9e998486e46c88:1:1432070482,16.0
2364,2,2364,1,legacy,0.0003,0.0,3.860769416550034,15.199794964644298,0.04594140872359276,0.1140625,0.007631176151335239,6.565597013832302e-05,9.859103010967374e-05,0.011562881991267204,287,49,176,0,0,0,0,0,0,512,0,0,512,0,0,225,0,0,287,0,0,,0.1706295619951561,cf1d002737ca6a8deb01854fd248045e:0:0,94987c747ebbdc5b4f80f66988e820c3:0:0,14d260dd512e37e415a5c134ba5f81c2:0:0,8949555f5743608c401468cbbc063e8f:0:986797952,85dfcdf3321af919cd15ad3ac5b42910:0:4225198084,16.0
2365,2,2365,1,legacy,0.0003,0.0,3.749282913509645,14.59135217005496,0.016092238947749138,0.1076171875,-0.0001589085441082716,5.238443936832482e-05,0.001759732374921441,0.010430601425468922,263,39,210,0,0,0,0,0,0,512,0,0,512,0,0,249,0,0,263,0,0,,0.16555368108674884,1675116fbdfab7e8be19f1a17585205e:0:0,8bc8b2190f8e0388f799a549710925ca:0:0,ed41c6c8b57ab24fb884dffc6afb2975:0:0,1c6fc8c161b4205d0926131165204a8f:0:2754253751,5d250052800298daf65feffada59de98:0:3062662486,16.0
2366,2,2366,1,legacy,0.0003,0.0,3.754485883380694,17.798719152449394,0.026340806856751442,0.096484375,0.004619680717587471,8.717153941688594e-05,0.0007890568231232464,0.01318277046084404,251,50,211,0,0,0,0,0,0,512,0,0,512,0,0,261,0,0,251,0,0,,0.1663939879508689,ee6dc05833ccb9a3915165ff2b023c5e:0:0,9d8961bcdde34c112e11278769793942:0:0,cf080a793e4a5ace314f090f7f4b9fd3:0:0,606e8763ee187bed231a967c617a568f:0:1647141443,ed000d5d5f257a7b1d9c872baac8d9bc:1:328290014,16.0
2367,2,2367,1,legacy,0.0003,0.0,3.8004081626406263,16.7389326937041,0.00923592783510685,0.180859375,0.023148669907823206,6.224703247426078e-05,-0.0009945931378751993,0.011207780800759792,249,55,208,0,0,0,0,0,0,512,0,0,512,0,0,263,0,0,249,0,0,,0.16751354397274554,7f92b77fdd4d8f4e16063f04f2bf585e:0:0,98d7c5b8431fd04ae2fdbeed00152310:0:0,90f3b719f52a3e593094bdd9355cf6a0:0:0,85dc1625a8fac3d41f5c3a98b114628f:0:2365018285,1d823ce16b847f7f50759ff551da2f6a:0:714862406,16.0
2368,2,2368,1,legacy,0.0003,0.0,3.636946655097707,17.665147125472913,0.06206540763378143,0.130078125,0.008974692737683653,6.913463384989882e-05,0.0010224434081465006,0.011932815425097942,253,50,209,0,0,0,0,0,0,512,0,0,512,0,0,259,0,0,253,0,0,,0.1692435439908877,2c1341efc449defdd831194eccbc745e:0:0,4b2a63707a8b0aad061bbdc2c414b833:0:0,d0faccaba2da4e9a3d87d112362bddc5:0:0,858a09ac98584598945086f253ee6e8f:0:1708856715,ebda9f032adaff994c5688579642febe:0:3808810287,16.0
2369,2,2369,1,legacy,0.0003,0.0,3.909209174266395,17.20126193029614,0.04716666042804718,0.187109375,0.006600889191031456,7.691628379689064e-05,-0.0007109129801392555,0.012589438818395138,248,49,215,0,0,0,0,0,0,512,0,0,512,0,0,264,0,0,248,0,0,,0.16512836096808314,83e5be8918399e3a5a64d178b8f9905e:0:0,5a7ca91a21113ff1e8661aae15c33119:0:0,2641cd13f36cac44f5d70c3ea294aa4b:0:0,9927f18172572655295843154a087a8f:0:1356954995,962621a4d1b527e93ea156840e2c9a7f:1:117231084,16.0
2370,2,2370,1,legacy,0.0003,0.0,3.859314522062076,15.592789305964061,0.061863012611866,0.2216796875,0.007365828755428083,6.173824294819497e-05,2.112670335918665e-05,0.010961105115711689,271,38,203,0,0,0,0,0,0,512,0,0,512,0,0,241,0,0,271,0,0,,0.16560034011490643,98a03bbd6b6dfd2931ce841eb776ac5e:0:0,637de8481ba6676822b36175741c67b8:0:0,0696d6ae559f378cf64bb6803cc63e6d:0:0,8f30d7de42bde09da2cf768d9362868f:0:2050747586,bfa0c3e535784eb13db0248d36eb5930:1:3469739814,16.0
2371,2,2371,1,legacy,0.0003,0.0,3.6603418145449016,15.98861862669878,0.015287301503121853,0.1857421875,0.026445529609918594,6.66407342578168e-05,0.0015493270475417376,0.011399688199162483,280,47,185,0,0,0,0,0,0,512,0,0,512,0,0,232,0,0,280,0,0,,0.16431305999867618,db8f5351b91d73fa22358ddcc833c85e:0:0,a92a4d5916c0771a6564e0bf6b5a360d:0:0,b3fd3d506a7c3b6880cd67ad3a6193bc:0:0,352275c091b865a3ee0d68e72ffc928f:0:3110525304,d6ad49fc350c877950b301587f3491d8:0:4064617041,16.0
2372,2,2372,1,legacy,0.0003,0.0,3.7705359467021147,17.140549101924307,0.007840778678655624,0.1087890625,-0.0048866378609091045,5.9358579164836556e-05,0.002394553506746888,0.011334704235196114,255,58,199,0,0,0,0,0,0,512,0,0,512,0,0,257,0,0,255,0,0,,0.16586527903564274,1bd6c0975fe9f29339fb8b4eeb30e45e:0:0,e6912cf820648dbe6953e10b09b0709d:0:0,5a8b4660eded1083fd737e14cdab848b:0:0,aa16361a7e76e19d2d64a1ae1fd69e8f:0:3977799711,e4342fd34a416ebf06d383e3ec1b8b8f:0:1943410771,16.0
2373,2,2373,1,legacy,0.0003,0.0,3.752029797252542,15.852674405840617,0.01848248951137066,0.1212890625,-0.002931763045489788,5.750649706897093e-05,0.00018765355343930423,0.010954324156045914,253,41,218,0,0,0,0,0,0,512,0,0,512,0,0,259,0,0,253,0,0,,0.1678626019274816,8a04aa307c7d327cee1c5911206e005e:0:0,e5eb13e112ab788c8862f12cd82bbbe4:0:0,14884d0cbc70ca62b3b673ccb1796052:0:0,e3dd2a4980322366c422e86e62f0aa8f:0:4290914274,f9b76576155a14638717c544df99d1f0:0:4202856651,16.0
2374,2,2374,1,legacy,0.0003,0.0,3.847054828600531,16.29153521902822,0.06394566595554352,0.200390625,0.019619132066145538,5.877913354197517e-05,-0.003352735424414277,0.011240561492741108,257,45,210,0,0,0,0,0,0,512,0,0,512,0,0,255,0,0,257,0,0,,0.16964964801445603,0cb9331f4fd72b0e362e13bf67eb1c5e:0:0,14d25dc88b42ece3f7643aa7e49ec130:0:0,8a7f514c6457efff7fa1cb68b8f22ff7:0:0,fcf92544c021a76b629144b3f94ab68f:0:1020314606,032805606d67921d6b19390715907a30:0:1748057191,16.0
2375,2,2375,1,legacy,0.0003,0.0,3.7938662459443,17.01269928349234,0.018327007070183754,0.2171875,0.018842899380251764,6.323191555566155e-05,0.0009101043688133359,0.011452256701886654,262,58,192,0,0,0,0,0,0,512,0,0,512,0,0,250,0,0,262,0,0,,0.17883741995319724,e1179d8a9ceaa7d8a86117f5c1a8385e:0:0,b86e625a3256880db04d3992dfa47f7a:0:0,86d3d8fb8cedd8cbca5d2b488094a8d6:0:0,f57652403eef45c811f3fe0ae2e4c28f:0:606954070,82c3e229751323fdaae0b1c5a29c4c4c:1:3616501681,16.0
2376,2,2376,1,legacy,0.0003,0.0,3.67998185322699,16.790615293797373,0.005529448855668306,0.17734375,0.020753729715943338,6.10800114372978e-05,-0.001860684948042035,0.01119357068091631,257,48,207,0,0,0,0,0,0,512,0,0,512,0,0,255,0,0,257,0,0,,0.1758354309713468,abe51c4b29240154958002502da5545e:0:0,a7e18664125e3b998a651dda3456d20c:0:0,a4db88950d0449e8bd603ef7e0bfe275:0:0,5f01c6cd383483b1408a9bff1fbece8f:0:345668671,95535f0b50c4b1d6ce34c174437e1a68:1:4171093341,16.0
2377,2,2377,1,legacy,0.0003,0.0,3.8675300340946093,16.168384946149672,0.013541409745812416,0.158203125,0.011906331684440375,7.175778318924131e-05,0.0005485869478434324,0.012151581235229969,274,45,193,0,0,0,0,0,0,512,0,0,512,0,0,238,0,0,274,0,0,,0.1781343959737569,f7c35f00cb75f7cd24efaf6aabe2705e:0:0,24ec534a486a671565bb16c9de6e1c76:0:0,8ee15a7ef1ad2d2f6520b45541f5ded8:0:0,e8e2c7cb768d8817cd8fe61cafd8da8f:0:1531475446,acfa137f2ca9b285366980e1692909df:0:1942532119,16.0
2378,2,2378,1,legacy,0.0003,0.0,3.673236056222965,18.876925679649048,0.005029301159083843,0.1876953125,0.01593569926917553,7.477929029846564e-05,0.0016047566896304488,0.012324156239628792,231,53,228,0,0,0,0,0,0,512,0,0,512,0,0,281,0,0,231,0,0,,0.1722160039935261,d419ef17b588b08c70af3be13c5f8c5e:0:0,79763a8585eaea6809ae407340aeda64:0:0,5ebcd568c8fe71d0c273eb7e417c7a50:0:0,ddf5bbca8acdb38e1539e3ef9332e68f:0:2561690163,354321add5327b1fdc3d1ad740786e7f:0:2869382129,16.0
2379,2,2379,1,legacy,0.0003,0.0,3.787238819252487,15.982596394457005,0.004263921175152063,0.1283203125,0.009126312541775405,5.993412087264005e-05,1.6484536899952218e-05,0.010943764820694923,265,49,198,0,0,0,0,0,0,512,0,0,512,0,0,247,0,0,265,0,0,,0.1726298739667982,11419ad0e2a6d547a158044fdf1ca85e:0:0,984f43d9779fe626653621e4c733c133:0:0,da3cac7c0a9e211cc6a52d7849fec419:0:0,58b114c518e1db6cfcb9dd03c9ccf28f:0:3030879888,cead035baecc385272cbf23244b1db03:1:3727506767,16.0
2380,2,2380,1,legacy,0.0003,0.0,3.7117996840064156,17.35045234381687,0.0018276666523888707,0.13046875,0.004333759238943457,5.5649962996540124e-05,-0.0001842514320742339,0.010738837532699108,255,54,203,0,0,0,0,0,0,512,0,0,512,0,0,257,0,0,255,0,0,,0.1761288970010355,a3a06e0ad804d5cb0a1da5529419c45e:0:0,36d472ac0b48fa183224c022fc74c753:0:0,3d6fe378699dee203849c240cd8408f0:0:0,2ad5d66bacec2838fe3c58e553a6fe8f:0:2918529635,4f35fe1e3497b0e38e38f1dd0e2209a5:0:3072907297,16.0
2381,2,2381,1,legacy,0.0003,0.0,3.7095289112919754,18.019661375535634,0.024070795625448227,0.190234375,0.01568482187576592,7.479839496227214e-05,-0.0006344749708659947,0.013232972472906113,247,63,202,0,0,0,0,0,0,512,0,0,512,0,0,265,0,0,247,0,0,,0.17397035600151867,3adb173221fe4be644cdfb855b56e05e:0:0,7650e724d74fa9ce2c02eb9bb781bd73:0:0,313a0843cede891ad76b4ee116980212:0:0,2af6c57fcb25974734e91f2030c10a8f:0:1913096182,88c58f26d49e3727d93fea13879986df:1:1421995134,16.0
2382,2,2382,1,legacy,0.0003,0.0,3.838176259159844,16.67271043634173,0.04136066883802414,0.181640625,0.00769086719956249,6.708888540742918e-05,0.00041786307701840997,0.01206755917519331,262,48,202,0,0,0,0,0,0,512,0,0,512,0,0,250,0,0,262,0,0,,0.17568191699683666,4652116b39e581984dd1238434d3fc5e:0:0,b4038daeab647fc42b55f9876ecd1859:0:0,cc120c250cb0cd5132e165b11d5cb059:0:0,bcbac00b2d111fa268e33740611b168f:0:4002846740,bdc9b6701e0fa59dff23dae04a5ce4c3:1:3642796198,16.0
2383,2,2383,1,legacy,0.0003,0.0,3.8023642964493294,16.19410231423899,0.004999067168682814,0.1115234375,0.00554053601808846,6.29501897492446e-05,0.0010427642846480012,0.011336886323988438,266,51,195,0,0,0,0,0,0,512,0,0,512,0,0,246,0,0,266,0,0,,0.17665396200027317,a70d83b1c001197ba02979eb2091185e:0:0,586598173dd1d8bb5c0e1ae50c86a396:0:0,d2a7d42aa39f237c0ed4eeabb2d6b70c:0:0,ece83d8a5e8c7a301b48e8d1e4b5228f:0:4095388535,aa7aa88025f95991eb34a45c4ddc5b4a:1:924453184,16.0
2384,2,2384,1,legacy,0.0003,0.0,3.641275446876344,16.497021138087575,0.02106667496263981,0.079296875,-0.0005621666787192225,7.53875014197547e-05,0.0004794835112988949,0.012409554794430733,274,50,188,0,0,0,0,0,0,512,0,0,512,0,0,238,0,0,274,0,0,,0.17410045000724494,634277533553d97251739b561e8e345e:0:0,7aafcfe2d7bc9d5e81895661a8982151:0:0,57b39636a5d47d20cab78b4b95610c1f:0:0,5321816d2d4a8d159233bb60bb8f2e8f:0:1513729041,1849242a5c9808698ec5e209187c67d0:0:3864671000,16.0
2385,2,2385,1,legacy,0.0003,0.0,3.7285583636138604,16.043073919144035,0.03374521806836128,0.091796875,0.006794412015005946,5.944967415416613e-05,-0.0004078263882547617,0.01104005891829729,267,52,193,0,0,0,0,0,0,512,0,0,512,0,0,245,0,0,267,0,0,,0.17257783201057464,02fed6d5a0ca97922de664612ecb505e:0:0,fd1e2e1b6d4b36cb029080ecd580c26d:0:0,02e1cf0c6ba39469a10c1fd3b0d0daa1:0:0,0c02a19a9d437a5ce4b87678e5a93a8f:0:2098682620,009ea9265a30a2807eb1377d56f634f0:0:2117049947,16.0
2386,2,2386,1,legacy,0.0003,0.0,3.8222774043775223,16.92199482477008,0.015169346705079079,0.18671875,0.011345626809634269,5.5343794156215156e-05,-0.0003946918877772987,0.010689887218177319,254,51,207,0,0,0,0,0,0,512,0,0,512,0,0,258,0,0,254,0,0,,0.1714751599356532,02879104cb6c4950d452f1a851486c5e:0:0,a260d228890d31983cc9c1bc03cfe3eb:0:0,b6974f12953bb132685823a45522e4aa:0:0,7a4c25f154a651da06e721a66303468f:0:3734265173,c84f64e0a21805d64b5b684337d82fd4:0:53011824,16.0
2387,2,2387,1,legacy,0.0003,0.0,3.8236564534631188,16.87304283820481,0.016822541132569313,0.1619140625,0.008000020449981094,6.522869098262163e-05,-0.0008657832513563335,0.01172088272869587,256,42,214,0,0,0,0,0,0,512,0,0,512,0,0,256,0,0,256,0,0,,0.17067188606597483,2fcd428aff2834efd2249fc78605885e:0:0,7bbd86abfb5c268c3a2fe8ad8b48fb2f:0:0,ebeb87103d94160c7384aef189009b75:0:0,082eb508b1d8664fd5cb0475339d528f:0:930704479,ec7f67c9c0e78e0ad838c861e727884e:1:2297820420,16.0
2388,2,2388,1,legacy,0.0003,0.0,3.798532862588517,16.016352687842073,0.020892059430480003,0.170703125,0.02160805566236377,6.805740631534717e-05,0.0014664647169411182,0.011838843114674091,271,45,196,0,0,0,0,0,0,512,0,0,512,0,0,241,0,0,271,0,0,,0.17337200394831598,074feb2473de4528bf610b5acd02a45e:0:0,83c16e4d0ccbf0d44ae5f146398cb789:0:0,aa292e2479647244040bc4226e64c91a:0:0,cde5fdc1fe0e45d5236aa67157775e8f:0:3950384431,e2fa5cde32d61dc4a16920a41c390c66:1:2474408494,16.0
2389,2,2389,1,legacy,0.0003,0.0,3.6884849151267582,16.616394437858162,0.014764141291379929,0.1271484375,0.0016007644589990377,6.474926540249726e-05,-0.004803813993930817,0.012137740850448608,265,56,191,0,0,0,0,0,0,512,0,0,512,0,0,247,0,0,265,0,0,,0.17026916600298136,6c197226d63d7f195aa810fe263fc05e:0:0,92d22a7bc26500008a9a0231f938c343:0:0,b596570a3c94d689a16c283ea4703ba5:0:0,c3dad4846f0a5579c2c7cf26ce916a8f:0:463643035,b404e3e053a9ac32e32bb99b52055d02:0:3554151783,16.0
2390,2,2390,1,legacy,0.0003,0.0,3.815876821548901,17.452440468855457,0.04442179948091507,0.1888671875,0.010480842273682355,6.590641714865342e-05,0.002495021093636751,0.01191044133156538,244,53,215,0,0,0,0,0,0,512,0,0,512,0,0,268,0,0,244,0,0,,0.1726027560653165,986118c094149a6fa533cd4d91bcdc5e:0:0,c7036888f1084088b44f2288e7284163:0:0,16c1968d93e2afcd55ca65b625334df0:0:0,efbe4e49ea8d102b93df862198eb768f:0:2352549134,6b65c65ba16472681a90157e90d086ce:1:1832724892,16.0
2391,2,2391,1,legacy,0.0003,0.0,3.7277457856368352,16.11256281751139,0.015410751104354858,0.1267578125,0.0028176588006317616,7.351577805820852e-05,0.001616174471564591,0.012396026402711868,254,47,211,0,0,0,0,0,0,512,0,0,512,0,0,258,0,0,254,0,0,,0.17264307592995465,132f6efdd9b0bbd5fed89ce50f79f85e:0:0,2df65bf860b62ce3ff776c739eca3e73:0:0,7e62267dffd07c711af4ed9c1de0a94f:0:0,c0b982edbe02e8db8faa12edb685828f:0:2415921287,c33ffc0f9d80a6d047e5856e9fed15ad:1:2036400749,16.0
2392,2,2392,1,legacy,0.0003,0.0,3.7868729724277364,19.194196527712393,0.04860151186585426,0.119140625,-0.0013067778199911118,7.606011022289749e-05,0.0014797304756939411,0.012411789037287235,237,58,217,0,0,0,0,0,0,512,0,0,512,0,0,275,0,0,237,0,0,,0.1705387510592118,053af34b6be6519f42051c609f77145e:0:0,c266089012a8e95e0f593797e94d2712:0:0,38edbab6746387def757f74ef435a7e2:0:0,82278b79bcfbcfe2d41afd17275f8e8f:0:2611233133,ea53b96fc59814b29c54835a16a551c7:1:2177797492,16.0
2393,2,2393,1,legacy,0.0003,0.0,3.85016567960414,16.087884001188968,0.012866649776697159,0.148046875,-0.0007144630420953035,5.3689154447056354e-05,0.0009714957559481263,0.01030724961310625,261,35,216,0,0,0,0,0,0,512,0,0,512,0,0,251,0,0,261,0,0,,0.16967566206585616,a67132d9ca6012b2dfc2285c41b4305e:0:0,3d3aac5cf27460036ff8fecb5440c479:0:0,f98f9cfadaeca1c25309fe40025c3582:0:0,6199487978f85ba7b0210c29eb799a8f:0:2176919761,bead8ec3acea04c3c01d690c6e798c11:0:3483338023,16.0
2394,2,2394,1,legacy,0.0003,0.0,4.063593241624654,15.221834925682742,0.008145691826939583,0.1212890625,0.0064546032808721066,5.764500529039651e-05,0.001976473955437541,0.010513661429286003,277,44,191,0,0,0,0,0,0,512,0,0,512,0,0,235,0,0,277,0,0,,0.16954689205158502,e0770bed45d01fb8fbb2dd73f6314c5e:0:0,1611a212b86abcae0236cc4d58f79409:0:0,8971b233ef8c2d6e78d6ebf448e020f8:0:0,ef5c7fa685189482afa647b202d3a68f:0:524747408,e004207b9dc4ccf330419866175b7daf:1:1169694090,16.0
2395,2,2395,1,legacy,0.0003,0.0,3.8181403808522116,16.14232435777012,0.05227053165435791,0.147265625,0.0038190540391951798,6.61721342112287e-05,0.0006651641451753676,0.011634468100965023,263,50,199,0,0,0,0,0,0,512,0,0,512,0,0,249,0,0,263,0,0,,0.16754240100272,db1c99d1f59f468688149843bcee685e:0:0,472e398c4b6557c388740a03107b0acb:0:0,0662f20da24400128753fa1e05d37070:0:0,33a9ef8bf83863e3a78ff73b6d6db28f:0:382288481,6fdfd8952e78a3e384234d694c92212b:0:1565546781,16.0
2396,2,2396,1,legacy,0.0003,0.0,3.6643034839360222,17.37737100526715,0.05889596790075302,0.1021484375,-3.576953895390034e-05,6.002697900839848e-05,-0.001333131454885006,0.011097095906734467,253,56,203,0,0,0,0,0,0,512,0,0,512,0,0,259,0,0,253,0,0,,0.16634619503747672,288e54d4b8b667c961bef56795eb845e:0:0,62562c1ef20042401eb3123fca2ca9e3:0:0,c65211c3a941e6932e07eb6c7ad5a13e:0:0,6138130aa005a6b6c1bea2522b47be8f:0:1108883872,810a5a87842279a08f5119cc1d25c578:1:2567421144,16.0
2397,2,2397,1,legacy,0.0003,0.0,3.7143057168894473,16.682769929417418,0.016094950959086418,0.092578125,0.004406832810491324,6.449238026107196e-05,-0.000651454203762114,0.012195905670523643,266,55,191,0,0,0,0,0,0,512,0,0,512,0,0,246,0,0,266,0,0,,0.16600881493650377,e2350f4cacfdfef46c23d17b8128a05e:0:0,975123acae6dfa4bd63d6942ae8975d9:0:0,d8f3dad41d28644e4457c850ff324c75:0:0,cb7a75f2979be309890e10823c61ca8f:0:425470718,48d5cec2b2267ccb2e042b65bd31855f:1:4268038580,16.0
2398,2,2398,1,legacy,0.0003,0.0,3.776295335814665,17.479755559509158,0.014657714404165745,0.112890625,0.004389303689822555,6.145870211184956e-05,-0.0016797150019556284,0.011174983344972134,251,51,210,0,0,0,0,0,0,512,0,0,512,0,0,261,0,0,251,0,0,,0.16546203999314457,6ef9b36ac92fcc6bad4f491b7ea5bc5e:0:0,257941faea5c136f533535026d54221b:0:0,f51276e572f84a4eed346e18afa2768c:0:0,068faf323431a0eff5554957a0bbd68f:0:2045604658,c7f22bef28540ca44ff298f766499c2d:1:1502357262,16.0
2399,2,2399,1,legacy,0.0003,0.0,3.9839537886672827,17.09943195105552,0.03747006133198738,0.184375,0.0006329863797873258,5.855163853993872e-05,-0.0004681746941059828,0.010972662828862667,252,40,220,0,0,0,0,0,0,512,0,0,512,0,0,260,0,0,252,0,0,,0.16829620604403317,123ffc2f8496a1f069e7b8e38e62d85e:0:0,d5b06666129e7b2533c6b23dc8ed7c95:0:0,aed1047bd8deacc6230867e1acffb9e6:0:0,ec0a54657a6366a97766945e5855e28f:0:1838679908,4d375f6674554a30456b45f52724de55:0:848077067,16.0
2400,2,2400,1,legacy,0.0003,0.0,3.7981233757043498,18.002241364308702,0.026454446837306023,0.146875,0.00395259577780962,6.118566379882395e-05,-0.00036729808198288083,0.011289076879620552,250,55,207,0,0,0,0,0,0,512,0,0,512,0,0,262,0,0,250,0,0,,0.1694037199486047,faa4d690b858514d412dbd6fb05ff45e:0:0,13d1d6735a9c47ba0bc8aa814ac4d46f:0:0,4e136acd487022ea80ce6034b2e5dac8:0:0,9d9b85dc8ea85806050f7922632fee8f:0:4258991981,c2e9db3269685cbf32b5d48993715be0:0:263977497,16.0
2401,2,2401,1,legacy,0.0003,0.0,3.8794860876398793,15.55640789583208,0.016722574830055237,0.1138671875,0.004791884846054017,8.171030385710765e-05,-0.0006030971417203546,0.014104926958680153,266,49,197,0,0,0,0,0,0,512,0,0,512,0,0,246,0,0,266,0,0,,0.17155146307777613,82a1a68425e5bd4248fc335be49d105e:0:0,beca6724f3aa94d2f6e1bc33ddcfbd72:0:0,c16735612de211eea5205d252aa6615a:0:0,7870097ad37c790b2518bf2fc149fa8f:0:1221987857,376300d88997feeeb8cf5db118ca4418:0:3618930018,16.0
2402,2,2402,1,legacy,0.00029932330827067667,0.0,3.738795521265972,17.399675566349515,0.054638952016830444,0.1888671875,-0.002788177994079888,7.042968827590812e-05,-0.0014709332026541233,0.012270374223589897,253,62,197,0,0,0,0,0,0,512,0,0,512,0,0,259,0,0,253,0,0,,0.16751055303029716,e5e5564d4e2d0cb129c837442b1a2c5e:0:0,0f47d0f54eb95566ce53fb8c7c79d1ea:0:0,0f7f52aa6532cb69fef826e70981af42:0:0,350b4e1ba7cc93d8fb466e1272a4068f:0:2864607849,eafe1361302546e4c4362f56af4855c0:1:2987331047,16.0
2403,2,2403,1,legacy,0.00029864661654135336,0.0,3.7091838647344733,17.68104302378788,0.030848318710923195,0.22109375,0.009654250019229949,9.349441861559172e-05,0.0003863750025629997,0.013568895868957043,255,55,202,0,0,0,0,0,0,512,0,0,512,0,0,257,0,0,255,0,0,,0.17020649602636695,06bedd17852a00093aa125c483d7485e:0:0,f64a0d12e4acb5896460c1636666e93a:0:0,557437ddf5dfbb2330a2c57c5aa3c96d:0:0,1ad62074f82fc1cf5457cd56773e128f:0:20580276,039a49a5a45354e0899c858a918773b8:0:2315701295,16.0
2404,2,2404,1,legacy,0.00029796992481203005,0.0,3.8680162628613664,18.196145831348076,0.025567783042788506,0.1607421875,0.010433997120708227,8.124908054014668e-05,0.0016845397185534239,0.012602852657437325,256,56,200,0,0,0,0,0,0,512,0,0,512,0,0,256,0,0,256,0,0,,0.1766111779725179,319acc8f6d7068f39d309b78eed4645e:0:0,2d1224fb988ee4ae30fa1f253a216c8a:0:0,bd2c6c840b796faa32fb37820ac51f8b:0:0,2fb155bb157a97f2b2076487cf181e8f:0:800306886,e09200283e7f9ea14090892ee055ef27:1:42534622,16.0
2405,2,2405,1,legacy,0.00029729323308270674,0.0,3.938143353748175,15.886333116122842,0.013239555060863495,0.157421875,0.006677547097206115,5.052213928138372e-05,0.002133042784407735,0.010083205997943878,272,48,192,0,0,0,0,0,0,512,0,0,512,0,0,240,0,0,272,0,0,,0.17699617997277528,4b9673d9474cc43f59ba74fd6c11805e:0:0,a8e4a63247616d7a5dba69e9c19f134d:0:0,c2ded1739e38616fcbf77e42da5c6752:0:0,95e737948337f691570afb327a322a8f:0:935866080,26e2a8b3883106fd168605712f3d979a:1:3013096022,16.0
2406,2,2406,1,legacy,0.00029661654135338343,0.0,3.847995990408977,16.322901569265014,0.01690666563808918,0.1306640625,-0.002382786571979523,5.785838784504449e-05,-0.0002409275621175766,0.010899621061980724,263,42,207,0,0,0,0,0,0,512,0,0,512,0,0,249,0,0,263,0,0,,0.17346563609316945,b6c740ebbf16f60d7b1cceedfb8e9c5e:0:0,646aff7a96d312fb05ddb2c0b80a5624:0:0,f89dfe7cb80d64c3bc39dddc7679d473:0:0,d1111037b0937c28531398e2788c368f:0:680352897,f9642e56c637bda74d4099f74eabd319:0:3499286150,16.0
2407,2,2407,1,legacy,0.0002959398496240601,0.0,3.827948511617798,16.380661844715405,0.012521814554929733,0.121875,-0.00010590876918286085,6.603190267924219e-05,-0.00038466756814159453,0.01179829053580761,256,42,214,0,0,0,0,0,0,512,0,0,512,0,0,256,0,0,256,0,0,,0.17316399398259819,a54c40012653283d2ad005e69d4bb85e:0:0,40b7ec9c0966f4d45ceda14f5be4eb26:0:0,b857458f58ec1740e5d7b5ed9857decf:0:0,6030d4d7ce419b888ecd8523ca26428f:0:1742276590,f000d4ea7420b0eac58840fb5a7b3c3a:1:1485390098,16.0
2408,2,2408,1,legacy,0.0002952631578947368,0.0,3.8238556167991993,18.67072857119183,0.020951448008418083,0.1572265625,0.0017682135105133057,7.565645573777146e-05,-0.0001982499670702964,0.012271994724869728,231,55,226,0,0,0,0,0,0,512,0,0,512,0,0,281,0,0,231,0,0,,0.1720803560456261,c5d1eb7b433ccb17cce6b6835148d45e:0:0,5b6421ab16bb30eb153030da238c6a97:0:0,1e2235d5261946a95fac2b64911f2c5f:0:0,f39997d133f1553bd7e047826f004e8f:0:1201472821,6136357e12921947f59291b9a5e2f7b6:1:1894707604,16.0
2409,2,2409,1,legacy,0.0002945864661654135,0.0,3.7446747961755067,18.399256139787212,0.051425814628601074,0.2142578125,-0.0048690879251807925,7.355906582233729e-05,0.0034833524841815233,0.012384850531816483,253,47,212,0,0,0,0,0,0,512,0,0,512,0,0,259,0,0,253,0,0,,0.17328153201378882,5b1ded402257b83d1c0dbd601785f05e:0:0,117745be894416a94ed3656c056c8be5:0:0,39d7069f839e5ef396c1d631b0f60d75:0:0,738c235107d39429eceea78a671a5a8f:0:211610217,0a18cd17b54267de449c26bda90aeeec:1:2476817130,16.0
2410,2,2410,1,legacy,0.0002939097744360902,0.0,3.870261022257706,16.762569609227285,0.03695870190858841,0.12890625,-7.235347293317318e-05,5.7224450938520024e-05,-0.00043864583130925894,0.010854273103177547,267,41,204,0,0,0,0,0,0,512,0,0,512,0,0,245,0,0,267,0,0,,0.17477408493869007,1ec0fd4095a377cf458c3718f0030c5e:0:0,a1a063097c3038b8b2412a68857b16c7:0:0,ae9bf4fce7db23c5d6d19074e178d31a:0:0,03e7e07f1ac42d7d8996acc7b274668f:0:2322681016,fa7d40e71303e2595b1b9877a2083148:0:2241552962,16.0
2411,2,2411,1,legacy,0.0002932330827067669,0.0,3.666574824534475,15.90969628753669,0.057038262486457825,0.1498046875,0.0038084477186203004,7.606129311170662e-05,-0.0003030934021808207,0.01228728424757719,263,48,201,0,0,0,0,0,0,512,0,0,512,0,0,249,0,0,263,0,0,,0.1734612250002101,f770af834d0ca7df05438049dac0285e:0:0,f0c0d4980d518bbb292a8fea07aac9aa:0:0,c1035ce51b08ad36d6e377697407f6e6:0:0,253afe7c2ba083c972719ec6510e728f:0:2737546672,49bc27d49582bbfe457b484adae7ff04:0:1363051313,16.0
2412,2,2412,1,legacy,0.0002925563909774436,0.0,3.755357351938093,17.572753442601652,0.01705329120159149,0.1421875,0.008580820541828871,8.158765122061596e-05,-0.000941295875236392,0.01235463097691536,255,55,202,0,0,0,0,0,0,512,0,0,512,0,0,257,0,0,255,0,0,,0.1758115479024127,c009c6b9b3b88617c1af358ed7bd445e:0:0,04b3cb7a6d60c79a15f088b3dffd8ca9:0:0,55f9684035389159b696464f5c211024:0:0,f717a7d20457cd6d8114051242e87e8f:0:2954696194,c7afe56b62a96883679b8dc17a7c8278:0:877988970,16.0
2413,2,2413,1,legacy,0.0002918796992481203,0.0,3.9605669518611757,16.610929040837163,0.021051963791251183,0.159765625,0.003919300716370344,6.646666643064236e-05,-0.004136934876441956,0.011606174521148205,272,47,193,0,0,0,0,0,0,512,0,0,512,0,0,240,0,0,272,0,0,,0.16788280697073787,4f157f0dfdc69baba7e53383e6fa605e:0:0,654da97f0d8590f4dd554ba41e6c6d74:0:0,cc676f023e0bed468b927934e202ae31:0:0,661efc3e2340fe3bb00da73788028a8f:0:2704956011,0d79d2b7f0e3f401c0ef6debc8791cc2:1:2041763819,16.0
2414,2,2414,1,legacy,0.00029120300751879697,0.0,3.698455179561148,17.634910616038724,0.020699258893728256,0.203125,0.021471386682242154,6.453283822338562e-05,-0.0001148839874076657,0.011610792949795723,249,54,209,0,0,0,0,0,0,512,0,0,512,0,0,263,0,0,249,0,0,,0.1694346209987998,d2213f8412248b7fc79596c508777c5e:0:0,2c91121cd616aff41ad20760d633e17b:0:0,de19187b5fda30e5b208e1e259d37112:0:0,aced780ae342545d26e98cc2205c968f:0:2568512472,77088728b8e6ef1313207990a57b45b6:0:3974976811,16.0
2415,2,2415,1,legacy,0.00029052631578947366,0.0,3.6226676851108435,17.179169292865026,0.015448627062141895,0.1650390625,-0.0039469180162996055,6.792959247832186e-05,-0.0023952103219926357,0.011640127748250961,259,45,208,0,0,0,0,0,0,512,0,0,512,0,0,253,0,0,259,0,0,,0.16884677694179118,968836f13c1002982f0abbee3c34985e:0:0,dbf72159bc8dbca3a389424cf2ff3b2d:0:0,a62349382cf0f68e36988da621daad30:0:0,f53f717655568877462dfd3e0bf6a28f:0:2559861314,b3e714e92cacf2d0042efb13689abacf:0:4288955236,16.0
2416,2,2416,1,legacy,0.00028984962406015035,0.0,3.8688045417377204,16.459352217208334,0.01701631397008896,0.1427734375,0.001538788015022874,7.535443692177068e-05,-0.002142122248187661,0.012354417704045773,266,53,193,0,0,0,0,0,0,512,0,0,512,0,0,246,0,0,266,0,0,,0.1695319190621376,b4b99c38cfe2cac407293f9b8231b45e:0:0,44b703a5784148134ca00a2786c5d2ab:0:0,bf0013c3a8678bc02e8611af96cb899a:0:0,097f5ff13dfba110b35c80374ad0ae8f:0:4001953777,2e26a5d96e29c98df98453fc1e9e456e:0:2625303646,16.0
2417,2,2417,1,legacy,0.00028917293233082705,0.0,3.8454051237210836,17.063730670827226,0.006658188998699188,0.1298828125,-0.000800066557712853,7.245598899316975e-05,-0.0027303798124194145,0.012182055972516537,252,54,206,0,0,0,0,0,0,512,0,0,512,0,0,260,0,0,252,0,0,,0.16983130597509444,f5cc98262ec4ff89af6ffe68da6ed05e:0:0,2f405383ebe98b1b93a486cd5c7f6300:0:0,1c7166a0029fce8473d9bfeb329588d7:0:0,d9bab84be917693664f1dd39dceaba8f:0:764790999,0dffa1bba9ec2d1742f5497d7f766612:1:2850118936,16.0
2418,2,2418,1,legacy,0.00028849624060150374,0.0,3.8494828136092645,17.38029957992353,0.1420540064573288,0.225,0.014118877286091448,6.917054088262375e-05,0.0009627749677747488,0.012051229365170002,258,57,197,0,0,0,0,0,0,512,0,0,512,0,0,254,0,0,258,0,0,,0.16695151408202946,e79449e6d4e16552d9f814f244ebec5e:0:0,5445921221e51ff581029949e6b5ccd0:0:0,60c2ea82f96b2fc6ec2d00a33667b936:0:0,0cf54c31c6dd8a60ae661bd1c244c68f:0:4099042044,515e94a0d6e2328b5f7090a60874aa71:1:1771020514,16.0
2419,2,2419,1,legacy,0.00028781954887218043,0.0,3.731330902444081,17.045260232572446,0.016598382964730263,0.105078125,0.0011422689305618406,7.156791270972463e-05,0.002112036105245352,0.011868387460708618,260,47,205,0,0,0,0,0,0,512,0,0,512,0,0,252,0,0,260,0,0,,0.17147541709709913,9ba2ddd15db7e2d8a774dfd3c1a9085e:0:0,283573e658005fdd6c846a3953e43cf2:0:0,0bcb61405093f750a4d6e53fd22cd74c:0:0,e43e4aa0044349984c2c838afaded28f:0:157586815,cb54b29af22315911670a6ee6ce25282:0:85796784,16.0
2420,2,2420,1,legacy,0.0002871428571428571,0.0,3.8396797748680216,16.762128384732478,0.03179016336798668,0.18671875,0.0018878008238971233,7.675210599700222e-05,-0.001478621386922896,0.012426333501935005,257,49,206,0,0,0,0,0,0,512,0,0,512,0,0,255,0,0,257,0,0,,0.1671546580037102,340250d0aa2a1ccfc333fba950a6245e:0:0,5e7d2ce21627fece78ddd7e946780470:0:0,e3c2f43de76c74d3e2ecbe4147c13792:0:0,4b053a4e918ce7db6fb39bf186b8de8f:0:240453933,76d66a80d16f998c04c9c09b18880cbc:0:1329375619,16.0
2421,2,2421,1,legacy,0.0002864661654135338,0.0,3.7936970250090516,17.078619846239462,0.030316630378365517,0.2396484375,0.043599026184529065,8.859138179104776e-05,-0.001105877454392612,0.015948807820677757,264,58,190,0,0,0,0,0,0,512,0,0,512,0,0,248,0,0,264,0,0,,0.16725483001209795,571c397493de33d47f1d450ef1e3405e:0:0,ebb75db3d55479d59e91ad31307e8421:0:0,61ed95f218c46f6a8f8b967be70e0285:0:0,03388e4e4980a5c2cb652c9165d2ea8f:0:3361579743,4c2f8e0499de88665cd50aa6053cda5d:0:1246192159,16.0
2422,2,2422,1,legacy,0.0002857894736842105,0.0,3.8444962588966844,16.788785805348994,0.06717149168252945,0.1994140625,-0.00787520078010857,6.644967488682596e-05,0.0007249983609654009,0.01147919986397028,262,51,199,0,0,0,0,0,0,512,0,0,512,0,0,250,0,0,262,0,0,,0.16719909699168056,1d97ca53d993a496efb2d8a0a5605c5e:0:0,ec087ce20cf997ac94004bc7e291e9e0:0:0,642a270f93875d4401c0dd1914c1eaf1:0:0,5ef2c86a2bcb6a669ea63cf6982cf68f:0:3476673408,73c04a6e675e804825f1921bdf1fb0c8:1:2215839749,16.0
2423,2,2423,1,legacy,0.0002851127819548872,0.0,3.7453716789519036,18.061216015144055,0.1772051751613617,0.2439453125,0.00410569510422647,8.386766094190535e-05,0.002325983252376318,0.013044916093349457,267,62,183,0,0,0,0,0,0,512,0,0,512,0,0,245,0,0,267,0,0,,0.1649773399112746,3b1e381530064a47081112fa6b1d785e:0:0,b4ca350d01d8a4759a3b7e4bb06a80d2:0:0,e82dd0c3d79ef47e599ffc9cf4f9f1ba:0:0,e0267c24dd230d83c1d714ad1dc7028f:0:4050160064,bba560f4f279884f0b0ee3616d75f12c:1:240548913,16.0
2424,2,2424,1,legacy,0.0002844360902255639,0.0,3.848209177956263,17.45682738851997,0.025754520669579506,0.188671875,-0.0024294569622725247,5.943078012933256e-05,-0.0009638170595280826,0.010993395000696182,248,50,214,0,0,0,0,0,0,512,0,0,512,0,0,264,0,0,248,0,0,,0.16952324495650828,3839c01fa2fb8340b5ee90b8431a945e:0:0,c97d1c1bfbcfc8cc18a1ab7f13318007:0:0,b119550c1882c0564a4ce2642edfbcf0:0:0,5414f076dfb244e0b2533b40f6a10e8f:0:2589163314,0bdbea7e23deda547717e6c9fef6f699:1:1597178669,16.0
2425,2,2425,1,legacy,0.0002837593984962406,0.0,3.6470575299449934,16.750482573758063,0.038084350526332855,0.168359375,-0.0024702046997845174,6.775348283554195e-05,0.0015780135290697217,0.011807313188910484,264,40,208,0,0,0,0,0,0,512,0,0,512,0,0,248,0,0,264,0,0,,0.16768179403152317,c222bb9cb21577f7fd9c2e762d57b05e:0:0,585e89c201405232a0fb69aad4ac7c27:0:0,851bd3423ac080109f859a910035a44f:0:0,87a695bd365a34f29e71783e22bb1a8f:0:2322634558,4e812186d229bb3605cb7238862d11ee:0:2505771369,16.0
2426,2,2426,1,legacy,0.0002830827067669173,0.0,3.878821801401132,17.93611843051508,0.06506125628948212,0.1234375,0.012109646270982922,7.383696938632057e-05,-0.0014116656966507435,0.012154831551015377,251,50,211,0,0,0,0,0,0,512,0,0,512,0,0,261,0,0,251,0,0,,0.16859530203510076,8f887520d5088425160508d029d4cc5e:0:0,bed2b1ccd3104e8f8df9c3c61eaa068a:0:0,506c3a6239da3363525ab351e86d6727:0:0,763808936555a4c27183d330a215268f:0:973345384,d5e67bce0cf9c5938f66dd2559f85a63:0:87513768,16.0
2427,2,2427,1,legacy,0.00028240601503759397,0.0,3.737307276641884,17.820403929727036,0.005401071161031723,0.1337890625,0.006675178883597255,7.467399918823503e-05,-0.0021128745283931494,0.01236728671938181,263,46,203,0,0,0,0,0,0,512,0,0,512,0,0,249,0,0,263,0,0,,0.16905533894896507,5178ddf952cec23084ae7c623891e85e:0:0,bce190bb69e8922e0a8a8744bdd6d202:0:0,7e614451c8d54badb9e9deba7c546261:0:0,c959e99f02c9d511dfd793a474af328f:0:2660162969,7e1eec2470fde87de08415173782d5a5:0:2399042481,16.0
2428,2,2428,1,legacy,0.00028172932330827066,0.0,3.778683877031213,18.764239921677017,0.013099659234285355,0.1501953125,0.005286293430253863,6.993157585384324e-05,-0.0005397160421125591,0.011712823994457722,226,47,239,0,0,0,0,0,0,512,0,0,512,0,0,286,0,0,226,0,0,,0.16993858304340392,cfbac2c89775b8df39b825c8598f045e:0:0,d552b1ce7abf1405162f31037f373fdd:0:0,ef7e530f6ddc4fe7230606b08519f69a:0:0,989d6d9e49d0fac072b541259a893e8f:0:4014827281,ef7055308d39ae6fcd4db9a877af8d9f:1:1203606303,16.0
2429,2,2429,1,legacy,0.00028105263157894735,0.0,3.822061981606166,16.677616703219655,0.012402718886733055,0.1150390625,0.0018660352099686861,6.52267895929981e-05,-0.00029178615659475327,0.011385691352188587,260,40,212,0,0,0,0,0,0,512,0,0,512,0,0,252,0,0,260,0,0,,0.16825438500382006,da79bdc474222b3eabdbe19e8ccc205e:0:0,7d93b7f395dae3caaeb5e98239b61f38:0:0,aae45431973cfc0587563c5bc422655c:0:0,88133056628a5c709460a34013a34a8f:0:2622113215,e64270b12a9525a66a136f69de993004:0:680520826,16.0
2430,2,2430,1,legacy,0.00028037593984962404,0.0,3.747970911784495,16.162215601121943,0.022313622757792473,0.109765625,-0.0010593910235911607,6.888607349537778e-05,0.0007879961049184203,0.011828749440610409,277,56,179,0,0,0,0,0,0,512,0,0,512,0,0,235,0,0,277,0,0,,0.16607689997181296,5a49df93f4e60ad0f46dcc80d2493c5e:0:0,83b6e233ef4fece1932bbaacd7763fce:0:0,d00d3547055549572177fd3036d4ff35:0:0,9ddd884951bc136c9c18c17fdffd568f:0:1830584971,897bc76183def530c2867e0a9aa4297c:0:3328096019,16.0
2431,2,2431,1,legacy,0.00027969924812030073,0.0,3.661389440223343,18.89416816953826,0.023459333926439285,0.17265625,0.011912172078154981,8.988408917502966e-05,-0.00017500380636192858,0.013527341187000275,242,56,214,0,0,0,0,0,0,512,0,0,512,0,0,270,0,0,242,0,0,,0.16653852898161858,ad8ade74b8048bf8eb5c430b2a06585e:0:0,4bde4fb2a838a70b95a251b93c09e91f:0:0,4c87731bbd25f8872604a2d6f9bb71da:0:0,5e635866c2926fcbda17e370ff97628f:0:169511176,a362216a08b8096c3d052b6cdf15d592:1:114798044,16.0
2432,2,2432,1,legacy,0.0002790225563909774,0.0,3.6407709416056795,17.516545435546504,0.016819020733237267,0.1626953125,0.003050470445305109,6.4870344249357e-05,0.0017141260905191302,0.011400819756090641,251,42,219,0,0,0,0,0,0,512,0,0,512,0,0,261,0,0,251,0,0,,0.16604572895448655,e14f8df9f2405ca6432fe1d99403745e:0:0,1f9715c0c0dde586dd6564f3b1d4010a:0:0,32ac0ae0d7b603af2f21bed15bec383e:0:0,e68c28361d08ffd7a393909f72716e8f:0:2413581495,ece9c19e713e171904a2715dd9734b14:1:158734453,16.0
2433,2,2433,1,legacy,0.0002783458646616541,0.0,3.776807616022757,19.004775446285294,0.006556974723935127,0.0853515625,0.0022018365561962128,8.126520297082606e-05,0.001027584308758378,0.012803112156689167,249,61,202,0,0,0,0,0,0,512,0,0,512,0,0,263,0,0,249,0,0,,0.17211580206640065,5e6670618bcffd41a50b85881040905e:0:0,57507aca6a1e3efe2181b3e30fd7b73b:0:0,679beaf4fb218a6ad2c68a2a67aa9dd1:0:0,c73a22439b893ab05ebc9097388b7a8f:0:1500139905,4f9c6ae9cdaba9b593a621ed4c8f738b:0:2605177735,16.0
2434,2,2434,1,legacy,0.0002776691729323308,0.0,3.7984995539148456,17.407713387802914,0.06739508360624313,0.1400390625,0.011939328350126743,9.415495151188225e-05,-0.0022108927369117737,0.013446730561554432,259,51,202,0,0,0,0,0,0,512,0,0,512,0,0,253,0,0,259,0,0,,0.17666665208525956,8b335d2601943bd8ccac4ab29ebdac5e:0:0,7ec6cc8e526e522a9201bccc963519ae:0:0,dcbb891afb2d328a9e1e9863caa4afd8:0:0,48327be5524ace328ebeeae451e5868f:0:3526324643,6e0ce2116c0dcf43c01cc8456215fc13:1:3271977493,16.0
2435,2,2435,1,legacy,0.0002769924812030075,0.0,3.7711280492973875,16.76422453234636,0.0630611777305603,0.1697265625,0.009968104679137469,6.482498483819654e-05,2.5917550374288112e-05,0.01160195842385292,264,49,199,0,0,0,0,0,0,512,0,0,512,0,0,248,0,0,264,0,0,,0.1746788100572303,daf87f1df62cd18aa4698df53f7ac85e:0:0,1b9b115e81e7c25aa5669fe7bcb6157d:0:0,554aaf0751b586017237ddbd2284621d:0:0,6610b8b85b01901bdfc1e712be7f928f:0:3204532828,a0029ea0e4c06a02751558fcc0c2fb28:0:1545863825,16.0
2436,2,2436,1,legacy,0.0002763157894736842,0.0,3.7568529360578067,17.31278998433936,0.009752294048666954,0.1060546875,-0.0014800680335611105,6.642405005550245e-05,-0.0005017120856791735,0.011588521301746368,266,54,192,0,0,0,0,0,0,512,0,0,512,0,0,246,0,0,266,0,0,,0.1752080450532958,fd364f249e8722336134ebebf277e45e:0:0,713566f7822546d396c8e5fe8e08632c:0:0,59927ffeb3ba5b5cadf02b71a926a9e7:0:0,49fd37819765127032e80cae7e599e8f:0:591388357,39fe750e371769fa1f7e96d455acf448:0:1992858115,16.0
2437,2,2437,1,legacy,0.0002756390977443609,0.0,3.675523830696507,18.09109368633699,0.04780413210391998,0.1013671875,0.0038422219455242156,6.545559590449556e-05,0.0016516436589881778,0.011468012817203999,253,53,206,0,0,0,0,0,0,512,0,0,512,0,0,259,0,0,253,0,0,,0.17643407406285405,8e2eaef075831e589e9a4132b7b5005e:0:0,be85b8f973b52ea4c962d68d567cc9e4:0:0,1227870459860adc34629f8e3f0d9721:0:0,15eb7d68bd1ddb1eaa4f23439173aa8f:0:2382177009,934bf13b8a515ce2a2e03ac53720719d:1:3956740823,16.0
2438,2,2438,1,legacy,0.0002749624060150376,0.0,3.803796578500426,18.663585483170664,0.05202372372150421,0.142578125,0.004891840647906065,6.746333820046857e-05,-0.0012074146652594209,0.011486915871500969,248,57,207,0,0,0,0,0,0,512,0,0,512,0,0,264,0,0,248,0,0,,0.17394066089764237,fe96e267e24a47557abfaa658f321c5e:0:0,ce9147856865e39b70c437949823b0c8:0:0,d34322ced290029a9c1da18a875c8a5d:0:0,a060c7cf9da43ee6b510325df7cdb68f:0:2456447368,4155426f0e0386be107e86be853561ad:0:3876802859,16.0
2439,2,2439,1,legacy,0.00027428571428571427,0.0,3.7251861811370786,18.436438308515335,0.04401998594403267,0.164453125,-0.00454687075689435,6.319263757177395e-05,-0.003038243856281042,0.011118332855403423,249,48,215,0,0,0,0,0,0,512,0,0,512,0,0,263,0,0,249,0,0,,0.17260627110954374,965edc6dbcf4d5c6b265842078ef385e:0:0,e856d720eb04db8e9e97b3c3e61760dd:0:0,4ad57bf26c18daa4badb98a65e6908ca:0:0,126f8c52dc9cdf7d1b3f8189b167c28f:0:546635997,b66cbee9dd0a28612c4f88d9670b6786:1:2978336778,16.0
2440,2,2440,1,legacy,0.00027360902255639096,0.0,3.813185373017987,17.838565136014495,0.004771005362272263,0.15234375,0.009126085974276065,5.791695166408317e-05,0.00033424439607188106,0.010860265232622623,249,54,209,0,0,0,0,0,0,512,0,0,512,0,0,263,0,0,249,0,0,,0.17540345096495003,af6a26c9dd190236bce66aff74ec545e:0:0,bae9e8f6f0ad65d32f75d95294b8f1db:0:0,c7d3cdf0e11a063466c27e82d867eb47:0:0,3cf0b9cc873eccf109ec9852be41ce8f:0:83651128,f7afc69f38053925cf9e2b076ad3b79a:1:3247402178,16.0
2441,2,2441,1,legacy,0.00027293233082706765,0.0,3.860589712139703,17.723675279279405,0.00869294349104166,0.128515625,0.007719882717356086,0.00012013969208055642,-0.009760321117937565,0.017455415800213814,247,53,212,0,0,0,0,0,0,512,0,0,512,0,0,265,0,0,247,0,0,,0.175454034935683,bb679b7c1de07009e8373b9e8329705e:0:0,8beb6176f32274dac7f96352775eaaf3:0:0,98b5d09b06c61d8879311cefd6243025:0:0,da4fc47c3f4f4a511f223e451e5bda8f:0:3085493380,734e514c647eaa86d49f49391a0807c6:1:3882537994,16.0
2442,2,2442,1,legacy,0.00027225563909774435,0.0,3.698609572398449,17.451232909451164,0.04282013326883316,0.1923828125,0.00852976890746504,8.4002756375412e-05,-0.002666493644937873,0.01366988755762577,257,48,207,0,0,0,0,0,0,512,0,0,512,0,0,255,0,0,257,0,0,,0.17558765003923327,8de13072833fbaaa74e71299a3a68c5e:0:0,1d6d61b14cf1c6d3ffb2d7a1ce053b94:0:0,3fc3059af342e00394265043778d1bce:0:0,c3bacac3ec3f359075e67aecd1b5e68f:0:2955885962,f111a2774702b3a5c68aa267bdd59758:1:2041577743,16.0
2443,2,2443,1,legacy,0.00027157894736842104,0.0,3.742894139322071,17.160472925979775,0.028450539335608482,0.1654296875,-0.004718147078529,7.966348530317192e-05,0.00044279845315031707,0.012862497009336948,253,44,215,0,0,0,0,0,0,512,0,0,512,0,0,259,0,0,253,0,0,,0.17209767003078014,eb643d456bec24f4b21f4c8cd663a85e:0:0,0c7a4de8273277025b208b8797326e10:0:0,e1da0a7a6f09ae659287b7e60c4ce403:0:0,56746f3324f612abb23a95d5d84ff28f:0:3472959266,fbde60c5ce7075484aae047b697fc335:0:3317797626,16.0
2444,2,2444,1,legacy,0.00027090225563909773,0.0,3.792852652455461,17.46195030505646,0.01001520361751318,0.151953125,0.00732510497327894,6.802762309234822e-05,-0.0007255822420120239,0.011595023795962334,264,59,189,0,0,0,0,0,0,512,0,0,512,0,0,248,0,0,264,0,0,,0.17034588800743222,ba84e546fbab6ae319a386141b60c45e:0:0,c1b09c9b2cb9e0e8db4a92cfeb86ef48:0:0,1d5161ec783584971e8e5bf9d214239c:0:0,d3a15fe6c4d6ba0e0d1b168c3229fe8f:0:2761338735,778ef37045bf40e11ecdcfaee74d26e2:0:395522075,16.0
2445,2,2445,1,legacy,0.0002702255639097744,0.0,3.8562705294164306,17.286255227645597,0.006510328501462936,0.102734375,-0.003305364982225001,6.174829941301141e-05,0.0010825913632288575,0.01098600123077631,260,51,201,0,0,0,0,0,0,512,0,0,512,0,0,252,0,0,260,0,0,,0.16834908002056181,95bcaedd2999b57a6bd19bcb729de05e:0:0,514574e8131aa139e191b0236fe66ed4:0:0,314a29a6246d7f54d389fb3941a95075:0:0,5d77ea8d5e89aa36607fc49bdf440a8f:0:2604757626,938ac23375054b5fbe57675256e8a180:1:306110125,16.0
2446,2,2446,1,legacy,0.0002695488721804511,0.0,3.812489532937878,17.182318454399592,0.01549314521253109,0.11953125,-0.004047907155472786,7.320261356653645e-05,-0.0011142388684675097,0.01208403054624796,246,49,217,0,0,0,0,0,0,512,0,0,512,0,0,266,0,0,246,0,0,,0.16652436705771834,17fccbc81e01b0f5cba1aa4edc1afc5e:0:0,7e57ef21c358156507495d3412979c74:0:0,79aa7f52d6e24ffe0b779e6a800fa67f:0:0,4b746fac7f18fc9c335ba790df9e168f:0:3129269771,64d3e0beff02e64e57d7f4242ba05950:1:1365217049,16.0
2447,2,2447,1,legacy,0.0002688721804511278,0.0,3.8461427061078384,16.8408785659949,0.016998395323753357,0.1931640625,0.022891170426737516,6.735425886290613e-05,0.00012309958401601762,0.011650819331407547,267,47,198,0,0,0,0,0,0,512,0,0,512,0,0,245,0,0,267,0,0,,0.1719601129880175,43802ca0cb62c532daa60e3a57d8185e:0:0,49e2e9a9b67dad66cf73d6310951adea:0:0,2a72e59d762f60b5941bbb61bbda6b09:0:0,d762070df3e9fdd4c59d06f73338228f:0:4161787398,ec796624911d72cc9687519d0ec9fea5:1:1606874931,16.0
2448,2,2448,1,legacy,0.0002681954887218045,0.0,3.939217153040432,16.704061129684078,0.13357843458652496,0.2220703125,0.00846540741622448,6.854551957076182e-05,-0.00011886809079442173,0.011904176324605942,276,63,173,0,0,0,0,0,0,512,0,0,512,0,0,236,0,0,276,0,0,,0.1734239530051127,05382c85ee41705dd50b6429e5d5345e:0:0,605f5325013471f32076dbeb4b574a37:0:0,e2bc891006078973c2b9d342f520e6f0:0:0,91e33287862068f81c2d6a5ada122e8f:0:3586335847,6389e71745b87bbeac65467dfcb1cc39:1:163022799,16.0
2449,2,2449,1,legacy,0.0002675187969924812,0.0,3.8838293592389657,15.89945978824403,0.04155000299215317,0.2162109375,0.0019229658413678409,5.937602727499325e-05,-0.002642533741891384,0.010999475605785847,271,44,197,0,0,0,0,0,0,512,0,0,512,0,0,241,0,0,271,0,0,,0.16951522999443114,49587097df5dc3ddad9888b98612505e:0:0,9f92e73673f779d3c75137650c65efb4:0:0,18ebc76897e3d81d23cc5f8e5901d113:0:0,91f3139addf746460cf19947d42c3a8f:0:3499997132,96b0af158cbd36fc9cee0916771918cc:1:534585713,16.0
2450,2,2450,1,legacy,0.0002668421052631579,0.0,3.798904445264211,16.436964091116124,0.019140321761369705,0.0845703125,-0.0007584573235362768,4.792785875906702e-05,0.0014218112919479609,0.009822473861277103,262,41,209,0,0,0,0,0,0,512,0,0,512,0,0,250,0,0,262,0,0,,0.16998849099036306,894b818de3ec038029ae9885388f6c5e:0:0,780bc051d58a5d4d5dc2f94000ea1109:0:0,76394622ae1ac51da144280996258014:0:0,e2d43bb6809b6d0b4ac99b4a2186468f:0:497089697,31981cc8f4ed3feb68847059428f0d95:1:669356486,16.0
2451,2,2451,1,legacy,0.0002661654135338346,0.0,3.7882397002464145,17.993401464673298,0.02234366349875927,0.167578125,8.465087739750743e-05,6.191979446157347e-05,1.0850373655557632e-05,0.011222361586987972,258,51,203,0,0,0,0,0,0,512,0,0,512,0,0,254,0,0,258,0,0,,0.152561211027205,62f9ac59e76b66e5fd48f028fd4c885e:0:0,436b31a7d8c3734fe7aaee73c5bdb27a:0:0,4a9d942099c8ddf45bc3231617454505:0:0,424ede2c1b13a8c67190b7edc220528f:0:4199101406,e3ed37a3f78be153dbf0464d06fc86ff:1:494006001,16.0
2452,2,2452,1,legacy,0.00026548872180451127,0.0,3.7967904776629977,18.028119340237936,0.08177018165588379,0.114453125,0.007444140501320362,7.203133445727871e-05,0.0008050724281929433,0.012108664028346539,254,55,203,0,0,0,0,0,0,512,0,0,512,0,0,258,0,0,254,0,0,,0.17309125303290784,d706d979cab6fd2ee6fd2c40d449a45e:0:0,b9042afd64302704b11eefc37acb2afd:0:0,eecac8ec5f16436489d82519466d3496:0:0,c13ce63b8cc2818d121d76beb5fa5e8f:0:2424650040,12fcb904861a8195a0e1fb4df0c71693:1:1797379108,16.0
2453,2,2453,1,legacy,0.00026481203007518796,0.0,3.6122844483225833,16.57917130174269,0.010882662609219551,0.173046875,0.019657714967615904,6.141678568383213e-05,0.0003954508574679494,0.011150783859193325,278,55,179,0,0,0,0,0,0,512,0,0,512,0,0,234,0,0,278,0,0,,0.168860126985237,71c2493fb3ecb2e5cbfb2968bd86c05e:0:0,a311f6a7c5cbc0085149ccf48f35e81e:0:0,c37b1ac9b99dfe55556017455fef0c22:0:0,3d6f3add640da7b0be419f48fd146a8f:0:2592015965,0149affd05a73e79f0fd1b3c34667060:0:4055151809,16.0
2454,2,2454,1,legacy,0.00026413533834586465,0.0,3.636720968817927,17.730836053885923,0.02281525917351246,0.13515625,0.003531314805150032,6.835885906184558e-05,0.00011306714441161603,0.011865693144500256,264,55,193,0,0,0,0,0,0,512,0,0,512,0,0,248,0,0,264,0,0,,0.16813363798428327,13347e050ac67a2cd40d043cb903dc5e:0:0,dafdc1ff7e05d22d0cddb505d4f68d7c:0:0,8f669059f1f0ff8a03783ff38a1ca503:0:0,e9344d42bfb702a414ca3918976e768f:0:2141001354,7065653642e684d5d176344e5782cc23:1:1447333738,16.0
2455,2,2455,1,legacy,0.00026345864661654134,0.0,3.770280627017136,16.49995644511364,0.027437638491392136,0.1482421875,0.008826177730225027,6.811770563217579e-05,-0.0016139348736032844,0.011478121392428875,267,40,205,0,0,0,0,0,0,512,0,0,512,0,0,245,0,0,267,0,0,,0.16689837293233722,784413e60d01952985971958c6c0f85e:0:0,803337eb9de0e265740ef8e6d72188e0:0:0,676d3bf699a9e8862ca2d94c574b17c9:0:0,1d74ee4bc773631fcd7f8bb98508828f:0:564139723,7838752292387bc29b898cae8ccf7a6b:0:2078017191,16.0
2456,2,2456,1,legacy,0.00026278195488721803,0.0,3.8393960915562975,16.750866029531153,0.038215648382902145,0.1185546875,0.00353232363704592,5.36602159627364e-05,0.0011083013378083706,0.010432270355522633,258,51,203,0,0,0,0,0,0,512,0,0,512,0,0,254,0,0,258,0,0,,0.16762271709740162,4391d84e267002b0e1980558e6be145e:0:0,b3ecc07d927efb141e54011d82958f1c:0:0,8b124e884330e800d55d859110437f62:0:0,7ab952812e4ad887c5251eb7c5e28e8f:0:2929809442,fa39d12b41b2777a9af2dc16cedf5fc0:0:2200712438,16.0
2457,2,2457,1,legacy,0.0002621052631578947,0.0,3.8292913084125755,17.690896014073587,0.011163542978465557,0.115234375,0.008189204102382063,6.386584482243052e-05,0.0007364611374214292,0.011349495500326157,247,52,213,0,0,0,0,0,0,512,0,0,512,0,0,265,0,0,247,0,0,,0.16658128006383777,42af224778500d337fa8a4d918fb305e:0:0,09236ccce43220179953d2d58b3dccfa:0:0,4b793841011924da61dbb8ce73761f1a:0:0,d6b52368714ea9900979b99f59fc9a8f:0:1691859269,798c6e7de42cd8bb9bd0c49c0fb2fa2d:1:2927135323,16.0
2458,2,2458,1,legacy,0.0002614285714285714,0.0,3.88309776026458,17.090428076710396,0.01636739820241928,0.133203125,0.005298078246414662,5.7380094767722765e-05,0.0026668028440326452,0.010806157253682613,269,48,195,0,0,0,0,0,0,512,0,0,512,0,0,243,0,0,269,0,0,,0.16754045896232128,3def372a3b85fbe9a9fc14755d784c5e:0:0,38aab378f42b1fb00843f438a277ac4e:0:0,d6d945cfadf3e4322f8a78418dc4c857:0:0,92768055c530f021e53763fc4156a68f:0:2554750314,713f462bdc201e654b4dc283cbe0ee24:1:2081358867,16.0
2459,2,2459,1,legacy,0.0002607518796992481,0.0,3.7841318445660654,17.27584058671141,0.016577908769249916,0.1466796875,0.0035567469196394084,6.989729481574614e-05,-0.0019790958613157272,0.011691446416079998,251,55,206,0,0,0,0,0,0,512,0,0,512,0,0,261,0,0,251,0,0,,0.16583034698851407,f88d6df2e953e63f795fb0c9b435685e:0:0,89f54d42571f99919cfda028cbfbaf27:0:0,ebb31a8883d8c104e27ae7e377afc6b6:0:0,ac40e029e549d880ec13655a7bf0b28f:0:2926827309,ffe83d0eae565e03f639ce7445033156:0:329508597,16.0
2460,2,2460,1,legacy,0.0002600751879699248,0.0,3.818414163628761,18.010154996892425,0.022507349029183388,0.159765625,-0.0002902230247855186,6.776516729587457e-05,-0.00012750089808832854,0.011605949141085148,243,48,221,0,0,0,0,0,0,512,0,0,512,0,0,269,0,0,243,0,0,,0.17075800499878824,5675c630562ba980f13b16721d32845e:0:0,af49c4216e5101737bea67f0c49116cc:0:0,74b571c9a02275442811ba791ec1a874:0:0,22b9e0b5369683b006be454609cabe8f:0:1059325861,da494edfaf865fc6acf57579fae6fbf3:1:4042168661,16.0
2461,2,2461,1,legacy,0.0002593984962406015,0.0,3.8988712728996124,17.12583458406698,0.012034023180603981,0.1322265625,-0.0041155568324029446,0.00010411931561975507,0.007526932284235954,0.018539197742938995,256,48,208,0,0,0,0,0,0,512,0,0,512,0,0,256,0,0,256,0,0,,0.16710281500127167,16ecc6252a3700c61b90220a986fa05e:0:0,c203633b692b127db748bc21f8d4c102:0:0,5871dab1834de4a72d8fd1de0ff50a27:0:0,009b37c4f13d8d167ee3cb4aeae4ca8f:0:2121858190,615308437ce85019e97c27a369c54675:0:756444296,16.0
2462,2,2462,1,legacy,0.0002587218045112782,0.0,3.7770162661885767,19.44833693227679,0.026121292263269424,0.1796875,0.005440171994268894,7.72670608057524e-05,-0.0006691670278087258,0.013227421790361404,239,64,209,0,0,0,0,0,0,512,0,0,512,0,0,273,0,0,239,0,0,,0.174143505981192,69ddae626331bf1f24faf02f25ecbc5e:0:0,5819ee382cf2c377d8e5657252fbc73c:0:0,fe05e6564ed815827d97fabc54e383c3:0:0,9bda2d2a432533650b2afef51f3ed68f:0:2104520599,0f61ae4e40a4df04a999b9f2527a0ef2:0:3571385079,16.0
2463,2,2463,1,legacy,0.0002580451127819549,0.0,3.7001177276188297,17.82553965143734,0.041536878794431686,0.1236328125,0.006622683629393578,5.544343421206577e-05,0.0005453579360619187,0.010496856644749641,250,53,209,0,0,0,0,0,0,512,0,0,512,0,0,262,0,0,250,0,0,,0.17383629805408418,0afb67cacb322c0078b1dd7bc5a9d85e:0:0,7062551fa7ae77587119f3b4001167f4:0:0,73b1985c9ea1cb7bcb55c351ce70a7fe:0:0,2c6244569e2724badb3627d0a6d8e28f:0:3334400652,3dbb7fee63d68e517d8cf734958a3567:1:1986822255,16.0
2464,2,2464,1,legacy,0.00025736842105263157,0.0,3.8657057991470523,18.05340412519172,0.03979102149605751,0.12578125,0.008216996164992451,7.180589764175239e-05,-0.0001321346207987517,0.012216278351843357,246,63,203,0,0,0,0,0,0,512,0,0,512,0,0,266,0,0,246,0,0,,0.17402349703479558,b46103998ffb81eedc85868c77a6f45e:0:0,926664a43eb33681ec997fab2ed54a8d:0:0,e0f9a5e613572b996b7b6740b68644fc:0:0,d05e0773a46dee0aa3a2cd6981b2ee8f:0:3433144925,b3b7d8a0075c0dd87bba00709a1aa3d6:0:2366231658,16.0
2465,2,2465,1,legacy,0.00025669172932330826,0.0,3.7507635010565887,16.445966151377434,0.030917704105377197,0.1162109375,0.0002637977013364434,4.621808857336873e-05,-0.0007361831376329064,0.009700672701001167,260,49,203,0,0,0,0,0,0,512,0,0,512,0,0,252,0,0,260,0,0,,0.17406102607492357,d43a33b066768f6b8ce0c7fd3be4105e:0:0,0b2ac796d596052aa7d1ed4746999e03:0:0,f1ebd106f925fad8119542d669e88bcf:0:0,51d63d2865880dbfaa09b74bafccfa8f:0:1332940733,90d0139100ee9b09e175930f925e43c0:0:3911912844,16.0
2466,2,2466,1,legacy,0.00025601503759398495,0.0,3.7968984333614104,16.992703194881642,0.020673898980021477,0.1158203125,0.003679759055376053,6.886368137202226e-05,-0.0016492583090439439,0.011789055541157722,258,42,212,0,0,0,0,0,0,512,0,0,512,0,0,254,0,0,258,0,0,,0.17276504100300372,b072cc1be5ec7a2058c8be6a12612c5e:0:0,1ccffb6958bab49aa0dd78b39f02f313:0:0,df30a1b1af94c1617100c932951ff8d1:0:0,7e6d3588debca9a2d0feed033127068f:0:3744947803,d66b2e3247007e3cb758d96e36bbf684:0:2679825293,16.0
2467,2,2467,1,legacy,0.00025533834586466165,0.0,3.8473776170531533,16.797684168349747,0.04328605905175209,0.12109375,0.003587178373709321,6.34496707789367e-05,0.00040136053576134145,0.011319129727780819,260,49,203,0,0,0,0,0,0,512,0,0,512,0,0,252,0,0,260,0,0,,0.1716747540049255,babe2567069fa44bbddcc66efb1e485e:0:0,7199354ee99798b9e654fcb7a49c0933:0:0,eb6a04249f052794d609b149f064fbb0:0:0,916949f7f12de7ffa411b61c05c1128f:0:3209613143,1d5dec6271b90b61e92f60f35a2b59cd:0:1508435225,16.0
2468,2,2468,1,legacy,0.00025466165413533834,0.0,3.731482912029178,18.372611221857937,0.011980786919593811,0.13359375,-0.003823356609791517,7.100646744220284e-05,0.002034667180851102,0.012035342864692211,253,56,203,0,0,0,0,0,0,512,0,0,512,0,0,259,0,0,253,0,0,,0.1726470700232312,f8b41a00ef5eb46d04567ca7f61b645e:0:0,669208ac3e5ae2590417cdb1e06af8ae:0:0,cab4f7bf1cb0360adbf43815fad08434:0:0,055f270f4054ec0963cc9a222d9b1e8f:0:860479126,ce744aea6eeb80960488362f3eb01cb3:1:2409146891,16.0
2469,2,2469,1,legacy,0.00025398496240601503,0.0,3.7813338153849028,15.602715907999709,0.013608694076538086,0.0951171875,0.00170378927141428,4.7618074131605684e-05,-0.0007126530981622636,0.010023782961070538,265,42,205,0,0,0,0,0,0,512,0,0,512,0,0,247,0,0,265,0,0,,0.1748026350978762,418957a27dadbf305b09bdb10358805e:0:0,33ac7aab4ced1ca600f374a48ad6e47f:0:0,3959720b775c382133c5fd92971e2fa2:0:0,10d9feebab63758011b560a1a8b52a8f:0:4028025316,16d55dbb78286f136005fa523fbd5302:1:2343994687,16.0
2470,2,2470,1,legacy,0.0002533082706766917,0.0,3.7909216669697434,16.847323596448405,0.010538867674767971,0.1435546875,0.01132849296554923,6.573540485987905e-05,-0.0018796342192217708,0.011678706854581833,257,48,207,0,0,0,0,0,0,512,0,0,512,0,0,255,0,0,257,0,0,,0.17672867397777736,df4bd84b3421939af364a62622d59c5e:0:0,c7aad6f529f097eb2f185411c5af6cc9:0:0,9f8d3f4943598e544ef4e0a5ec1a66bf:0:0,0b9d5588541723957c4d1126770f368f:0:2650018091,51b2337394ffbfa465632f98c8167172:1:2632803149,16.0
2471,2,2471,1,legacy,0.0002526315789473684,0.0,3.688887617775713,14.951529365271199,0.02488713338971138,0.0982421875,-0.00028857896104454993,5.359965198294958e-05,0.0009510453674010932,0.010375608690083027,281,43,188,0,0,0,0,0,0,512,0,0,512,0,0,231,0,0,281,0,0,,0.17402064299676567,0eca8d177a8929771d6f92a35492b85e:0:0,51c354c5379854ceeec46daa9211873a:0:0,e15f6d2efe622b925be64e4f9fa03ae5:0:0,f3c9b81d658a5b124b0ff33c98a9428f:0:2355409439,e609ae2c286307923f907753bd3932bf:0:3438067658,16.0
2472,2,2472,1,legacy,0.0002519548872180451,0.0,3.777207191341721,16.777671573606767,0.01776224561035633,0.1275390625,-0.0019211120437830687,5.91421834542416e-05,-0.0026351010892540216,0.010905816219747066,265,52,195,0,0,0,0,0,0,512,0,0,512,0,0,247,0,0,265,0,0,,0.1747326060431078,19a897dc5b81320063cd1fc4988fd45e:0:0,1dff3590004429939aea80ad936ca4a3:0:0,1114ada1bba40690286fa082fb599e30:0:0,368b5bc30d8ecfbb0a758e700d834e8f:0:161605622,2e4be41d9da70f9a0d462123d94c6a4b:0:3122946488,16.0
2473,2,2473,1,legacy,0.0002512781954887218,0.0,3.764952503505743,19.266449524002383,0.004271313548088074,0.13046875,0.006450394820421934,6.36220836895518e-05,0.0016996548511087894,0.01136735174804926,232,48,232,0,0,0,0,0,0,512,0,0,512,0,0,280,0,0,232,0,0,,0.17120487801730633,8bd0df1f2b0dcacfa7ba2a25eeccf05e:0:0,6a11134c22af531b203efa9e9a9a2d2a:0:0,fe0eb795bb10142dbe048c5783511eb4:0:0,b24756e45b1db0f537f0aa4cd59d5a8f:0:3397969934,268785039df854897a65b1b8fd789683:0:86929690,16.0
2474,2,2474,1,legacy,0.0002506015037593985,0.0,3.8527225605916375,19.180095244774975,0.031608566641807556,0.1232421875,0.002987565426155925,7.059761155687738e-05,-0.0005230546230450273,0.011854774318635464,241,59,212,0,0,0,0,0,0,512,0,0,512,0,0,271,0,0,241,0,0,,0.16802572598680854,82ce52a9c1d653073d0dce63574a0c5e:0:0,1a07e57713451abdbc18468fec43970c:0:0,75b94672f6f00bf0fadbb4538fd495af:0:0,93b9ec58f46979ac4def4e5ef0f7668f:0:1615454706,2a747806ac2f62e556c55106829bcd04:1:4166986826,16.0
2475,2,2475,1,legacy,0.0002499248120300752,0.0,3.82144887522419,16.6817639263229,0.03643946349620819,0.171484375,0.016606865916401148,6.617448070755927e-05,0.002214632462710142,0.011445675976574421,265,48,199,0,0,0,0,0,0,512,0,0,512,0,0,247,0,0,265,0,0,,0.17393937904853374,7cb7dda6389f62bf06396918d207285e:0:0,39ac2048ef2a877848b9e601b6932cc5:0:0,1cdd8b971034f8380c875cf801fcf04c:0:0,27662e47d71d6376cfdac2325f91728f:0:4243873398,ed8e332dba86cf5668188cf74c25a25b:0:3000499038,16.0
2476,2,2476,1,legacy,0.0002492481203007519,0.0,3.737640173274772,16.515347282086168,0.008551009930670261,0.169140625,0.0019151876447722315,6.28160307314829e-05,-0.003063259180635214,0.011260880157351494,268,50,194,0,0,0,0,0,0,512,0,0,512,0,0,244,0,0,268,0,0,,0.17208773305173963,8fa4c5d74f9ee4b0904896e25f04445e:0:0,772061ccb69e8304214760771dd2ddc6:0:0,4fe14005f29be34fb4baa4d71b9ba25f:0:0,f0551a4095567cfb56178d53216b7e8f:0:1680437563,d0192f409a7522a33a295db8e9951b77:1:120555326,16.0
2477,2,2477,1,legacy,0.00024857142857142857,0.0,3.793046538054703,18.549273542890887,0.027860593050718307,0.1515625,-0.0007747154217213392,6.761890581401531e-05,0.0012644879752770066,0.0121507178992033,224,46,242,0,0,0,0,0,0,512,0,0,512,0,0,288,0,0,224,0,0,,0.16994583595078439,c43f162ced4652232ee1345bfe41605e:0:0,bfd74713ba1a42669032d51fdb7fa034:0:0,bef4f46670d4b136af525e68cd0ac3e9:0:0,3fb03743c1e263959a05774d36858a8f:0:3526708074,c15f19e1489f70cdbc0abf56d32ea932:1:2797050801,16.0
2478,2,2478,1,legacy,0.00024789473684210526,0.0,3.8640781050412403,18.04224592600292,0.03061797469854355,0.0826171875,0.004644063021987677,6.926841560925823e-05,0.001307894941419363,0.012143324129283428,246,55,211,0,0,0,0,0,0,512,0,0,512,0,0,266,0,0,246,0,0,,0.1685538929887116,a045ad9e601f111818435e21afbe7c5e:0:0,316f4dc313fb77ca8bb2358c6e8a10e7:0:0,2aeaf71a5eec3056e19ee2dd35071a57:0:0,1981b1be7e4fa03b81ff87ac9edf968f:0:3529636056,df125bfbdd01b0eb3b89135fee160f78:0:915490918,16.0
2479,2,2479,1,legacy,0.00024721804511278195,0.0,3.7495637186535182,17.931838055591243,0.02946149930357933,0.1232421875,0.0011903140228241682,6.105884003773098e-05,-0.0010779814328998327,0.011217530816793442,264,54,194,0,0,0,0,0,0,512,0,0,512,0,0,248,0,0,264,0,0,,0.16914690798148513,f2e6a1de4f54f4b6814970cf737b985e:0:0,be5c9c770a83ad12839da03a2b961163:0:0,d0d68d79bcc894a41b72bddb34780dd4:0:0,5d11f0c85d5ba7a22d5c05fd5a79a28f:0:1141529312,4b17ef5be33110f627985d7e6636294e:0:3463322403,16.0
2480,2,2480,1,legacy,0.00024654135338345864,0.0,3.701141663857024,17.465171432502302,0.008060751482844353,0.0888671875,-0.0013703065924346447,6.30351090876502e-05,-0.0012440069112926722,0.011277072131633759,259,41,212,0,0,0,0,0,0,512,0,0,512,0,0,253,0,0,259,0,0,,0.17087029700633138,df0cd826858adff7b96809014978b45e:0:0,744c0d829f8f2df23b748fc9018ca914:0:0,2840c4b879e3178d1bd4a7b09a295918:0:0,de38ab3e0c4a7da3006c79cb6953ae8f:0:2846223050,3a940b3044ede65e42378b6a7d8c4f31:0:2780684942,16.0
2481,2,2481,1,legacy,0.00024586466165413533,0.0,3.7710300822021683,16.994674582093694,0.02850777469575405,0.10703125,-0.00694176247343421,7.448682172253029e-05,0.003374985419213772,0.013390108942985535,265,51,196,0,0,0,0,0,0,512,0,0,512,0,0,247,0,0,265,0,0,,0.1664070680271834,2149050401958a9346ae035331b5d05e:0:0,4be87d7b23367a8ef0694e8adf5cb8cc:0:0,2591d5a689546ed8bf9c3f455dec2be5:0:0,53c59a9e75b3fbe0b07daaa2cb6dba8f:0:3826712123,529634509f269db3d1d4136a6fec0fb7:1:2837465140,16.0
2482,2,2482,1,legacy,0.000245187969924812,0.0,3.7478977255195174,17.184709098523854,0.021581916138529778,0.1712890625,0.004763382906094194,6.892260935273953e-05,0.0003025168552994728,0.011846869252622128,274,63,175,0,0,0,0,0,0,512,0,0,512,0,0,238,0,0,274,0,0,,0.1678060459671542,da26aeb5f8b8682b01c47c612c32ec5e:0:0,8f09c3e769721ea75fc0dbf615b1ba4d:0:0,980bfb236812ed76c65e8ff991d3e330:0:0,a9230cdb5052bbac4fd7a00f80c7c68f:0:892609887,4d527d1f6d43fe4971da131d17b52c72:0:3662112657,16.0
2483,2,2483,1,legacy,0.0002445112781954887,0.0,3.7652717001169815,16.953995961068813,0.008528443053364754,0.09765625,-0.007933619664981961,6.524679083668161e-05,-0.0011572196381166577,0.01172161940485239,263,53,196,0,0,0,0,0,0,512,0,0,512,0,0,249,0,0,263,0,0,,0.17108747898600996,ecc1545cb600b1b731eed0c738f0085e:0:0,54268e643cbc0904ab3e052688826be1:0:0,ee2b35560e309566ee87e8a429d08e6a:0:0,51c2c5994c60a32a59bda19d8961d28f:0:387600519,3ff2c0f873b98559f77cb92e7aa41fd8:1:889426204,16.0
2484,2,2484,1,legacy,0.0002438345864661654,0.0,3.883339041008482,17.23632109215032,0.005223904270678759,0.096484375,-0.0028287894790992143,7.03788618920953e-05,0.002190464409068227,0.01262599602341652,256,57,199,0,0,0,0,0,0,512,0,0,512,0,0,256,0,0,256,0,0,,0.17170678498223424,768c7edf825a9132a90a9d2157ed245e:0:0,0ab28987dcf57b27fa65366e01645c08:0:0,405bfb7145a5c7d9b708183d04869435:0:0,a703daa7520d15b7be6e36d8e53bde8f:0:1071356773,c08078c587f06a4ad9f95a0ad2e6518d:0:584013078,16.0
2485,2,2485,1,legacy,0.0002431578947368421,0.0,3.832180393160578,16.470650814579813,0.020542481914162636,0.115234375,0.006092166621237993,5.937859732512152e-05,-0.0020636599510908127,0.011054089292883873,263,46,203,0,0,0,0,0,0,512,0,0,512,0,0,249,0,0,263,0,0,,0.1716493059648201,3abb3f1b00fc6f86df8fbe0b892a405e:0:0,afdfc72554429610c9ed24b8695071a7:0:0,16be7b72979c95d2d2d5fcc54587576e:0:0,104e7ebf8398c78eef23274d9455ea8f:0:536270239,db63905859fbeb79bdcf27ad3002521c:1:3001013671,16.0
2486,2,2486,1,legacy,0.0002424812030075188,0.0,3.727859507282343,18.63771192763579,0.026712561026215553,0.1228515625,-0.0002712228801101446,8.208684957935474e-05,0.0015408615581691265,0.012880300171673298,244,61,207,0,0,0,0,0,0,512,0,0,512,0,0,268,0,0,244,0,0,,0.16535028105136007,43c87793abc464b810905021cca75c5e:0:0,69d12e2252e0bca9f8318f38247f3a0e:0:0,c5a1f0d129f02cfd0bec148257a739eb:0:0,ac6100eff5a334acea117a8796aff68f:0:1292657048,20a3ff4b0649a4b0ec2663ee9947c0c8:0:2026669468,16.0
2487,2,2487,1,legacy,0.00024180451127819549,0.0,3.6573067322478083,16.024292016248864,0.01156112365424633,0.17890625,0.001889913366176188,6.533879914059071e-05,0.0005574504612013698,0.012278343550860882,273,51,188,0,0,0,0,0,0,512,0,0,512,0,0,239,0,0,273,0,0,,0.16628001094795763,aa9146925b23ca5155b8b0002264785e:0:0,fbfd8e6c40d3dbff2a6f348cef77946f:0:0,c7256ff650190f7f5f0d2caf2e67927f:0:0,5d77a6545035baf646697812ec4a028f:0:4285592118,58d912349db4627f9e76113ce00984dd:0:4154100506,16.0
2488,2,2488,1,legacy,0.00024112781954887218,0.0,3.8170582237774076,18.365085042702844,0.007883003912866116,0.1248046875,-0.00605134442448616,7.063418324833037e-05,0.0007412726990878582,0.01216453593224287,251,51,210,0,0,0,0,0,0,512,0,0,512,0,0,261,0,0,251,0,0,,0.16693428496364504,967df83b0534f010c34f7a428a61945e:0:0,b461bd62995cc0a01caeef0b030b4a63:0:0,3829c2b87f14fbec057878d1657abc50:0:0,6b576f14cb18579c4056a77b95240e8f:0:2400601290,c5d572fc8c6523a04a9543a34bace687:0:414180324,16.0
2489,2,2489,1,legacy,0.00024045112781954887,0.0,3.767161395507912,18.750208806403634,0.01997697912156582,0.1205078125,-0.007192104356363416,6.586381059605628e-05,-0.0006211695144884288,0.011675318703055382,238,59,215,0,0,0,0,0,0,512,0,0,512,0,0,274,0,0,238,0,0,,0.16794963798020035,579c16d81f96f2d384358b85049eb05e:0:0,50b309b29ff5668f5703f5d6f3de890d:0:0,1c9b200212eaa1f766e3e9fb6bb36e77:0:0,59924eea37fc07c1c4ffd04d913e1a8f:0:141900405,42e705501041aeea03d200aae5278dc7:1:590168373,16.0
2490,2,2490,1,legacy,0.00023977443609022556,0.0,3.955303205479731,16.345505833885454,0.043443046510219574,0.199609375,-0.005472541600465774,5.649881622957764e-05,0.0014190254732966423,0.010880732908844948,265,46,201,0,0,0,0,0,0,512,0,0,512,0,0,247,0,0,265,0,0,,0.16745065606664866,248d7a3f4fabb5c1f5e60063911bcc5e:0:0,8fe21a75fc77039008c8921c6d5c4546:0:0,e5a3e4cb667729e2c757122813804c40:0:0,08d9e4b20d06cc607e86fa14e098268f:0:3717711785,9f3bbcf7c294c7a2a85580375215c0a1:0:2166424078,16.0
2491,2,2491,1,legacy,0.00023909774436090225,0.0,3.803697522838215,16.501137816692335,0.05242323502898216,0.171484375,-0.0043258796446025375,6.720336532453075e-05,0.0006729922024533153,0.011485746130347252,272,49,191,0,0,0,0,0,0,512,0,0,512,0,0,240,0,0,272,0,0,,0.16756060591433197,bd0c9dde54d3fdbbc476357a2fd8e85e:0:0,07c949781f0c7c2e17739094d914da9b:0:0,6853b463c80a0bb8f7a967cca2e03926:0:0,b3244be8a24d516de0096c5d8332328f:0:2068977654,a2588055d41a53ba881638e8823d12d3:0:3176539969,16.0
2492,2,2492,1,legacy,0.00023842105263157895,0.0,3.703138245895625,18.10209269602865,0.010198778472840786,0.144140625,0.00666090464219451,6.17003015577211e-05,0.00032118798117153347,0.011628651060163975,247,58,207,0,0,0,0,0,0,512,0,0,512,0,0,265,0,0,247,0,0,,0.1695724610472098,28be07a95845af040695c764e0d6045e:0:0,a3f18a7eacce2047d0d36a9dca1decbb:0:0,f892fe2f877e9ab6de7cfcc6ece1f96f:0:0,bf053e2b14c63840319faeb3790c3e8f:0:556850068,8cb632e983e3487fa74c1b98d7c0d31f:0:713323372,16.0
2493,2,2493,1,legacy,0.00023774436090225564,0.0,3.67986081135574,18.32435599742439,0.016006888821721077,0.1400390625,0.0017556159757077694,5.6574154223199e-05,-0.0002462727716192603,0.010741917416453362,250,47,215,0,0,0,0,0,0,512,0,0,512,0,0,262,0,0,250,0,0,,0.169654943048954,335928ce0e182d2d598e92bfa413205e:0:0,8c24a8f10390062ab163459855868635:0:0,eb1a339148328c35edfd68c5568f0171:0:0,ba2c622d814305339c5d88a2c2264a8f:0:2856127893,56520324ba9c6f1d44a816297d2bf889:0:3166478487,16.0
2494,2,2494,1,legacy,0.00023706766917293233,0.0,3.716123943481898,17.974343102878265,0.007876191288232803,0.1396484375,0.0006440075114369393,5.4244692364591174e-05,0.0009765895083546638,0.010580938309431076,258,59,195,0,0,0,0,0,0,512,0,0,512,0,0,254,0,0,258,0,0,,0.17669788107741624,5520dbb95322dd45fd44b42679903c5e:0:0,cee81f1061bb441d899dc0f99c943991:0:0,4bf5d67540e4a9598345d28b24a41e3a:0:0,f8b858dd89fab08f365201b75e80568f:0:1000957355,fa49e29d04585dafaee06a05b26d3e15:0:1386619490,16.0
2495,2,2495,1,legacy,0.00023639097744360902,0.0,3.803613986146998,17.36407162075011,0.015852034091949463,0.146875,0.006044789683073759,5.247382632660447e-05,6.33071394986473e-05,0.01028397772461176,250,49,213,0,0,0,0,0,0,512,0,0,512,0,0,262,0,0,250,0,0,,0.17535396001767367,9b6c79a73349ca43f0368835614d585e:0:0,25143411904cd3e3a4afaa10cf6f56b7:0:0,4f3fae5151a9a8adebc35ed6c660bd3f:0:0,523cd8b45931daaa0e87617d4e1a628f:0:3145881035,b92b9729dd2f83e42031ac3fe6f22b41:0:3965251446,16.0
2496,2,2496,1,legacy,0.0002357142857142857,0.0,3.819616375623924,17.04235995840122,0.014898826368153095,0.1373046875,-0.0022863364312797783,6.392576942744199e-05,-0.0002601380692794919,0.011350658722221851,246,44,222,0,0,0,0,0,0,512,0,0,512,0,0,266,0,0,246,0,0,,0.17924611002672464,12e6749f83d46bb10b7cab885b4a745e:0:0,2d6dbc0aab9b534b83fa73e632fe322b:0:0,92ad115e74f6789cf38fc6d5606c7fdd:0:0,3138f286938ca35039032f8090f46e8f:0:3723527101,92a9055322b1f62d8b854892e8f78b0a:0:480536530,16.0
2497,2,2497,1,legacy,0.0002350375939849624,0.0,3.8004374207622105,16.79508459536123,0.009632047265768051,0.1439453125,0.008446849510073661,5.4842584904690736e-05,0.0008922417182475328,0.010537808761000633,266,54,192,0,0,0,0,0,0,512,0,0,512,0,0,246,0,0,266,0,0,,0.1753550129942596,5e64716b7d6a8e971ec9fabb6787905e:0:0,bf972985c48304c794c9dc954f3d8d43:0:0,71fea5fb6da503f9b4c445a8442e01a7:0:0,9989726bec962467dac6334d270e7a8f:0:2603508091,be5f88a64928bdddc9e537f61c737a8d:1:2124458679,16.0
2498,2,2498,1,legacy,0.0002343609022556391,0.0,3.8339837270232966,16.031887546648704,0.028154239058494568,0.1708984375,-0.0004745743703097105,5.7345773893757726e-05,5.9194862842559814e-05,0.010721297934651375,273,52,187,0,0,0,0,0,0,512,0,0,512,0,0,239,0,0,273,0,0,,0.1744148429716006,bc1707bb015360ac0c6b926a8604ac5e:0:0,992593b8389f857b3ae517b0b37842b5:0:0,721c315b3f263301be9f795d29ed3ffd:0:0,e16232a350098fd635cc746f1068868f:0:2923875392,7129addc3b5cebf4973ff73a6ce91db7:0:2069849150,16.0
2499,2,2499,1,legacy,0.0002336842105263158,0.0,3.8063134625615476,18.433931831719974,0.015061985701322556,0.1427734375,-9.420472197234631e-05,7.691104328841903e-05,0.0016007411759346724,0.012793132103979588,243,64,205,0,0,0,0,0,0,512,0,0,512,0,0,269,0,0,243,0,0,,0.1705497440416366,f184955a75929dbde548cf31b6c1c85e:0:0,58d18d4d7e1455a4592f26fdfb071fc9:0:0,ab7609ccb0fe6beed1a5aab77ef91102:0:0,89c825a3d268f0a4b50d3a724d02928f:0:1742379146,987e4d953207c840ce3fc3fac1821d1e:0:3217954645,16.0
2500,2,2500,1,legacy,0.00023300751879699248,0.0,3.6889462329119067,16.70562916025915,0.011910589411854744,0.1419921875,0.003473355947062373,6.102117804402951e-05,0.001881709904409945,0.011434096843004227,255,47,210,0,0,0,0,0,0,512,0,0,512,0,0,257,0,0,255,0,0,,0.17550218407996,9f92f404637fdf5f04e34dacf9bee45e:0:0,7daf0b11b954c2d05a7f203af5292daf:0:0,2a669bd7e60510106b586c451ffd86e6:0:0,e2a4d7d5db6d8f65f87b0ce2dcdc9e8f:0:3755685639,c3b4f7b35e4658f6c4292882fa94f2fc:0:3744572626,16.0
2501,2,2501,1,legacy,0.00023233082706766917,0.0,3.8091038621741875,16.75457745034805,0.011091253720223904,0.1322265625,-0.012864570785313844,9.861345733952476e-05,-0.004283944144845009,0.015235979110002518,254,49,209,0,0,0,0,0,0,512,0,0,512,0,0,258,0,0,254,0,0,,0.17711506795603782,8d0f600444740ed22d56ea784efc005e:0:0,978457eb1e1e248f85035c6f2b51e747:0:0,48a6bc7a27bea85eef477b3b826ba777:0:0,e69b30bb3cddf9dae103b34cbff6aa8f:0:3426876353,2fafc3e56028ad2b44723d72eea55b96:1:3618470847,16.0
2502,2,2502,1,legacy,0.00023165413533834586,0.0,3.8369415382044023,18.164605473316442,0.012489479966461658,0.149609375,-0.005716892424970865,8.893073645594995e-05,4.9459136789664626e-05,0.013876616023480892,240,61,211,0,0,0,0,0,0,512,0,0,512,0,0,272,0,0,240,0,0,,0.1730155679397285,b9ea788a2828f936a359c22fb6791c5e:0:0,7189f7bcf9d4cad756ead1f8798927df:0:0,c0fa4da425751e3b8fb269c93eef1b4f:0:0,ef044e982855add79c90353bf650b68f:0:1922004091,9af053bf3028de0d592d8a0fb1907dbe:0:3255231118,16.0
2503,2,2503,1,legacy,0.00023097744360902256,0.0,3.6731233372617242,18.238038620523866,0.018677176907658577,0.141796875,0.0037501286249607803,8.446945121249882e-05,0.00214672414585948,0.013299645856022835,250,51,211,0,0,0,0,0,0,512,0,0,512,0,0,262,0,0,250,0,0,,0.1733131599612534,b9fff939206705f44a3c316f3036385e:0:0,220c7c20161f6b38e1817ee5f8504f77:0:0,f5259da68c7ce2219fc75534dcb21de5:0:0,7c2a76fa368a6768b204da3c7feac28f:0:2462141391,c2312e5edeb2d2950469508018c18508:0:2128529011,16.0
2504,2,2504,1,legacy,0.00023030075187969925,0.0,3.792392645778965,16.358781110687914,0.03148464486002922,0.149609375,0.004105478059500456,7.601125234941719e-05,-0.0014255745336413383,0.012498250231146812,259,48,205,0,0,0,0,0,0,512,0,0,512,0,0,253,0,0,259,0,0,,0.16971344302874058,1dfe9f249d9d0f67bfe8d4d2bc33545e:0:0,0f789bae70bf642faeff9a96004f95d8:0:0,2dcd6a258c26f4bb225a9c39e3383c5e:0:0,443741c5f29b12380d4129da5cc4ce8f:0:3998983355,ae18f982d0905cf618569810e4b60835:1:843482314,16.0
2505,2,2505,1,legacy,0.00022962406015037594,0.0,3.7335511345289567,18.38203341636131,0.062129873782396317,0.1654296875,-0.002685788681264967,6.942698437342187e-05,0.00045975635293871164,0.01197921484708786,257,53,202,0,0,0,0,0,0,512,0,0,512,0,0,255,0,0,257,0,0,,0.1691687940619886,c61c9a1b27fe5dce78e488f65a70705e:0:0,be04b3fd857dbbbde13b5c771a958c10:0:0,639158e9882bc45004092a3368c2f89d:0:0,ff995bbe9bf45e320b1feba18cdeda8f:0:3909967934,7dd74a6d24727be155b9fe907fa4cbc2:0:3081592902,16.0
2506,2,2506,1,legacy,0.00022894736842105263,0.0,3.856516355200453,16.56670246346721,0.03586949408054352,0.13359375,-4.500569775700569e-06,6.48148954496719e-05,-0.001067835371941328,0.011559512466192245,270,46,196,0,0,0,0,0,0,512,0,0,512,0,0,242,0,0,270,0,0,,0.1690451429458335,0ef7f5c720c2c472dc4e6a760aed8c5e:0:0,ec03af67f1b92ebe423016befb600b41:0:0,5d723d1ca62295f08f9d6be16c96fc67:0:0,ef2580c71156f76a8577271e1038e68f:0:1247083296,40388f624e2d6781f2ef9b0b6c0bc7fc:0:2692592343,16.0
2507,2,2507,1,legacy,0.00022827067669172932,0.0,3.580043046234702,18.68156347534864,0.0059083993546664715,0.1390625,0.0031795350136235357,8.775455607974436e-05,-0.000490378646645695,0.013459200970828533,245,62,205,0,0,0,0,0,0,512,0,0,512,0,0,267,0,0,245,0,0,,0.17260193906258792,0f908cd87724e1185fdfd5edcdaaa85e:0:0,4711a14da1fc3fb13a4df64586121b50:0:0,2fc88a2457ac6e182855cfd108194936:0:0,d2259d66178b6141df1823dbe6d2f28f:0:3689668373,360aed3433e7be8addd6fb1820c097a0:0:1230462688,16.0
2508,2,2508,1,legacy,0.00022759398496240602,0.0,3.8887717951191947,17.57453262006834,0.024304885417222977,0.203515625,0.004786176118068397,6.106880155130057e-05,0.0017039082013070583,0.01088020484894514,245,51,216,0,0,0,0,0,0,512,0,0,512,0,0,267,0,0,245,0,0,,0.17302787897642702,c9f25b147cba7da7a3ec67f9a2a7c45e:0:0,b843bb87db457006d1008e0ce477d2a6:0:0,849e12df5c0bcaab000c3cdc3ba82aa4:0:0,e42862636e4f74ca0fcf696710acfe8f:0:4085613119,60759e3344274eb2e33775611ad6a8b8:1:4058385027,16.0
2509,2,2509,1,legacy,0.0002269172932330827,0.0,3.830451806972994,18.002228027921774,0.02372606284916401,0.1572265625,-0.009683607099577784,5.759091036452446e-05,-0.0021077850833535194,0.011222033761441708,249,61,202,0,0,0,0,0,0,512,0,0,512,0,0,263,0,0,249,0,0,,0.16959349997341633,712b61d344c3141a8f61fd3589e4e05e:0:0,81e3d41728b1da1af0a87d2761008746:0:0,c9cf86fbe8526581cd2642d7b7dc0ce8:0:0,76f2fc9e6609826bb064bf4b8dc70a8f:0:1584678694,e63c842ebf39ee3121c9dffc98736b2d:1:4205701395,16.0
2510,2,2510,1,legacy,0.0002262406015037594,0.0,3.833918256933852,18.203120709898712,0.017019685357809067,0.1083984375,-5.398548673838377e-05,7.188642503024312e-05,0.0003143537323921919,0.011958654038608074,254,52,206,0,0,0,0,0,0,512,0,0,512,0,0,258,0,0,254,0,0,,0.1690587360644713,f0c7cd1c3a0874a86bc8b23d8361fc5e:0:0,9f3d2face8e33b4947ee88f20d89ce8a:0:0,c3682d59a9a25fc90008d84e19b4e0fd:0:0,c7b61689e8cd16cb069b2d155e21168f:0:2647546742,c5c579e77dbb2b4efccb27f51b323e73:1:789132100,16.0
2511,2,2511,1,legacy,0.0002255639097744361,0.0,3.77174465714642,17.417747321070465,0.026114948093891144,0.0859375,-0.0051331110298633575,7.049024989100872e-05,-0.0012963165063410997,0.011977585032582283,244,52,216,0,0,0,0,0,0,512,0,0,512,0,0,268,0,0,244,0,0,,0.1681812530150637,e6899e3dd6ed8e320142e3ad8f1f185e:0:0,a8005e791d3ea60581d9680eb07826bb:0:0,dcf93a6e3947f835954177544b65339b:0:0,bad6c805293d62ed1130fa5081bb228f:0:3377898009,afe424ca3a5e39d4a24e04981cb9f75b:0:172285177,16.0
2512,2,2512,1,legacy,0.00022488721804511278,0.0,3.7622907767732157,19.329723891110007,0.014519060030579567,0.1228515625,-0.0024459267035126684,6.751975779479835e-05,-0.00025491503765806556,0.011508163996040821,230,67,215,0,0,0,0,0,0,512,0,0,512,0,0,282,0,0,230,0,0,,0.17010277602821589,70a6d366ab4758edb28d2e21ad1c345e:0:0,5d06da5387041795c2eac4a0f34561d0:0:0,4985a3b39d5ccc60601ecb66f4791877:0:0,2a7ba49369d9479c93dfae88f8952e8f:0:1156475138,7578aa4a306c06e86e22522f149903d2:0:665332176,16.0
2513,2,2513,1,legacy,0.00022421052631578948,0.0,3.6332756516731504,18.92650655109378,0.016903826966881752,0.110546875,0.0035684012807905676,8.131141512421892e-05,-0.0015458278357982635,0.012727786786854267,241,62,209,0,0,0,0,0,0,512,0,0,512,0,0,271,0,0,241,0,0,,0.16741095704492182,c3c9d2701b9be35398fe6e35dd59505e:0:0,d29f49f23da8c7c74da163612c153170:0:0,bf40ba7f75e5ae58be93ba22e9b00c1c:0:0,5cddaf408f3d040f235c114ac2af3a8f:0:612172031,51296b1fad460e98102497c926ce3bc7:1:2203448336,16.0
2514,2,2514,1,legacy,0.00022353383458646617,0.0,3.6927259305826947,17.857655351809854,0.017181770876049995,0.148828125,0.007631830289028585,5.442932269943413e-05,-6.885029142722487e-05,0.010383364744484425,254,57,201,0,0,0,0,0,0,512,0,0,512,0,0,258,0,0,254,0,0,,0.1671372860437259,9e9bc7b585638149a087c0861fd66c5e:0:0,e91e832d9946ef8b6c2d98a79ce361c6:0:0,537ea1d93a1c7eec52bc2a286b76eef5:0:0,fb5c9ecb6fe587ca31562a21e009468f:0:673895338,a0c93dcd0b0e6419bdd779f247cf2a2d:0:1061994830,16.0
2515,2,2515,1,legacy,0.00022285714285714286,0.0,3.8394586424457815,19.335431060142128,0.04670735076069832,0.19765625,0.001893873093649745,6.068314105505124e-05,0.0008293767459690571,0.01119424868375063,256,67,189,0,0,0,0,0,0,512,0,0,512,0,0,256,0,0,256,0,0,,0.1665866430848837,9707b07cb3e81d8fa3b481ae7493885e:0:0,b1d4f083453c163a99f4e546721f7013:0:0,f925079aeedd2aba3f42cca2a182930c:0:0,75c58bfa140167c81879409a50a3528f:0:621914683,e72e3b87fe73b589a1689e07ecc0b242:1:592625673,16.0
2516,2,2516,1,legacy,0.00022218045112781955,0.0,3.7574226476193733,17.433423326048114,0.050505131483078,0.184765625,0.015680874325335027,7.083950258675031e-05,-0.00015891231305431575,0.012130826711654663,264,46,202,0,0,0,0,0,0,512,0,0,512,0,0,248,0,0,264,0,0,,0.16579980601090938,19e6eb1ed15ead6b87aa4e4adb90a45e:0:0,28694a56be04a83dfed1ca7273afe33d:0:0,c1bde93aff312623ef8b7118fe39c01b:0:0,115adf4757db76dd286bdc40147d5e8f:0:596840496,953faf07109f6ac91a6a0d0628fce500:1:163781758,16.0
2517,2,2517,1,legacy,0.00022150375939849624,0.0,3.8996441602405985,15.622512321073145,0.011300225742161274,0.0828125,6.149010732769966e-05,5.6789596237649674e-05,-0.0001396007719449699,0.01100983563810587,271,49,192,0,0,0,0,0,0,512,0,0,512,0,0,241,0,0,271,0,0,,0.16770959796849638,faa565cb3fd6c695582902f754cdc05e:0:0,b5565e4168c1edab8377836cfb788fec:0:0,8ff2523429c2901ae6d348c3e1894770:0:0,ec3c1a64a36b015cb1cfc49f2b976a8f:0:3195789169,c0102792bc6e171262cc98787ffb8fa3:0:3219833749,16.0
2518,2,2518,1,legacy,0.00022082706766917294,0.0,3.77976851479055,18.026257985764005,0.01867108792066574,0.1125,-0.0035432410426437856,7.115666085155681e-05,0.0003477813152130693,0.011937063187360764,253,49,210,0,0,0,0,0,0,512,0,0,512,0,0,259,0,0,253,0,0,,0.16553472192026675,cfe3df68059c5763638abc4fe04adc5e:0:0,6585d09fd44304953b838d0e3dbeab06:0:0,62d70ab2bad26f586178145880bf31da:0:0,ef0bed55a995abfe1242014395f1768f:0:2839380679,64da391f5d675e5a3a9c439712c23afc:1:3534902063,16.0
2519,2,2519,1,legacy,0.00022015037593984963,0.0,3.6353142975979793,18.0610531665252,0.02185879647731781,0.127734375,-0.00424767795484513,7.019654676696519e-05,-0.0011174064129590988,0.011879028752446175,266,56,190,0,0,0,0,0,0,512,0,0,512,0,0,246,0,0,266,0,0,,0.16594314004760236,467224bdb8a7813656c3d6f07e07f85e:0:0,a840a3e331906ca4a84ec9fdc0e1fd7d:0:0,d44063e3c8eed05dca32be2da7e3f83e:0:0,f362e63761aef601c05ad9b9538b828f:0:864286947,a6a50854e9a657a1a2a3fa60fce0de1c:0:436904772,16.0
2520,2,2520,1,legacy,0.00021947368421052632,0.0,3.7941407309688597,17.16493232141829,0.027856063097715378,0.1669921875,-0.0032045697327703236,7.121902071958175e-05,0.0004006877716165036,0.012062650173902512,259,55,198,0,0,0,0,0,0,512,0,0,512,0,0,253,0,0,259,0,0,,0.16918603307567537,3f69c6c714b695255962ef752e05145e:0:0,5dbaea8562543ea59248233d221aeb2c:0:0,3abc71d6d048c7dc5cf005dd1b11a760:0:0,40fcf60eadc15e9657add58c64658e8f:0:3491305297,8a62a64ed80ae77b6bbb982de4faa2a9:0:3476820340,16.0
2521,2,2521,1,legacy,0.000218796992481203,0.0,3.785204837837965,15.588671633918239,0.03054920583963394,0.123046875,0.0033037092071026564,7.85985472248285e-05,-0.0037951867561787367,0.01473317202180624,267,37,208,0,0,0,0,0,0,512,0,0,512,0,0,245,0,0,267,0,0,,0.16639526200015098,2afb75a6a7ae32ea2990e279f042305e:0:0,ac84b3dcec42ed273e8bd0c8e9a279fc:0:0,ad705eacda7dd5d1ad8ece8131596d1a:0:0,e0dffc46602d2d7da4c9bc48c87f9a8f:0:373296808,c5f0d257b7ebde613100f62790f3403e:0:305664908,16.0
2522,2,2522,1,legacy,0.0002181203007518797,0.0,3.6689961334289545,19.57869199875404,0.04570019990205765,0.1955078125,0.019298403058201075,6.870438573969295e-05,0.003753413911908865,0.011653180234134197,221,63,228,0,0,0,0,0,0,512,0,0,512,0,0,291,0,0,221,0,0,,0.16968955902848393,d1e5f66f3fdb8a0d3810cc9ac4bf4c5e:0:0,db7b42f17b9e98721a356535767d69b2:0:0,2d03174881c11c671562a4ef3f3eba09:0:0,18398dcf9328def1b138957a7fd9a68f:0:4205053026,28533bd39b67f1ab43123d86b4477d01:1:714788929,16.0
2523,2,2523,1,legacy,0.00021744360902255637,0.0,4.009878356923238,15.56696932374848,0.0054245698265731335,0.181640625,0.016154051385819913,5.318152834661305e-05,0.00025969467242248356,0.010471198707818985,274,49,189,0,0,0,0,0,0,512,0,0,512,0,0,238,0,0,274,0,0,,0.16658058704342693,d5cd909607b4bd51c4400a73ab7c685e:0:0,542a36abe9cf2cd7d194ab534c5097bb:0:0,fd9624fbd90ebf68448d75447357587c:0:0,97a23c2284af32c9cf7fa8ad8a73b28f:0:2021057538,2cbfffb3cc3ce8834479131f5c1d2683:0:3222083805,16.0
2524,2,2524,1,legacy,0.00021676691729323306,0.0,3.8567758890242616,17.894128984548274,0.043747033923864365,0.1484375,0.010702323564328254,5.8606016136764086e-05,-0.0032921251840889454,0.01141159888356924,255,45,212,0,0,0,0,0,0,512,0,0,512,0,0,257,0,0,255,0,0,,0.16932697605807334,cf05d28f7ab36861f81638a0a479845e:0:0,3e2ef666985c7d3bf9701a65d74cbed0:0:0,fd7d13f97dddc49e124364be8c1b4ecc:0:0,8214bba96966dedfa71f7d6de84dbe8f:0:2167103568,bb3a027101d370a9bf0cbcb4260c6d79:0:4212432764,16.0
2525,2,2525,1,legacy,0.00021609022556390975,0.0,3.780075503375542,17.450604123598623,0.03559185937047005,0.116015625,0.007562945579411462,6.689837409794564e-05,0.00011949881445616484,0.011914748698472977,263,59,190,0,0,0,0,0,0,512,0,0,512,0,0,249,0,0,263,0,0,,0.17086195899173617,4715abc29ee547bb042533bdafb6a05e:0:0,b608e3caeeabfe8f643527372bdc0187:0:0,ecce5dfc71e965350f0a60f8be4c1f2a:0:0,54777069e90fe4b44093db479967ca8f:0:1097980071,e291112a099d3605792637c91dfdd42a:1:3072779028,16.0
2526,2,2526,1,legacy,0.00021541353383458645,0.0,3.860582671337828,17.333725124240118,0.013660918921232224,0.149609375,0.0007009678054600954,6.867347365187015e-05,-0.001817852957174182,0.01199142076075077,259,55,198,0,0,0,0,0,0,512,0,0,512,0,0,253,0,0,259,0,0,,0.17812667705584317,148f14a82ecf02d93b991866cd33bc5e:0:0,3a6bfe66a58a0971b244ade125b6c394:0:0,7fe81d063db2026d3df8ac892555746f:0:0,de571b0d37028a551153c9c69dc1d68f:0:161847125,7470f14aae11ea8191e74a4df71f3ff9:1:3363220423,16.0
2527,2,2527,1,legacy,0.00021473684210526316,0.0,3.81663988276194,16.415520319503685,0.012844214215874672,0.102734375,-0.005321223149076104,5.8523298139334654e-05,-0.0010029650293290615,0.010919328778982162,261,44,207,0,0,0,0,0,0,512,0,0,512,0,0,251,0,0,261,0,0,,0.17329465900547802,00ffd4959f3d18a430384337fcf0d85e:0:0,f89898b5fc403b3468ea7a0e8af23db0:0:0,c2745733949bf4289fc089b85014ec2e:0:0,d9a19fb1f94bf68107d19076f55be28f:0:3225361456,c9dd7bbe0851c2ff025e7ed393085341:1:3243992790,16.0
2528,2,2528,1,legacy,0.00021406015037593986,0.0,3.843490828363328,17.06539057145733,0.02082863077521324,0.120703125,-0.005991377588361502,6.059418246877613e-05,0.0004879646876361221,0.01126082893460989,259,49,204,0,0,0,0,0,0,512,0,0,512,0,0,253,0,0,259,0,0,,0.17533124308101833,5708675e2c9eee1ace6350cd3eedf45e:0:0,2f458c1e2d618907daaf08832ccef461:0:0,320ad474b8ecc35ed5dcdfd18abf0cf8:0:0,35102b3e70f4700d977ab6e4a035ee8f:0:4095021908,b61df9c741e35e7db4b66fb06ca73be9:0:3015272995,16.0
2529,2,2529,1,legacy,0.00021338345864661655,0.0,3.9711158758963507,17.46230017245125,0.015730859711766243,0.1046875,-0.0015512300655245782,6.372740754159167e-05,0.0003128998796455562,0.011289164423942566,242,45,225,0,0,0,0,0,0,512,0,0,512,0,0,270,0,0,242,0,0,,0.17585025203879923,2f48939e5b87ff3f79151dc2932b105e:0:0,6390bb4022e0798e398cbb2353c5bc74:0:0,f7643a4ad4547f2c4277cdf2619d57a1:0:0,c6c0533495fb408bc4b8049b9e4ffa8f:0:735544794,18a55a4287ca000766e906ae220c3546:0:100217203,16.0
2530,2,2530,1,legacy,0.00021270676691729324,0.0,3.8248324067024333,19.296968082846888,0.045480892062187195,0.1224609375,-0.0007640152238309383,7.575651270599337e-05,0.001042355434037745,0.012473293580114841,239,51,222,0,0,0,0,0,0,512,0,0,512,0,0,273,0,0,239,0,0,,0.17390141903888434,410eed3097f3324425e2c6b3f9a82c5e:0:0,561d4d612bcdaed3d141503e6a54e237:0:0,ec16837debe72d9a441c110433b57ee8:0:0,cd7c2f5519943a2d30ed8127efaa068f:0:902717127,e25ff443011f5a5b18609b006b83b056:0:1064256362,16.0
2531,2,2531,1,legacy,0.00021203007518796993,0.0,3.7706219586032126,15.998124273028225,0.023514539003372192,0.11875,-0.00658972579985857,6.528803751280066e-05,0.0005041860276833177,0.01136957947164774,277,46,189,0,0,0,0,0,0,512,0,0,512,0,0,235,0,0,277,0,0,,0.17682282906025648,d1d145f3dee44cf678fba83d7265485e:0:0,2b613272060028878e160d6068e4a7b4:0:0,2847807117a0230560dd44771d705988:0:0,5aa1dba98132e0e9267a74159444128f:0:3687422451,5c59eb56f1d7e065ac0170dd42a481aa:0:3871580128,16.0
2532,2,2532,1,legacy,0.00021135338345864662,0.0,3.8568643242603717,16.261742759132858,0.048896871507167816,0.14921875,-0.006928786495700478,4.698719585576328e-05,0.000380464072804898,0.009763792157173157,271,56,185,0,0,0,0,0,0,512,0,0,512,0,0,241,0,0,271,0,0,,0.17693880503065884,4ea7f1b79e038c6be1295efafd62645e:0:0,64dd40f50bd8f797c8d0b7a08907ba00:0:0,be00aa598af5091eb96c24bd1bf0dfc7:0:0,67bb4cd8ccef36e1a4b964f08c1e1e8f:0:2022979425,49b2c5ec941babfec205b0dce1eeb373:1:1176724205,16.0
2533,2,2533,1,legacy,0.00021067669172932332,0.0,3.7523297557199093,16.83153005213569,0.004623523913323879,0.1267578125,0.0008001603186130523,5.001109475415433e-05,-0.0006230022408999503,0.010044877417385578,260,55,197,0,0,0,0,0,0,512,0,0,512,0,0,252,0,0,260,0,0,,0.17288172303233296,5794c0ca34cf5eedb3cfc7889a9f805e:0:0,f64787a96e3e3f2749be76452ea3a277:0:0,b40493b01ece6ca232f69a8562c052e7:0:0,ece7e7f55bd02c086c001b44d7382a8f:0:486512177,38605a5e822dad464b893fc712947450:1:1683607461,16.0
2534,2,2534,1,legacy,0.00021,0.0,3.863307264105159,18.06310857453184,0.005529371090233326,0.11796875,0.009938519867137074,6.636423186137108e-05,-0.00044501913362182677,0.011511171236634254,255,48,209,0,0,0,0,0,0,512,0,0,512,0,0,257,0,0,255,0,0,,0.17281314893625677,bf88af51c300402548ecfe824a1c9c5e:0:0,21edd033090359f1229e47f40ddd73dc:0:0,a0f884b1fc780a03b753800719c13218:0:0,bb79e23e0087b104099f9e9e7592368f:0:4068594774,0260546b92f583129ddb6a9f544138a2:0:2679848692,16.0
2535,2,2535,1,legacy,0.0002093233082706767,0.0,3.7892233983847925,17.420707196902185,0.005186312831938267,0.1056640625,0.005706654954701662,6.425846131605795e-05,-0.00025670340983197093,0.011485704220831394,258,59,195,0,0,0,0,0,0,512,0,0,512,0,0,254,0,0,258,0,0,,0.17191257094964385,70207e412fbab788171960840bd9b85e:0:0,d8774f886fd1e26e13c803408c38541d:0:0,b3765eeef139aa6236beb03117dff3be:0:0,1dda0c97792c6d54e3e43689672c428f:0:3086777460,d9deb5440dade832b6642f9c6dfd5beb:0:3932905857,16.0
2536,2,2536,1,legacy,0.00020864661654135337,0.0,3.7358388201163697,18.413864708031724,0.009280484169721603,0.090234375,0.0034704903373494744,6.813144591433229e-05,0.0001260590652236715,0.011642711237072945,247,62,203,0,0,0,0,0,0,512,0,0,512,0,0,265,0,0,247,0,0,,0.17402506805956364,6f30bd65952b7903cf878a29dfd6d45e:0:0,d8818134787409aa959dd60d9c2aad64:0:0,09b399d2bfc6ea671ba2ea71ab721814:0:0,3e2559cebc7d18ba46156a91ac064e8f:0:2892689504,2ae508ed9ef8297353605da6d8e3d77f:1:2199806293,16.0
2537,2,2537,1,legacy,0.00020796992481203006,0.0,3.7666216701552795,17.073945148672465,0.02344823256134987,0.1521484375,0.0026891394052654507,5.5580928528797815e-05,-0.0018566641956567764,0.010590813122689724,267,47,198,0,0,0,0,0,0,512,0,0,512,0,0,245,0,0,267,0,0,,0.1707316319225356,a8b53cb27c29a7ea7a04580fc613f05e:0:0,0d6db153c4e5abbf0da03d83318a46d7:0:0,d3b08e0ab5f06c352aadc4f17cdc8d0c:0:0,0b4825ffcf3977d76c76024344205a8f:0:433031663,d9f10f6ef43895afc3b6460648406e19:1:489005809,16.0
2538,2,2538,1,legacy,0.00020729323308270675,0.0,3.7611849166991416,17.271745513363612,0.005829263478517532,0.1453125,0.012187853641808032,5.777660589956213e-05,-0.0003649877617135644,0.010809145867824554,256,46,210,0,0,0,0,0,0,512,0,0,512,0,0,256,0,0,256,0,0,,0.16967266402207315,cbce659d937b3c1e90f6e6d1be910c5e:0:0,47bd2d2106d6f9179dd3c2496b1e716f:0:0,7d5f52548d47ea0220766253e6942935:0:0,b3dc08c8141cfc189044052a2f7a668f:0:3726882409,704f2cf5b2237e865a7d7650e870c845:1:2772134962,16.0
2539,2,2539,1,legacy,0.00020661654135338344,0.0,3.7660843188497166,17.021523447010622,0.02297750487923622,0.0947265625,-0.005018678493797779,6.904299571033334e-05,-0.0007772864191792905,0.011922876350581646,250,47,215,0,0,0,0,0,0,512,0,0,512,0,0,262,0,0,250,0,0,,0.17356478108558804,af68a404ce57897f1d60930bc94e285e:0:0,bbb6ef12e243d9b20622b57bf44299a6:0:0,19d848f737978a2faf0aa85ddd6d6806:0:0,c9fdcb36490706d7f3b8bad26e14728f:0:1551436228,12ff0ab1610c533105b4e7402e5e0424:1:1366605535,16.0
2540,2,2540,1,legacy,0.00020593984962406013,0.0,3.7935067682585064,17.748476896463217,0.00876179151237011,0.115625,-0.0003597542643547058,7.585718522022944e-05,0.0007520292419940233,0.012335460633039474,255,54,203,0,0,0,0,0,0,512,0,0,512,0,0,257,0,0,255,0,0,,0.17272589704953134,8536c8c415c3e993d2dcf959e64b445e:0:0,3bc6c2500996c42f2a7a0338facb9714:0:0,05c9a5cae187e0b1f900852846407810:0:0,aef1f5b5a3dccfc2ee08aac7ffee7e8f:0:3997926998,3d490003c798cbcdf8c97347f4a610e7:0:3059059456,16.0
2541,2,2541,1,legacy,0.00020526315789473685,0.0,3.7449619603628514,16.646044214513722,0.016018599271774292,0.1369140625,0.0009014207171276212,6.566698011738481e-05,0.0003473152464721352,0.012725197710096836,260,43,209,0,0,0,0,0,0,512,0,0,512,0,0,252,0,0,260,0,0,,0.17114902497269213,d2102ec9f86687792ba1f6581588605e:0:0,9f29c1cc5b0d9cce25f8dea69eed0bbf:0:0,c68765b2f5f16bc3ea73a750d9593e88:0:0,f3ff517cc1b0ee7ef7639c96e5088a8f:0:1238163106,8fea56d40b2e00d4db41485d85a084c1:0:835833986,16.0
2542,2,2542,1,legacy,0.00020458646616541354,0.0,3.7504261037842284,19.12949852098791,0.020565180107951164,0.111328125,-0.0019562958274036645,8.991658942250069e-05,0.0013717859983444214,0.013998528011143208,235,59,218,0,0,0,0,0,0,512,0,0,512,0,0,277,0,0,235,0,0,,0.1714980130782351,e3c66625046b4e0c847fa6a257057c5e:0:0,f663e5e542b0e66a4d050a5f58a7882a:0:0,7e3f744d662d5ec4cc57250fefb74928:0:0,e2a7ac545abc878eb4f497cb1d62968f:0:1396416327,a8be7cfcafc9e10942aff93088196454:1:1930032161,16.0
2543,2,2543,1,legacy,0.00020390977443609024,0.0,3.6641791716268024,16.604065350770725,0.007855309173464775,0.105078125,0.0031796365976333616,6.913288671057671e-05,-0.003357676323503256,0.01210719719529152,269,50,193,0,0,0,0,0,0,512,0,0,512,0,0,243,0,0,269,0,0,,0.1738498049089685,80643f2db716f85838e066d4aac2985e:0:0,ab66a3fa58c0653bbefb2fd193b716d3:0:0,e91d76af275dd057b67aaf6aaaaabcf3:0:0,4c982cd4edb61c7704e1e3f0a8fca28f:0:1474234639,7ab39ec2677ced4a1a92b7c7f131fe1b:1:1496599877,16.0
2544,2,2544,1,legacy,0.00020323308270676693,0.0,3.9360360524665965,17.054366290034295,0.005298408679664135,0.0869140625,0.0004474571440368891,6.832783783465857e-05,0.003082999959588051,0.01178218424320221,251,40,221,0,0,0,0,0,0,512,0,0,512,0,0,261,0,0,251,0,0,,0.17406351794488728,03c1429b2da4443fbec8d38b10bfb45e:0:0,aef1dc7457963e0ac66d500c2638b426:0:0,241b64669873455eea52615ffc923a13:0:0,0e8b9085d511ff240a4d089387d6ae8f:0:1620628226,32692f0877954c53b1e2a1e0297ada35:1:1718106296,16.0
2545,2,2545,1,legacy,0.00020255639097744362,0.0,3.688046060022275,17.680934850915264,0.003885217010974884,0.104296875,0.004178129741922021,5.703546084987465e-05,-5.837721982970834e-05,0.010753930546343327,245,51,216,0,0,0,0,0,0,512,0,0,512,0,0,267,0,0,245,0,0,,0.17055793502368033,40a8f1fb0307476bc2d7c96188fcd05e:0:0,7b4abd2188e6d25ff9dbe19116b9856a:0:0,d6a5c41cc857bc82dc062907612333fa:0:0,4c29c49378b8688e3952cd3fb9f0ba8f:0:440413871,07c9ec79be85b32148eea92b4abe21f8:0:2811470505,16.0
2546,2,2546,1,legacy,0.0002018796992481203,0.0,3.673327673538566,18.747919731623597,0.008254227228462696,0.12890625,0.00591770801693201,5.566576965065906e-05,-0.0007724284077994525,0.010628280229866505,247,55,210,0,0,0,0,0,0,512,0,0,512,0,0,265,0,0,247,0,0,,0.168735696002841,74c496af0632e676444664f41379ec5e:0:0,abaa722d76f96b037b62b8919817bcba:0:0,008e7ae28b2685a93e18f44090863561:0:0,48f16d1d8ebd329f630b39813f4ac68f:0:4244900606,7a8cc5f701e1492897d1dcf3834bda2b:1:178932751,16.0
2547,2,2547,1,legacy,0.000201203007518797,0.0,3.769023585093503,16.935079539098297,0.007451291661709547,0.0845703125,0.0047192576341331,6.15165765339043e-05,-0.000439564319094643,0.011082791723310947,267,55,190,0,0,0,0,0,0,512,0,0,512,0,0,245,0,0,267,0,0,,0.16838372801430523,a440ec3db47c6e56b0e802deb037085e:0:0,61ccc51a7aa964bb1e99499d4edcf741:0:0,7c6b974b7e0578bfc3315bb8951a6e05:0:0,d6a91e699da53557c18994e417e4d28f:0:72641618,31afa388c3c39616b0fd79a8717998e8:1:4024964397,16.0
2548,2,2548,1,legacy,0.0002005263157894737,0.0,3.8414904362463798,17.580515768628402,0.012613601982593536,0.166015625,-0.0036376452539116145,5.598666157311527e-05,0.0015541440807282925,0.010595678351819515,260,51,201,0,0,0,0,0,0,512,0,0,512,0,0,252,0,0,260,0,0,,0.16911127197090536,f60e956ca3b9500e012a3fbd5f34245e:0:0,d5b4ddc2aee83560c6f28751c0145580:0:0,6b5e117f6a4882bc0c5f74780c17345c:0:0,8ff7469132c5473303dc66f443bede8f:0:2922345271,1f68ea11d1dc24cdb5804b73e4590046:0:391500098,16.0
2549,2,2549,1,legacy,0.00019984962406015036,0.0,3.896489728059114,18.06431931223358,0.009202646091580391,0.0697265625,0.0012914431281387806,5.746084370912285e-05,0.0007092399755492806,0.010604629293084145,252,51,209,0,0,0,0,0,0,512,0,0,512,0,0,260,0,0,252,0,0,,0.1680202450370416,5ddd0a4647b2fe92d414f82c2071405e:0:0,033bf40f660e4bb9831d1291fb7cb08c:0:0,9b7700665556e8d40c0ba2fd33be75ce:0:0,70d10d8e7f46e0cd5a0d773dc2d8ea8f:0:3655377954,6f4c9558ccd852bae07e5e2a24fb6b8d:0:73869041,16.0
2550,2,2550,1,legacy,0.00019917293233082705,0.0,3.671274124177514,16.64674927131955,0.011687366291880608,0.1072265625,-0.004653823841363191,5.7056740479310976e-05,-0.0029515631031244993,0.010518249124288559,260,48,204,0,0,0,0,0,0,512,0,0,512,0,0,252,0,0,260,0,0,,0.17025990702677518,37cb87d6be8ceefd8b4a48c6f3ee5c5e:0:0,540dc6261d32e7f14c7cbe5b76d0949a:0:0,f87cf949221fd8e2e12b47b516c176cd:0:0,c9b1c4d54e5e63c88121cd4c9532f68f:0:40269531,c95763aab5650d86641ffe3fd34f7142:0:660953482,16.0
2551,2,2551,1,legacy,0.00019849624060150375,0.0,3.8236285601289257,18.949712783683026,0.0175386480987072,0.0994140625,-0.000738687114790082,7.361394582403591e-05,0.000685625709593296,0.012156368233263493,251,55,206,0,0,0,0,0,0,512,0,0,512,0,0,261,0,0,251,0,0,,0.16506445105187595,a58281158fb8baf467068e29d9ab785e:0:0,68ce82c70223a9e1d8526461a257dc28:0:0,945b64dc31c6d9d8c6e8e6a636afa55b:0:0,f93ddef1873f04f0cf19b0acbacd028f:0:3633428852,2954863b900ba00b8346e1e9bb7a99e8:0:2028635289,16.0
2552,2,2552,1,legacy,0.00019781954887218044,0.0,3.8469408349836587,15.852049370869281,0.017450550571084023,0.1447265625,0.002316965744830668,4.949588274030248e-05,-0.0010856465669348836,0.010003839619457722,271,45,196,0,0,0,0,0,0,512,0,0,512,0,0,241,0,0,271,0,0,,0.16858877101913095,af3a231c89146557a22064f0d1a8945e:0:0,ce99d3b3714c3cf18829dc69f59d3460:0:0,0db41e3033101afe16b826e93b3e6637:0:0,bd55d2efad5859a23ef0a8ea33a70e8f:0:4094377470,e95186f4ba64f9f0dc12c811d0de932c:1:1356052826,16.0
2553,2,2553,1,legacy,0.00019714285714285713,0.0,3.8056891554472445,19.20259552044854,0.15220749378204346,0.1638671875,1.7351843416690828e-05,7.495172721974085e-05,0.00024154811399057508,0.012204420752823353,229,57,226,0,0,0,0,0,0,512,0,0,512,0,0,283,0,0,229,0,0,,0.16932189895305783,975fad7625cec12d8e08a9b7dbe5b05e:0:0,1a593844fe6b83d03a3b79fa4e38c630:0:0,d3651e75567b3b52deb568aa2a95cef1:0:0,3beec69f1169886d7c9d7d90ffc11a8f:0:1267277262,32e66548a2436d86abc669b0e5b5296e:1:1317638656,16.0
2554,2,2554,1,legacy,0.00019646616541353382,0.0,3.862101419464953,15.39294695830904,0.03661595284938812,0.0783203125,-0.002846288727596402,5.237046771071619e-05,0.0012564421631395817,0.010189172811806202,275,41,196,0,0,0,0,0,0,512,0,0,512,0,0,237,0,0,275,0,0,,0.1699187810299918,a753a9f82aadfaceaeca791af862cc5e:0:0,20bec6e9810ec517f1a586d4fecab2e1:0:0,ddb29809e4a4dd39ef502739ea98daea:0:0,10885e08a5f61cfcf112362d1f1b268f:0:1041868418,a8c184ed5a3ff96f0f5dae2ab774d0b6:1:2986037962,16.0
2555,2,2555,1,legacy,0.0001957894736842105,0.0,3.8290479443007253,18.00918511189593,0.00541100837290287,0.1255859375,-0.003489436488598585,5.560364734265022e-05,0.00022494922450277954,0.01064999494701624,244,60,208,0,0,0,0,0,0,512,0,0,512,0,0,268,0,0,244,0,0,,0.17514593293890357,315e764963544351d70b2fb6271fe85e:0:0,8ca5d43a172245c2cd2ee94ff22dc0e3:0:0,d45da52823a36c53a88377c5f806444e:0:0,a8089dc0a9a87f39ce3c1a4a91b5328f:0:3800958803,8650dff0aab064285b0982a9c7eda95c:1:3064915642,16.0
2556,2,2556,1,legacy,0.00019511278195488723,0.0,3.9392143236578416,16.96622395629106,0.004791502375155687,0.081640625,0.001116288173943758,4.2913588367810006e-05,-0.0012289147125557065,0.009317885152995586,259,35,218,0,0,0,0,0,0,512,0,0,512,0,0,253,0,0,259,0,0,,0.17573640798218548,c9b713dbac1e9e38440a6a25681d045e:0:0,3d071828f1fbf39f539a8cb9a619b21e:0:0,d3fbb55c3d11035bcea91b6ead295ebf:0:0,f56869049a2e0db11b03b175578f3e8f:0:1935590286,d8fe4edfd7f83a0fe8950bfb425f485f:0:2903806550,16.0
2557,2,2557,1,legacy,0.00019443609022556392,0.0,3.668656545548267,16.915748321548563,0.013416772708296776,0.09375,-0.0028633573092520237,5.118099252285901e-05,0.0014560261042788625,0.01017909124493599,255,51,206,0,0,0,0,0,0,512,0,0,512,0,0,257,0,0,255,0,0,,0.17570490797515959,0091d1cdb439d159b9a20504bb5a205e:0:0,188909345dbb948180976a8ec5b39278:0:0,5d8f6b32f3484f08f24c4347c40a5212:0:0,012ccbe22218db38bf4cc33970a94a8f:0:3193964763,d01b0ac1e92363cbde9b949b0e41079e:0:166047350,16.0
2558,2,2558,1,legacy,0.00019375939849624062,0.0,3.614926303015096,17.18370078182261,0.02507302351295948,0.141015625,-0.0010808922816067934,6.609856354771182e-05,0.0009676423505879939,0.01157423947006464,245,47,220,0,0,0,0,0,0,512,0,0,512,0,0,267,0,0,245,0,0,,0.17514315200969577,63e11ed2238977109e461cf020d73c5e:0:0,b95337bdf0d4f7c2acfaf7dbb3da834f:0:0,4166c87e02aa5f2cbfd36ffe1375b833:0:0,f76af4eef4530fd48ff65722dd03568f:0:3303349857,0c89f53094c6263602ce70333b90dbbe:1:29946016,16.0
2559,2,2559,1,legacy,0.0001930827067669173,0.0,3.8208514660808133,15.968336454346854,0.03322097659111023,0.136328125,-0.005888075893744826,5.0480289610277394e-05,0.0005177638377062976,0.01006186194717884,259,33,220,0,0,0,0,0,0,512,0,0,512,0,0,253,0,0,259,0,0,,0.1747096530161798,7302a7e40ffd32a617050e839894585e:0:0,d6ede7448a24a0735d9eb28fa15fcabc:0:0,c8aeb3ceb911cb439ee258650fc28f80:0:0,17468164c7afecdb5adab4bd9c9d628f:0:2725044654,6d9e4c548ff5989f395e512c59ae553d:0:3413750858,16.0
2560,2,2560,1,legacy,0.000192406015037594,0.0,3.767462706507845,17.285061172023575,0.02011137828230858,0.119921875,0.0007454876322299242,6.112230330472812e-05,-0.001231291564181447,0.011073369532823563,263,53,196,0,0,0,0,0,0,512,0,0,512,0,0,249,0,0,263,0,0,,0.17662354104686528,ab3ddb3aedf006fe2387765b2291745e:0:0,40f6b2e7c33412eca9bc1416fe468c6b:0:0,6d447008c60eff1faf170d351601d325:0:0,36bb89bfe526745bf2cf6395af776e8f:0:3601212327,c8e68542dea8f1672ee17e63b18a466b:0:4274543560,16.0
2561,2,2561,1,legacy,0.0001917293233082707,0.0,3.875197020765495,17.398428181485315,0.019517557695508003,0.171484375,0.008777679596096277,5.963732801319566e-05,0.006230330094695091,0.011973190121352673,255,55,202,0,0,0,0,0,0,512,0,0,512,0,0,257,0,0,255,0,0,,0.17365988402161747,1bfef59a672dcf83ba103112bece905e:0:0,24f5a81790abbfd5c0f7b418ba02ddd5:0:0,267768240c56fd6809d8686bbf26ca36:0:0,6157b449fb41b3c23ba52b3715917a8f:0:3502853466,22d2d70b44f035fe3541f921fbbf5366:1:2551681838,16.0
2562,2,2562,1,legacy,0.00019105263157894736,0.0,3.930141657032575,17.896480882734522,0.022403964772820473,0.069921875,-0.0013392555061727761,5.6463775399606676e-05,-0.003789934329688549,0.010868487879633904,255,56,201,0,0,0,0,0,0,512,0,0,512,0,0,257,0,0,255,0,0,,0.17663835699204355,375aeac4c43adb54e37c5b466d4bac5e:0:0,132c5719a4f9f4a8dcafed8d2dda0493:0:0,201afd3ce5aaa9a5018eba2088b24698:0:0,638776462952b1bc3628132dceeb868f:0:3107402581,1d9cdcb0ea07f5469fc80b13c7457f07:0:2198120879,16.0
2563,2,2563,1,legacy,0.00019037593984962405,0.0,3.7483804958027784,17.98422503555912,0.01459377259016037,0.113671875,0.0017645923886448144,5.580293964158045e-05,0.000992162385955453,0.010640905238687992,251,56,205,0,0,0,0,0,0,512,0,0,512,0,0,261,0,0,251,0,0,,0.17756540002301335,08e4c080d379aaaed74351922e08c85e:0:0,c9618b6abeb61dd6e12a2555dd5e5ab3:0:0,35b2bee33bf317e16766ef55b4125ccf:0:0,c98e9bbe74efff5f0c1f6305db85928f:0:2117004250,b6188318d6bcf037e97d2f1c49cb9b0c:1:1613036475,16.0
2564,2,2564,1,legacy,0.00018969924812030074,0.0,3.559798064260533,17.38788953380208,0.010086392052471638,0.08359375,0.002341310307383537,4.913280681648757e-05,0.000426158047048375,0.010217397473752499,255,57,200,0,0,0,0,0,0,512,0,0,512,0,0,257,0,0,255,0,0,,0.17648333602119237,d474564e79cace9a1776b0920105e45e:0:0,9632105ebeee662957340a3f35045799:0:0,7eba274089fe276c757109d552b91fed:0:0,ec65293e1c4eec8c1c4da24b3b5f9e8f:0:85028516,bd48bd77b77d06d45bd12571f566b3ed:1:806126647,16.0
2565,2,2565,1,legacy,0.00018902255639097743,0.0,3.7919182961975135,17.01239955366418,0.024217093363404274,0.126953125,-0.0072008478455245495,6.262445931497496e-05,0.00011057320079999045,0.011561073362827301,253,56,203,0,0,0,0,0,0,512,0,0,512,0,0,259,0,0,253,0,0,,0.17371130199171603,8a71128f5842ead68cc254e1e643005e:0:0,712829752f7c01f53288c3756c6225db:0:0,153d0d1ee2dbcd86c99bc97bcb27917f:0:0,0ac3b20f78025f9606709889ee79aa8f:0:1127008929,36bc9755e4f34f60d8c84a7aaffb0c60:1:403141542,16.0
2566,2,2566,1,legacy,0.00018834586466165413,0.0,3.811920343012768,17.96520615228019,0.010610973462462425,0.10703125,-0.004600174794904888,5.741236855101306e-05,0.0017159399576485157,0.010813018307089806,253,53,206,0,0,0,0,0,0,512,0,0,512,0,0,259,0,0,253,0,0,,0.17182473198045045,b1c088933292da07a26c5b1dddc01c5e:0:0,a77e134594a350dc98ca31a0da4875c5:0:0,e64bbecc694969a168911d5121851bd2:0:0,14ec50df5eab5025b7414d4df4d3b68f:0:1427990764,2b12c5ef6e8129c80f4946051a0c2c6b:0:1758009056,16.0
2567,2,2567,1,legacy,0.00018766917293233082,0.0,3.8674659704926597,17.286585275485322,0.013011776842176914,0.1025390625,-0.0009809408336877822,5.519202604773454e-05,-0.001671322388574481,0.010781282559037209,257,45,210,0,0,0,0,0,0,512,0,0,512,0,0,255,0,0,257,0,0,,0.17477936297655106,92e1e1a201bdf42062551fe1e77d385e:0:0,db11efd7b8bd0b891464f025510887a8:0:0,9a9286be9adc5804deba915c21123172:0:0,b16f8ff33d26e55f747408234e6dc28f:0:2097624242,24ad885683016af60fc5bd1d744b483e:0:1679143962,16.0
2568,2,2568,1,legacy,0.0001869924812030075,0.0,3.7456564536323884,17.575387975693957,0.02731640450656414,0.1064453125,-0.0009542886167764663,5.5427272127417385e-05,0.0009413714869879186,0.010840440168976784,257,51,204,0,0,0,0,0,0,512,0,0,512,0,0,255,0,0,257,0,0,,0.17426455102395266,c642a5c7deba770f90f73fca037a545e:0:0,fc78ff15b7173ba50599e9b4465958f9:0:0,4931404f5bb1bd5b710db74fba9dd868:0:0,0b8eb96a55c63747e8b85095fb47ce8f:0:953006719,e28659db41856dadbf6c08c2bb697b6e:0:3931183610,16.0
2569,2,2569,1,legacy,0.0001863157894736842,0.0,3.828866360604277,17.911179838631597,0.03081968054175377,0.1306640625,0.002167899487540126,6.520143451780314e-05,8.087488822638988e-06,0.011488345451653004,245,56,211,0,0,0,0,0,0,512,0,0,512,0,0,267,0,0,245,0,0,,0.17147571803070605,fbb86fd1309811abc967977231b7705e:0:0,fd95e3afd7364e89b20788b3a00d1a04:0:0,0bbe4b0f011a5dd79a66f20c68088bf5:0:0,242f3f4dd91bb3692fb8ee31fb61da8f:0:4077243368,c971dab30970ac19eeadc1b6edb64f01:1:113342769,16.0
2570,2,2570,1,legacy,0.00018563909774436092,0.0,3.7559807241298984,17.327833003923843,0.020756900310516357,0.09375,-0.0008420410100370646,5.1679814168892337e-05,-7.65861477702856e-06,0.010263620875775814,247,47,218,0,0,0,0,0,0,512,0,0,512,0,0,265,0,0,247,0,0,,0.17024984606541693,1485228fc9c890df9955437672348c5e:0:0,f9307b8ad8a9da4995dbc700284855f1:0:0,6636cd19865092208a1c8c72d062ae5c:0:0,97d52e7ecaea24b7e21be8834ebbe68f:0:3961687569,d46792bb708636024c7a4c2e2f637639:1:4009011967,16.0
2571,2,2571,1,legacy,0.0001849624060150376,0.0,3.683507531654985,15.396873385952858,0.011250517331063747,0.10546875,-0.0046932991361245515,5.693078310287092e-05,-0.0007880027405917645,0.010673794895410538,269,47,196,0,0,0,0,0,0,512,0,0,512,0,0,243,0,0,269,0,0,,0.17097180290147662,aea05c2be026af159d09a072c4f1a85e:0:0,4feb7075eeed534bac1a48b818e34217:0:0,e1f1c0f78a89353670542be666fd12e3:0:0,0a0ceedbe5c15eb821828715f555f28f:0:3403913843,5fee94e688d979f6848ba05fb6a2fa38:0:4144471478,16.0
2572,2,2572,1,legacy,0.0001842857142857143,0.0,3.8743400633031255,17.668952571963814,0.008063623681664467,0.103125,0.0026887613348662853,6.586850067833439e-05,0.0002788689744193107,0.011658051051199436,240,50,222,0,0,0,0,0,0,512,0,0,512,0,0,272,0,0,240,0,0,,0.17250522901304066,397126ee0b5705e49b684b0329eec45e:0:0,a2905caf56e1ece06fadacf92866ff65:0:0,63945dbfff567a5e2b2bd7cf76d788a4:0:0,9c4eee44efd48be2a4895175ef2ffe8f:0:1644295914,d62f290a93c66966420ffc0e35ea4344:1:111682865,16.0
2573,2,2573,1,legacy,0.000183609022556391,0.0,3.6689370396262238,16.19488853339135,0.037768781185150146,0.0826171875,0.0016974983736872673,5.887954903300851e-05,-0.002238171175122261,0.010809743776917458,264,43,205,0,0,0,0,0,0,512,0,0,512,0,0,248,0,0,264,0,0,,0.1689997430657968,cbee4599b51f21fba1ef1fc3a12be05e:0:0,08a0f35ca036f3fc42ca071c3219ebda:0:0,ce06af415157deaea45fb371ced72edd:0:0,f6fa3b6c33961f49c2c80f2f3c4a0a8f:0:2710675992,737dbf736020fba75b125457ba498bc9:0:2794915554,16.0
2574,2,2574,1,legacy,0.00018293233082706766,0.0,3.711067621675573,17.215937353523714,0.01587618514895439,0.140234375,-0.0004070649389177561,7.626103888469515e-05,0.0005747590330429375,0.01232966035604477,259,53,200,0,0,0,0,0,0,512,0,0,512,0,0,253,0,0,259,0,0,,0.1673976699821651,6c81f419a74eb94e20b63b502aa8fc5e:0:0,ac4b8a644dfc8f608e2c61ac098029a5:0:0,e9a343041c2e52242bad73fe227bd4ef:0:0,69c588b20ea5697e80d1c7cddca4168f:0:2153774202,d5bff15d01aaa8d40c0055ec4eb92509:0:4247095928,16.0
2575,2,2575,1,legacy,0.00018225563909774435,0.0,3.7506567783871123,16.57279212147955,0.013682869262993336,0.1138671875,-0.0007308298721909523,4.9822465916804505e-05,-0.0011860947124660015,0.010209945030510426,264,49,199,0,0,0,0,0,0,512,0,0,512,0,0,248,0,0,264,0,0,,0.17046873806975782,7e4f8beaa2d70380066ffa44c666185e:0:0,e43118395e2935165c403513e206f5a0:0:0,d814e011d2fb09fc9bf5cf0a15c4dbc7:0:0,79388e91c999d0b59c34c2ddd03e228f:0:1721747691,36056249fb9b89b7cad1eeedf93b1152:0:3341805220,16.0
2576,2,2576,1,legacy,0.00018157894736842105,0.0,3.821318060741987,15.659073922267908,0.07530881464481354,0.1759765625,0.01656565013108775,5.152628236828605e-05,0.0020383826922625303,0.010395382530987263,271,43,198,0,0,0,0,0,0,512,0,0,512,0,0,241,0,0,271,0,0,,0.16776223096530885,c7d62e5a2bac3491dc68f93d7463345e:0:0,af7feffb12596d0bba5a64d6a5f3ba97:0:0,7d901a20896ee828c2fa342d6e82572c:0:0,c3a250722b37ac2c977a87eb17182e8f:0:3617143855,31f145a6339d96bd79ce5c06c07b0f46:0:2679407601,16.0
2577,2,2577,1,legacy,0.00018090225563909774,0.0,3.7476770277919638,15.43915371885305,0.009192272089421749,0.0587890625,-0.001132669672369957,5.67596605833387e-05,-0.0015156285371631384,0.010974637232720852,268,46,198,0,0,0,0,0,0,512,0,0,512,0,0,244,0,0,268,0,0,,0.1687034610658884,36a36559f50d19cce28814d634a0505e:0:0,9d5e6aeeb001ebd73bbc10ba009c481d:0:0,7c203dec642f85ac49ac98687b551abb:0:0,74d35df7799ac2cec627de81b1323a8f:0:1162330637,2a29fc4089fc3b37cd6b236ddcc13ad8:0:2079969463,16.0
2578,2,2578,1,legacy,0.00018022556390977443,0.0,3.9122092171276255,15.91304023250757,0.008455405943095684,0.1349609375,0.0015427158446982502,4.724961054307642e-05,0.002041297499090433,0.00975787453353405,271,41,200,0,0,0,0,0,0,512,0,0,512,0,0,241,0,0,271,0,0,,0.16963559191208333,551b965299ccd8ef2b4e69ab071d6c5e:0:0,942c3f6ebfaad9337e5ce6fefd32373f:0:0,34175fdb16ef5107337de246ddd117cc:0:0,77e5ce3fdbe26d1a58bcce2d9e8c468f:0:728849577,d3245bd31c47b902736f882b8fdcc899:1:3175057721,16.0
2579,2,2579,1,legacy,0.00017954887218045112,0.0,3.754019567841722,16.706614739086945,0.012005658820271492,0.0857421875,0.0029795138398185372,5.3345289234130175e-05,-0.00020060938550159335,0.010401055216789246,256,49,207,0,0,0,0,0,0,512,0,0,512,0,0,256,0,0,256,0,0,,0.17145284998696297,8c8c290a8c3ad197b7d75457ebda885e:0:0,62f6f695d480caec99609a4fe6301ad7:0:0,81fb9d7d92bce205bb4d330d3a8be4e5:0:0,2ccf61be4eeb5a4568b49e7adf26528f:0:424185727,ffa37fc0d9c52bc18dc63983a22573b1:0:3838479494,16.0
2580,2,2580,1,legacy,0.0001788721804511278,0.0,3.8224950522065324,15.700523197699567,0.013857396319508553,0.0884765625,-0.005052895052358508,6.13102540228283e-05,-0.000778954301495105,0.011132385581731796,260,44,208,0,0,0,0,0,0,512,0,0,512,0,0,252,0,0,260,0,0,,0.17105442704632878,f90467606944a0f293d87178e2d7a45e:0:0,13edd76eca897fbe27a17a90bdc72ef7:0:0,490e75e97c528095b4d4237b6d3344f5:0:0,8f9cf2b39fa2f8a30485d6f573005e8f:0:3717485765,ae2c18f020d00b3e9d105014e94b2f0f:0:479802212,16.0
2581,2,2581,1,legacy,0.0001781954887218045,0.0,3.8117392577602525,17.104132837681618,0.002604710403829813,0.115625,0.004593440843746066,0.00012703604079433717,0.010168650187551975,0.019994433969259262,243,51,218,0,0,0,0,0,0,512,0,0,512,0,0,269,0,0,243,0,0,,0.16962467599660158,f81659421a6e47a4f1a19da9ec14c05e:0:0,350d158dc6a8de4546da10aa4d00e65c:0:0,aff25df03a7306373b1d66c491470d2e:0:0,6c4923901d8081483ba23f295a1a6a8f:0:4082989290,af533a0434a697d1f0836835d14b105f:1:1178385840,16.0
2582,2,2582,1,legacy,0.0001775187969924812,0.0,3.8242544389042425,17.101997797584545,0.009647334925830364,0.101171875,-0.004444356146268547,6.467434086516732e-05,-0.0041849263943731785,0.01097977813333273,247,51,214,0,0,0,0,0,0,512,0,0,512,0,0,265,0,0,247,0,0,,0.17612978199031204,e9e03af4723c71f9461cf5870791dc5e:0:0,6c4f52f35e1ee24a68f21b2974fdae9e:0:0,598e699b95b55aa7ae0f0b4a98fdc525:0:0,5f630dd3f7afa6f12a76dea29474768f:0:3080781034,b6eae9ecd0c9708718ba2c4fd917ed99:1:756567796,16.0
2583,2,2583,1,legacy,0.0001768421052631579,0.0,3.831219362799689,16.66787157215026,0.013181975111365318,0.11640625,-0.0022310807602480055,7.838908059056848e-05,-0.0014666540082544088,0.012691918760538101,255,56,201,0,0,0,0,0,0,512,0,0,512,0,0,257,0,0,255,0,0,,0.17758519400376827,06d9a2692eace24b64ced5ac354ef85e:0:0,ac26fe76f1211f63da02f432e2ea8fe4:0:0,df58a6bfcf3a06f3ad10527d782f92f7:0:0,f46c934f7778e826066bfced220e828f:0:2419817746,fdd40445c6cb40b276b87dc01adba4e4:1:383316747,16.0
2584,2,2584,1,legacy,0.00017616541353383458,0.0,3.8184373024577054,16.6259475594984,0.011128413490951061,0.107421875,0.007842790172435343,7.513405853387667e-05,0.0005893585039302707,0.012608497403562069,257,55,200,0,0,0,0,0,0,512,0,0,512,0,0,255,0,0,257,0,0,,0.17521359107922763,e714fb0b8d58fdb49bd5dab5754c145e:0:0,2640c7cc0e20580cfb11cb9c406bdd85:0:0,fc75199c8c7513084298320ab6e2beaa:0:0,223adeef8a7384a029e5219502e88e8f:0:789307391,5fcabe40b340152dcce3ed30482c213c:0:3630703398,16.0
2585,2,2585,1,legacy,0.00017548872180451127,0.0,3.734682971015374,17.53073097401625,0.02853885106742382,0.1416015625,0.002461553830653429,7.267373803188093e-05,0.0006378496764227748,0.012357311323285103,230,60,222,0,0,0,0,0,0,512,0,0,512,0,0,282,0,0,230,0,0,,0.17423523997422308,9336ae15dcde7af7cfeae13ec789305e:0:0,be98024ec9eba68a5ca67fb91f66f199:0:0,d71b969edc6d6c05f493042388ad0d60:0:0,a6f6998e4f0d15ef2041142637029a8f:0:3560703943,5037b3be921a44512f9c3221761e9ca9:0:1301252090,16.0
2586,2,2586,1,legacy,0.00017481203007518797,0.0,3.7618208302525815,17.679996666441866,0.015298260375857353,0.10390625,-0.0029660916887223722,7.635868059878703e-05,-0.00012248396524228156,0.012470632791519165,251,52,209,0,0,0,0,0,0,512,0,0,512,0,0,261,0,0,251,0,0,,0.174477803055197,e68f182cb72a33ad986105e42c064c5e:0:0,dffd679765a7c5a08ac75d90e89417ff:0:0,5f0327b9553dbaea63c2e0257bbc1832:0:0,4bdc5a8a95f2cb5db1d9dc2cbe5ca68f:0:2608119425,f6a949dfdc50f4f3f5cd0d5167549f71:1:455222389,16.0
2587,2,2587,1,legacy,0.00017413533834586466,0.0,3.832306755206499,15.50329988749013,0.0031487462110817432,0.080859375,-0.0003671503160148859,5.324116737028817e-05,0.0018291997257620096,0.010432885028421879,268,53,191,0,0,0,0,0,0,512,0,0,512,0,0,244,0,0,268,0,0,,0.17475406907033175,decb53a6d04117b05b25a541a2c3685e:0:0,cf40c87bf07054476cfa14a2a2d212ce:0:0,624ab37bce680b814f57deb94d5bb01d:0:0,d7d0eb348ae84916f004c13498f6b28f:0:2706374800,7aff237138c3646d441a481eb87df757:1:49958120,16.0
2588,2,2588,1,legacy,0.00017345864661654135,0.0,3.9034348090485844,16.64961748848839,0.025592200458049774,0.1125,0.0037014287896454333,5.8124360657529904e-05,0.0012065886985510588,0.0109248710796237,263,45,204,0,0,0,0,0,0,512,0,0,512,0,0,249,0,0,263,0,0,,0.17426299198996276,62d2e192852342c868c05bf32bc0845e:0:0,43daa802ae2c4b4f480e2ed6217dac10:0:0,874ffc1069238e0b3b3846dd48dcc51e:0:0,62800f68f7982a8b41124ac9c6d0be8f:0:1217659939,61fa336dc3862abed3c64ff7eb0137f6:0:2266843314,16.0
2589,2,2589,1,legacy,0.00017278195488721804,0.0,3.801933385704425,17.363514199422525,0.07204874604940414,0.2359375,0.01844621542841196,6.454616377595812e-05,-0.00014792257570661604,0.01149721909314394,245,47,220,0,0,0,0,0,0,512,0,0,512,0,0,267,0,0,245,0,0,,0.1740528610534966,41e55a349665349818530694c6fda05e:0:0,db32c4cf998f79b05c8ef49de8b99966:0:0,24646eb00a4d28439609b86385d48e56:0:0,c34facffd2ea28156c4e407847eaca8f:0:3968308480,c02382415f2d5376f51e531577ab6044:0:3511953542,16.0
2590,2,2590,1,legacy,0.00017210526315789473,0.0,3.8980009369170103,16.46383702214962,0.007816676050424576,0.1193359375,0.0012310589663684368,5.762139207945438e-05,0.0006849679630249739,0.010962746106088161,246,42,224,0,0,0,0,0,0,512,0,0,512,0,0,266,0,0,246,0,0,,0.17602666595485061,e0238865ba1b2ac7e399c1c2747abc5e:0:0,3f859397e623a39cf70077e631f044ae:0:0,faf70d06319540daa930767b7c47c1e2:0:0,f3345efe0f6adfdfa5ffa9cc1c44d68f:0:1824486177,ff27434c1ae06478f939456af806b1b3:0:205261901,16.0
2591,2,2591,1,legacy,0.00017142857142857143,0.0,3.7859973315735633,17.861094590574567,0.02271685190498829,0.14921875,0.0074320844607427715,4.911901105515426e-05,0.0012560082832351327,0.009926957078278065,237,51,224,0,0,0,0,0,0,512,0,0,512,0,0,275,0,0,237,0,0,,0.17987982800696045,68a2a9def0b29d7282eaea183437d85e:0:0,3718eab4586e8bda5c452d12afc8f2a6:0:0,08d606f67407e9b5813c952e29e9e215:0:0,59a7c0c5db5142089b68ce5143dee28f:0:1048715019,f3200396026b4cbb8df84091aa7e17d5:1:3984863354,16.0
2592,2,2592,1,legacy,0.00017075187969924812,0.0,3.7724570111348874,17.525645299753023,0.010740265250205994,0.0611328125,-0.0037708522751927374,6.996068659645971e-05,0.0006798410904593766,0.011951140128076077,257,54,201,0,0,0,0,0,0,512,0,0,512,0,0,255,0,0,257,0,0,,0.171421188977547,a137012ec855ddd109371c320634f45e:0:0,38af2b231c2fc6862f454feed7af78c0:0:0,a02fa019c72b909f3100693ffdfc02ad:0:0,16e408cbc4ada0087ec73593beb8ee8f:0:994122218,eb4abc2980e071b7db6098904b2cd883:0:176762482,16.0
2593,2,2593,1,legacy,0.0001700751879699248,0.0,3.861990584876798,15.7039443853904,0.008385672233998775,0.116015625,0.007943652849644423,4.1592140314605784e-05,0.0018041824223473668,0.009084108285605907,255,46,211,0,0,0,0,0,0,512,0,0,512,0,0,257,0,0,255,0,0,,0.16950171696953475,d38c74bbfa75d727000934abea72105e:0:0,38bb1a5234c98c41e6a72ee3e48554fc:0:0,81a52e0abf9273f21a342b73851c1a70:0:0,635be1a2744e5f561353a71f8cd2fa8f:0:2628114800,e7c49f1e9937fc270e48a576655d15cf:0:3323802750,16.0
2594,2,2594,1,legacy,0.0001693984962406015,0.0,3.7872995644332854,18.050973287733996,0.014198006130754948,0.0630859375,0.0015506046358495951,6.097968671383569e-05,0.0014556593960151076,0.01118053961545229,245,48,219,0,0,0,0,0,0,512,0,0,512,0,0,267,0,0,245,0,0,,0.1688499030424282,dc28a0e40f15f1ee83865021e0ef2c5e:0:0,b197499990c0ee66a3dc40a46912cdb4:0:0,89dcc923050a2029eff367f4e6787ce8:0:0,0168d379f1e64f4bb9422a80ae2d068f:0:3089824249,a12e4d12db3db40f7663be85d92408e7:1:2533497276,16.0
2595,2,2595,1,legacy,0.0001687218045112782,0.0,3.713322066409892,16.95284364406291,0.025229861959815025,0.0931640625,-0.004336998029612005,6.236917015485232e-05,-0.0010242066346108913,0.011248989962041378,257,51,204,0,0,0,0,0,0,512,0,0,512,0,0,255,0,0,257,0,0,,0.1682573789730668,84d189eef17619445e6dcb2fe9ac485e:0:0,c1adf51c5def1b3b9cbce74f2292ccde:0:0,193983fd1e07f2c05de285c4eec45788:0:0,759dff7aa400a24c79c2074322c7128f:0:910001688,3be74b3add97835c28237fb077d8ff9b:0:4078718736,16.0
2596,2,2596,1,legacy,0.00016804511278195489,0.0,3.7733969890677788,16.78462340270812,0.02332828938961029,0.1263671875,-0.0010225719073787332,6.443971251428593e-05,-0.0007340485462918878,0.011654936708509922,255,50,207,0,0,0,0,0,0,512,0,0,512,0,0,257,0,0,255,0,0,,0.1698169750161469,0ecefd3aa1b6e2942619427204a9645e:0:0,ed0dbd376dbd5ef8072b97c071bdce6d:0:0,b90215066934ed54d2541c09a257f100:0:0,375069af7e4e8a2912fdc4f2eaa11e8f:0:2771463533,db8e79bd6862c0f60c1d6d7c599d1af8:1:1280509127,16.0
2597,2,2597,1,legacy,0.00016736842105263158,0.0,3.8353770235824682,16.850975248519262,0.00535685895010829,0.05703125,0.0007732434663921594,5.153014208190143e-05,0.002203300129622221,0.010184705257415771,271,52,189,0,0,0,0,0,0,512,0,0,512,0,0,241,0,0,271,0,0,,0.16874316392932087,6cd2afac6f13d784567c928431e6805e:0:0,42e0ff52160b16167066ea6d6ba8a7ce:0:0,f0f725003373dda2e073d7cfc3cd292c:0:0,40f9957e10da77c5041b2b1c05bb2a8f:0:1565148386,f0c20829cc4ec74610fea722510954db:0:63631545,16.0
2598,2,2598,1,legacy,0.00016669172932330827,0.0,3.8167230197861217,17.38610465030206,0.01062808558344841,0.0763671875,-0.001980191469192505,6.142132679087808e-05,0.0016314705135300756,0.011163154616951942,252,50,210,0,0,0,0,0,0,512,0,0,512,0,0,260,0,0,252,0,0,,0.16906933195423335,5644421f664fe2226e25d80271639c5e:0:0,65c1fec0e9ffb5cbb897cef1afdd15e5:0:0,66e4d94f2d0306a4d6b7d13a762eb3a2:0:0,4a5ccbf66aacfdfb993b414a7415368f:0:1927099609,66791a888f2831024ca2f88027665623:1:657690773,16.0
2599,2,2599,1,legacy,0.00016601503759398496,0.0,3.749321777420855,17.173692022925025,0.01092872116714716,0.110546875,-0.00873082592152059,4.96035800097161e-05,-0.0001911730651045218,0.009967305697500706,250,53,209,0,0,0,0,0,0,512,0,0,512,0,0,262,0,0,250,0,0,,0.16788781201466918,487a8b31dfefdb4f0a3d6f88c320b85e:0:0,12710c3084a994b3f2523ea886609a48:0:0,cc995a2df83cdb5c7c3e23f26df8bb5a:0:0,780b0290026f57c4f77a4f0a35af428f:0:3741340974,b86e4fa5c0cc7a884f460380228889c5:0:815237395,16.0
2600,2,2600,1,legacy,0.00016533834586466165,0.0,3.831971110658989,18.657187559938393,0.012855700217187405,0.0974609375,-0.0019623439526185392,6.599272310268134e-05,-0.000890647410415113,0.011696782894432545,247,62,203,0,0,0,0,0,0,512,0,0,512,0,0,265,0,0,247,0,0,,0.1730975159443915,e852d87e59df3b6a0285f5b3271dd45e:0:0,ee390c5d43d6f781dd71b80287b92c53:0:0,9e4513769a98f5d9e75c9030b3a97e12:0:0,604504341797919b28efdbe74a894e8f:0:517936200,b11866783bd84b3f1e8e6d0a8fa12c56:1:3073066902,16.0
2601,2,2601,1,legacy,0.00016466165413533835,0.0,3.650985914240932,17.51736558690027,0.013874180614948273,0.1140625,-0.006397994980216026,7.856540487409802e-05,-0.0012276024790480733,0.013232587836682796,259,64,189,0,0,0,0,0,0,512,0,0,512,0,0,253,0,0,259,0,0,,0.17381600092630833,39d947f6081aed3e855c471d9d5af05e:0:0,51435ea543181309ba602a03d97df907:0:0,c6fe88317322acb3af9d0b6560538d58:0:0,df8f35c13eaa561f28aeaf6db2a35a8f:0:1127569688,3fc7ec0c3f1cd40870ea4cd557c60d20:1:2991627867,16.0
2602,2,2602,1,legacy,0.00016398496240601504,0.0,3.7085080017156264,17.59464283760508,0.01248328760266304,0.0888671875,-0.001332741789519787,5.795991000923095e-05,0.0006875501712784171,0.010753873735666275,259,54,199,0,0,0,0,0,0,512,0,0,512,0,0,253,0,0,259,0,0,,0.16978222702164203,fe92e4bdc7fe432f33b7806425d80c5e:0:0,f8d63a29867174ab33b3ef1001cca32c:0:0,42c463026dbcf521fe7c7f7c8addba96:0:0,4ace127f0b1e5dfdeec4d1296dfd668f:0:3470567682,92a8fc9b9bbee49f3c15fbc8db9ba03c:1:872567882,16.0
2603,2,2603,1,legacy,0.00016330827067669173,0.0,3.732148219962845,16.886507607983958,0.015448530204594135,0.1271484375,0.002627847227267921,5.962118375464342e-05,-0.0009184073423966765,0.010967259295284748,255,58,199,0,0,0,0,0,0,512,0,0,512,0,0,257,0,0,255,0,0,,0.16929422097746283,6fb2d99861ce0ea23d28fe22c095285e:0:0,95bb965413211df4ccdf19c50f92cc96:0:0,002870511277a95623f0cb5e3dcae83a:0:0,0cb64c44096d83157c3b88a67c97728f:0:1309784220,858cecdb2f0249e2af0ff5013e497642:1:145072080,16.0
2604,2,2604,1,legacy,0.00016263157894736842,0.0,3.7892634660128914,16.913471275267966,0.04744463413953781,0.1216796875,0.0005296575138345361,6.952359381102724e-05,-0.002430013380944729,0.01193931233137846,253,58,201,0,0,0,0,0,0,512,0,0,512,0,0,259,0,0,253,0,0,,0.16793623904231936,aa57cd93441dd9ad7bdc5cf56d92445e:0:0,2bf4594a183c73e2d28205331146638e:0:0,e8947071bf0f07e6cf81f6d995b3acf7:0:0,9bff565b7bdf76d9e7175d70de717e8f:0:2929113121,2388fbec57a4cac2c8958fc61f506595:1:1475026292,16.0
2605,2,2605,1,legacy,0.0001619548872180451,0.0,3.721607294900053,16.690516429997615,0.01076018437743187,0.1048828125,0.0021408536937087773,5.376171520765638e-05,-0.0017547239549458027,0.010559376329183578,259,52,201,0,0,0,0,0,0,512,0,0,512,0,0,253,0,0,259,0,0,,0.16881663107778877,b31d5e5524ab4302909779782ccf605e:0:0,55897c8671ae2291b1831d25a16d0ed0:0:0,9e13abed8b7eeb178338a31cc7c2f1da:0:0,ea5b09838c9a1bfa66581714938b8a8f:0:13084103,8d6cf9b648703718b2895a2c6224ee20:1:1162517287,16.0
2606,2,2606,1,legacy,0.0001612781954887218,0.0,3.9376719178428496,16.623934579445176,0.005024927668273449,0.11171875,-0.0009080007672309876,4.317417951824609e-05,-0.00022000083117745817,0.009520575404167175,258,53,201,0,0,0,0,0,0,512,0,0,512,0,0,254,0,0,258,0,0,,0.1677568160230294,2617a618324b7c1afeba7046fe4c7c5e:0:0,91f782c3519e8878ee7acee294c159c5:0:0,f744e9fa6eb4ecc98f5e665407c08a5b:0:0,e4f902a7e78383465df8bd1d9be5968f:0:2162154814,09fc0345a1f0a9aa5e54ec1233135407:1:1441414101,16.0
2607,2,2607,1,legacy,0.0001606015037593985,0.0,3.708645720674041,14.872543705985208,0.007883446291089058,0.07890625,0.0016050823032855988,5.396482520154677e-05,-0.0002960075216833502,0.010496468283236027,270,41,201,0,0,0,0,0,0,512,0,0,512,0,0,242,0,0,270,0,0,,0.16920662589836866,aaf3d203c386e9a4483f9dfde209985e:0:0,311b77fbf4ef8b339fa00c83156e1394:0:0,7bc0149affdf056ff549e064047a8c88:0:0,51905d47ee818bd26aef9717f77fa28f:0:3801469879,333c9aaf3919751173eead6ef105930a:0:1639189795,16.0
2608,2,2608,1,legacy,0.0001599248120300752,0.0,3.7954943339841334,16.50567652002337,0.033007193356752396,0.1046875,-0.0027788202743977307,5.598279840342002e-05,-8.734280709177256e-05,0.01051395945250988,247,53,212,0,0,0,0,0,0,512,0,0,512,0,0,265,0,0,247,0,0,,0.16907434398308396,4cb90043ad7ee62c09bb9f38d806b45e:0:0,48ead3ceadc26791fbbe589e93de7541:0:0,f7623483fd1a51a8aadf6f411b079b02:0:0,31ce75c2faa3265d6f2e2c8fa659ae8f:0:2368073221,f2e9ca55109960ee9117e4a872427aeb:0:1071837142,16.0
2609,2,2609,1,legacy,0.00015924812030075188,0.0,3.769599942057184,16.494175911566344,0.02185882441699505,0.119921875,-0.005851523624733091,5.445653914648574e-05,0.0013027620734646916,0.010622459463775158,258,47,207,0,0,0,0,0,0,512,0,0,512,0,0,254,0,0,258,0,0,,0.16874437092337757,13bfebe5aeb9a70c165d5093e043d05e:0:0,e0113ada69004a3de933315f33c91bbc:0:0,b630271bb109f9aca34131cfc8e84a11:0:0,d5dd77105cbf3bf59da14510a873ba8f:0:3784312742,52575685b76992e3efad065dc6f66cbe:0:4293254111,16.0
2610,2,2610,1,legacy,0.00015857142857142857,0.0,3.8462312003349837,18.5690731553791,0.034447669982910156,0.1302734375,-0.003171223169192672,6.397848810593131e-05,0.0019898575264960527,0.01156157348304987,245,63,204,0,0,0,0,0,0,512,0,0,512,0,0,267,0,0,245,0,0,,0.16860330803319812,e92e572f9970439693edceaafac0ec5e:0:0,89010cfc51e336fb38a67ad672193688:0:0,45f310180a962ac22ca5c8ffe805bc29:0:0,d8b99ab4101537dd8630e826fdcdc68f:0:634014647,79bb7b6f26b57785bc07aa7088071530:0:3133770455,16.0
2611,2,2611,1,legacy,0.00015789473684210527,0.0,3.765740893523658,16.105501565698432,0.0538371317088604,0.1263671875,-0.0003912013489753008,5.6986005620274224e-05,0.0007051160209812224,0.010914091020822525,258,54,200,0,0,0,0,0,0,512,0,0,512,0,0,254,0,0,258,0,0,,0.16982654598541558,0fd4abcb28fade8216d0761a277e085e:0:0,14c8672682f9c6b53c2dca6aea2e2659:0:0,94c13ac6bf606f9459625a31a956a312:0:0,5980310c517b34b121c05d5ea667d28f:0:1939405281,4d8efe5973da39c0798ea55c54e90089:0:1730750080,16.0
2612,2,2612,1,legacy,0.00015721804511278196,0.0,3.7675080107051544,14.956380396569102,0.018744077533483505,0.148046875,0.0009484355570748449,4.803430892934557e-05,-0.0017819794593378901,0.010105042718350887,268,46,198,0,0,0,0,0,0,512,0,0,512,0,0,244,0,0,268,0,0,,0.1690498359967023,90f8eaceadf6f195be02e37d667b245e:0:0,c85465dd93d87c96b9e69dc837cb6979:0:0,bce3c649c269fd9982fc13980ce618b2:0:0,d707c35f8da5cccade2e2c43a241de8f:0:1333322111,3aece66f1b6a6ccc933c4caf674f59c9:0:3558254402,16.0
2613,2,2613,1,legacy,0.00015654135338345865,0.0,3.9334087893772764,15.609674989684663,0.02313612774014473,0.1212890625,0.008355468930676579,4.871467644989025e-05,0.0003229479189030826,0.009924559853971004,261,54,197,0,0,0,0,0,0,512,0,0,512,0,0,251,0,0,261,0,0,,0.16942381602711976,0ea1c553fcc3bb954f1cf370b7b8405e:0:0,9f393065e5bd95e94df21711f42e2adf:0:0,e0c2526eca4d46122a635cf866a25415:0:0,1224e85d59158de8aa541c61f15bea8f:0:2072448835,28c8914618736b0017b9af1a4dd0c254:1:1427102799,16.0
2614,2,2614,1,legacy,0.00015586466165413534,0.0,3.819820857132305,15.539666138852226,0.009636144153773785,0.092578125,-0.004087292402982712,4.775988436449552e-05,-0.0010441859485581517,0.009850865229964256,281,53,178,0,0,0,0,0,0,512,0,0,512,0,0,231,0,0,281,0,0,,0.17511593806557357,b29790f949f0d06d5250c2901b355c5e:0:0,77c9078836409f9c606bed8af38438ef:0:0,d3e6c74703c2f0dc08a294e07c75691f:0:0,3a43b710643610110207354593b5f68f:0:2591613202,c7c18522a39322ea9d36a9fbe8c2decd:1:2523702696,16.0
2615,2,2615,1,legacy,0.00015518796992481203,0.0,3.9842885701339465,17.38073561095348,0.005289544351398945,0.100390625,0.0023106266395188867,5.095455799164483e-05,0.0016328231431543827,0.01040596142411232,251,48,213,0,0,0,0,0,0,512,0,0,512,0,0,261,0,0,251,0,0,,0.17457814898807555,9bcec251e03acb9f2e6aad7790f2785e:0:0,8e204b8e764e561e33533a0fb33029a0:0:0,7e5e49f0ee8485a43d55121faa2b42bd:0:0,5ab2238a9e3aafb7fa17be7a8950028f:0:2863981186,bdb300af453403fab5724678d7da93f7:1:2377065949,16.0
2616,2,2616,1,legacy,0.00015451127819548872,0.0,3.7372701406925684,17.146577622128234,0.015272701159119606,0.1265625,-0.0001434331526979804,6.699979185214034e-05,-0.0003545340441633016,0.01175057515501976,253,58,201,0,0,0,0,0,0,512,0,0,512,0,0,259,0,0,253,0,0,,0.1770361860981211,6d88a9f6dbb224ed44d150c318ef945e:0:0,4f87bee8157d3273f9988f20ca12518d:0:0,b88fbe9e9ecef9314878bbddd677a5aa:0:0,785bfbdff944eb244c513f8cd22a0e8f:0:2914752172,ce98962d3e96d8071dac2717ff63c236:1:2519160894,16.0
2617,2,2617,1,legacy,0.00015383458646616542,0.0,3.7850462080008644,17.521121429405184,0.004629453178495169,0.0759765625,0.0023271421901881694,7.307022915483685e-05,-0.0006480969022959471,0.012120337225496769,245,64,203,0,0,0,0,0,0,512,0,0,512,0,0,267,0,0,245,0,0,,0.1747611650498584,ae6b5f9255a827470d85890eb32cb05e:0:0,dbed33d7b9418378b987318e24e37940:0:0,07aa7492ea66c964c123c0ab7df3487a:0:0,030db34f82606314637a80086e441a8f:0:1618424647,316760b8bcd6afd6b052d6c01f606270:0:3664253787,16.0
2618,2,2618,1,legacy,0.0001531578947368421,0.0,3.7900863319749893,17.14589725698943,0.004156637936830521,0.0705078125,0.0008106389548629522,5.319954998412868e-05,0.000262083689449355,0.01034113485366106,255,46,211,0,0,0,0,0,0,512,0,0,512,0,0,257,0,0,255,0,0,,0.1706613809801638,ac6110e9acfe09f5332272f65fa9cc5e:0:0,0adcfbcd9f3a162e9bae243d18558b0a:0:0,2e8ef68f2827a3771d5e1217d324ca1a:0:0,1dd7acc5bfe07ea3675587795d9e268f:0:1492452439,c6112b4438080ef22a50fdf7a0c3ea84:0:3948530789,16.0
2619,2,2619,1,legacy,0.0001524812030075188,0.0,3.8104512714623233,16.572799129835403,0.005789563991129398,0.0984375,0.003282727533951402,5.136432628205512e-05,-0.0009253055904991925,0.010129828937351704,258,49,205,0,0,0,0,0,0,512,0,0,512,0,0,254,0,0,258,0,0,,0.17253900796640664,ce795195d6722c05aedd6b161e66e85e:0:0,959c94b918a50cdde46033a38dc13bd1:0:0,fb5faeada55e1c8b0b1af489fcc904d2:0:0,c320452e88abb26e489f9d6ba038328f:0:3628411027,e7e7d23a8223f3cd1f79d89228bf6239:1:1325749333,16.0
2620,2,2620,1,legacy,0.0001518045112781955,0.0,3.913460816418043,17.112748799843303,0.02371518686413765,0.1576171875,-0.006618325691670179,6.305618862825212e-05,0.0012581039918586612,0.011498934589326382,248,56,208,0,0,0,0,0,0,512,0,0,512,0,0,264,0,0,248,0,0,,0.17224289302248508,d28c8ac2e08771f7e4860e09ef64045e:0:0,ba2cff2275568836f78e4b02250cc3d4:0:0,fe2e8b500da298eaf2f276e08f61b82b:0:0,dd977957c7006af8cd11496b36123e8f:0:207649250,10c88e5fcf161901e1518a36ba08491f:1:4011429958,16.0
2621,2,2621,1,legacy,0.00015112781954887218,0.0,3.9304761259688394,15.651981317165564,0.009851990267634392,0.103125,-0.0036645728163421155,6.717169180774363e-05,0.000434580200817436,0.013556131161749363,263,35,214,0,0,0,0,0,0,512,0,0,512,0,0,249,0,0,263,0,0,,0.1722814809763804,9b4248fa16a2c5a8be86386dd2a1205e:0:0,10c90de7ffc0c1235b43b676a108b9fe:0:0,13ce276495c21ec1b90d7240e8fcc968:0:0,0ad3aa71d93f9a529b5e53041f2c4a8f:0:1684242013,e7446e9e800aaba7a61a1aa31432b475:1:2939821770,16.0
2622,2,2622,1,legacy,0.00015045112781954888,0.0,3.9165570062859736,16.875549510842802,0.01730005070567131,0.0935546875,-0.0020750917959958316,5.23512306244811e-05,-3.7467158108484e-05,0.010337098501622677,247,54,211,0,0,0,0,0,0,512,0,0,512,0,0,265,0,0,247,0,0,,0.173975526005961,1e96e0a46efab87ec9e206ddc81e3c5e:0:0,ceead351514ac0ada6faac24a9a7ff17:0:0,d9638edb37cd1584cc6f6f2212ecd749:0:0,d223b7858348e8fc4735c1c25b86568f:0:1734638988,3cbe99e6122f300394beed44e19cb53c:1:176115712,16.0
2623,2,2623,1,legacy,0.00014977443609022557,0.0,3.740795233911164,16.871447317032562,0.008589662611484528,0.1015625,-0.0013329584151506424,5.5924208027136046e-05,0.0011711821425706148,0.010725181549787521,254,53,205,0,0,0,0,0,0,512,0,0,512,0,0,258,0,0,254,0,0,,0.17398956988472492,e753b89d2ef547d65237d5f5cfdb585e:0:0,7ea15a4f3f439173bf43491e9c16cba1:0:0,18d560f0a53708ecd3d695f2c95db2c3:0:0,9d576182a2f48a0c5d41dd31eb20628f:0:1720953297,1a5ed1fb1d3703a8257bf13bb2a4bb52:1:3908867203,16.0
2624,2,2624,1,legacy,0.00014909774436090226,0.0,3.7873034476676155,16.376595060961563,0.00836907234042883,0.089453125,-0.005841569951735437,6.276662315940484e-05,-0.00013275101082399487,0.011410119943320751,271,53,188,0,0,0,0,0,0,512,0,0,512,0,0,241,0,0,271,0,0,,0.1725901459576562,a75f7cd6f18fc3ad7dc04251e9d8745e:0:0,ddd8c14795d6652e91083d265d73e8f5:0:0,4545776ce75cb94629ba9873e8f84879:0:0,a523bad61a36b2946f282cdecdfa6e8f:0:74180206,9d45ebe58cb52e6c3ccb4c5facf7f0ec:1:1950385597,16.0
2625,2,2625,1,legacy,0.00014842105263157895,0.0,3.8616998984727937,17.092498754220742,0.0035793427377939224,0.095703125,-0.005021335347555578,6.021963217790471e-05,-0.00016897646128199995,0.010951538570225239,255,51,206,0,0,0,0,0,0,512,0,0,512,0,0,257,0,0,255,0,0,,0.17472110397648066,bf9889bf7b6cd790694e288e1615905e:0:0,7bc5ae2c28196986f2fc9db20553b209:0:0,4e82cbdb38c37397cda31f007b757836:0:0,3a9e3ac0a178b4461f89785504147a8f:0:992253021,8b1460c5c146fe612fc7a4d506339bf1:0:836589924,16.0
2626,2,2626,1,legacy,0.00014774436090225564,0.0,3.8349106244491233,17.766285340962895,0.006920961197465658,0.0900390625,-0.001916439039632678,8.125597378239036e-05,-0.0010296909604221582,0.012865076772868633,256,64,192,0,0,0,0,0,0,512,0,0,512,0,0,256,0,0,256,0,0,,0.16988355503417552,96540bb90824b5c5444ea5465492ac5e:0:0,5772af867583d6ff3bb45fc6a4566252:0:0,e31dcef81dd09e3b06afdd28a3f171b1:0:0,564deff374b3bb582e01c7208d6e868f:0:3924736962,c5ce859e29300f55222fc2350bd51d31:0:2748682610,16.0
2627,2,2627,1,legacy,0.00014706766917293234,0.0,3.7764464377121296,18.132160531189356,0.006511450745165348,0.0935546875,-0.005123735778033734,7.482970995624783e-05,-0.0010949220741167665,0.012428048998117447,243,50,219,0,0,0,0,0,0,512,0,0,512,0,0,269,0,0,243,0,0,,0.1708933749468997,49df94a9fc7364b86cc91516a54fc85e:0:0,f37f880267d0c1d360bcf39326f7f8d0:0:0,ec6e2263fa80c6193b14909d5d20c762:0:0,0ec73d430dd92fab832860cd6a08928f:0:2445142961,82537e50e4e96c8683d88c40d83134f0:1:1020811382,16.0
2628,2,2628,1,legacy,0.00014639097744360903,0.0,3.6852739348856645,16.763493741336788,0.04391425848007202,0.141015625,-0.003512371238321066,6.476471080532064e-05,-0.0012421375140547752,0.011634680442512035,257,58,197,0,0,0,0,0,0,512,0,0,512,0,0,255,0,0,257,0,0,,0.17055866797454655,f2c14c4e28e12ea88b5f149b084ce45e:0:0,74242d8b6c70917b9c847bfb9b462ea0:0:0,1e29bbc3b4846f9bc50c58056fdae9e9:0:0,7feb868b5f14b9303c8fcce799e29e8f:0:2381074302,ffab3a38a75afecb3253e57c95245262:1:2616311432,16.0
2629,2,2629,1,legacy,0.00014571428571428572,0.0,3.6071995980295464,17.646533062196568,0.0060925837606191635,0.09453125,0.006417432054877281,5.730719967687037e-05,0.0005570542998611927,0.010714824311435223,250,52,210,0,0,0,0,0,0,512,0,0,512,0,0,262,0,0,250,0,0,,0.16842191002797335,742c5e9f08813392af4c806f7d8a005e:0:0,d121fa836e5548801a4445ce18190855:0:0,576f0724c6abdc2a99a87380673dc1d2:0:0,b3fb3b2c3f73e78ab8c5d2fb1cfcaa8f:0:2641508596,cd4815d4df5bd65c3c554e8a319a424d:1:2875973080,16.0
2630,2,2630,1,legacy,0.0001450375939849624,0.0,3.6613684443198284,16.257211203577526,0.002082235412672162,0.118359375,0.00261873509734869,6.519264643429778e-05,-0.0005288210231810808,0.011618392542004585,258,44,210,0,0,0,0,0,0,512,0,0,512,0,0,254,0,0,258,0,0,,0.1700303079560399,fa73e652a7621d5e6a67753005071c5e:0:0,6e7f1c29a0afd58267d7dc096ad92313:0:0,649ebb30a69e5451891bde25d2b2c91e:0:0,3bedbecffc7f7cf8a3537a93f356b68f:0:702440187,c12a081ba64b2652d768b0100c7b84fc:1:3087772208,16.0
2631,2,2631,1,legacy,0.0001443609022556391,0.0,3.737154377574484,15.606793548982978,0.01657875068485737,0.11171875,-0.002116293576546013,5.512750303751091e-05,0.0009090896928682923,0.010556712746620178,271,46,195,0,0,0,0,0,0,512,0,0,512,0,0,241,0,0,271,0,0,,0.17093427700456232,f176481b1c4cf649ed204f789ec4385e:0:0,620ced265c96961511312877b3888f5a:0:0,fa854ee8b627538c4fae4b71fca91d39:0:0,4837d07943525c7600bd0b3e1cf0c28f:0:2814267938,82b9d0ea705b4ea03ddc11d224e81c07:1:1421038247,16.0
2632,2,2632,1,legacy,0.0001436842105263158,0.0,3.755053117160079,16.70414859908078,0.010655795224010944,0.0974609375,-0.0019333346281200647,7.041084936645347e-05,-0.00014341373753268272,0.012082051485776901,260,51,201,0,0,0,0,0,0,512,0,0,512,0,0,252,0,0,260,0,0,,0.16910938394721597,a245c5fac16e21962281abe54ac1545e:0:0,c572867a353ffd99b8aadf34ca0510d4:0:0,a99caf247a841f3feb078e784d35bcdf:0:0,318e3b20d3ba1b223a820c8599cace8f:0:1523626179,1c0c0e087ea3e56a7327e6542b0510e1:1:383670224,16.0
2633,2,2633,1,legacy,0.0001430075187969925,0.0,3.7874362320839943,16.03502093976772,0.040058284997940063,0.08125,-0.003595860069617629,6.218376947799697e-05,-0.00010542094241827726,0.011260277591645718,262,48,202,0,0,0,0,0,0,512,0,0,512,0,0,250,0,0,262,0,0,,0.16989659296814352,f9f900ab97847672cc30671208fe705e:0:0,345be67ab11514dc8e0788ab83d054b8:0:0,6e7b2696ed150c44a5dccd2fb37e42ca:0:0,6d87d276afed34e52b1d45f669e4da8f:0:3242052936,e4bbaa26ece976946013f03180408203:1:1412238262,16.0
2634,2,2634,1,legacy,0.00014233082706766915,0.0,3.6545311739047395,16.585858875458825,0.015001200139522552,0.1091796875,-0.007779873767867684,4.9115629553853066e-05,-0.002285979688167572,0.009991845116019249,258,47,207,0,0,0,0,0,0,512,0,0,512,0,0,254,0,0,258,0,0,,0.16604007594287395,6dcf27c27f327d2a9e6b9d9ad97b8c5e:0:0,d6e42a96c75c95ccef186f893b3c1b44:0:0,df784c05f5baccdc01ccbc4b57a2a58f:0:0,d88701a5bb62e4542a04bf1c8d3ee68f:0:251323609,08c9bbdee5ec7bd2570b5fe9e7180eb0:0:2549135629,16.0
2635,2,2635,1,legacy,0.00014165413533834587,0.0,3.8905070308916176,16.92718130213393,0.0038187261670827866,0.066015625,0.0005682784132659436,5.774364271928789e-05,0.0003870457876473665,0.010829578153789043,250,51,211,0,0,0,0,0,0,512,0,0,512,0,0,262,0,0,250,0,0,,0.16816485696472228,b4efbfe1340dce8f5c0cac1bbc38a85e:0:0,7343184423d3658b4604d3cc8e2a773a:0:0,c43bae74eb96f4ca9827755695f864bd:0:0,00488143fb589dd717a9bf8403d8f28f:0:400637639,64ac858d8d048b6d9c2d793254230280:0:2479159036,16.0
2636,2,2636,1,legacy,0.00014097744360902254,0.0,3.89914487117606,17.287420466595904,0.01589619368314743,0.1177734375,-0.013660727138631045,6.544664993270998e-05,0.00018680353241506964,0.011414949782192707,261,53,198,0,0,0,0,0,0,512,0,0,512,0,0,251,0,0,261,0,0,,0.16536612005438656,584528f4350895a5f2872f30b135c45e:0:0,6d5b9ece17851c8b8d092176685f3c60:0:0,0f226cf8dc18871aa8c8407c175b60e8:0:0,a41a24e4eb912e0d6978ceb8cdb2fe8f:0:773001704,0f768560762ef3f0b4eb84ae3d93fdda:0:1467195449,16.0
2637,2,2637,1,legacy,0.00014030075187969926,0.0,3.855916083360218,16.203506702061077,0.010133063420653343,0.121875,0.000581339979544282,6.732634756190237e-05,0.0015838044928386807,0.011589691042900085,262,49,201,0,0,0,0,0,0,512,0,0,512,0,0,250,0,0,262,0,0,,0.16899044206365943,17836d2405d1339295e90375b872e05e:0:0,4a2f335a9ae9bf3719d85b11d296bbdd:0:0,8fa2c68cf268bafb0ccfa4ca1376e0d1:0:0,e452180e99d97b7335d9b446eacd0a8f:0:3319145529,169db1d35662219e04ceba99f4318353:0:1754437722,16.0
2638,2,2638,1,legacy,0.00013962406015037595,0.0,3.911153114917819,17.266300307437632,0.009597156196832657,0.11484375,-0.0012211285997182132,6.0668837249977514e-05,1.2030621292069554e-05,0.01129928044974804,257,61,194,0,0,0,0,0,0,512,0,0,512,0,0,255,0,0,257,0,0,,0.16824796004220843,099a5bcb74c405c4dcda4586d1effc5e:0:0,64bfb67e076354d40c24c0554782cb38:0:0,916f7450d478b2ac16a55699bc4fa9c7:0:0,8d64559d7adeeb46402f77ba5b27168f:0:3829350329,a16f1126ddf0d346a2f06f8060e78027:1:2797410131,16.0
2639,2,2639,1,legacy,0.00013894736842105264,0.0,3.6895523196745326,16.65854108368876,0.006435689516365528,0.1044921875,0.004172380175441503,5.877085077372612e-05,-0.001190236653201282,0.011124433018267155,254,58,200,0,0,0,0,0,0,512,0,0,512,0,0,258,0,0,254,0,0,,0.16931814409326762,60da8a6ed10b4e63dc9d51fffdad185e:0:0,8af5fa6aeb5c32abe265f98f52f31ddc:0:0,3ef6b7d4b761c40c6b14b53b5ac337e6:0:0,7f29a3ee2ae369ab04d8609f1ec1228f:0:1749325384,a6193b6b59638dc21e6f39ed8c9228fc:1:1131083986,16.0
2640,2,2640,1,legacy,0.00013827067669172933,0.0,3.910478154391626,15.370656073048394,0.008031773380935192,0.086328125,-0.0024991135112941267,5.144188799022231e-05,-0.0015630198176950216,0.010247237980365753,271,50,191,0,0,0,0,0,0,512,0,0,512,0,0,241,0,0,271,0,0,,0.16705354501027614,0a38885a3c893efa450ec57d3baa345e:0:0,fedce1c984b783bca8d060ba673a361d:0:0,33b0842db36badd68d0b3a39842ccf4d:0:0,59d0eb6f8cdb1511c52df681359b2e8f:0:15628915,65bb14dc56b21971f50d5da5d410cc23:1:1365944648,16.0
2641,2,2641,1,legacy,0.00013759398496240602,0.0,3.7314500129354347,17.722294855877863,0.006277750711888075,0.083984375,-0.005081110447645187,6.970333433855557e-05,2.405331179033965e-05,0.012450228445231915,253,56,203,0,0,0,0,0,0,512,0,0,512,0,0,259,0,0,253,0,0,,0.1650913110934198,2d986037852825627ca57c9a8be7505e:0:0,f73698c2949ebe2b8b9da46274a04eb1:0:0,9b07026c42da71c4b9ec1fd644bedf97:0:0,4ac9548afa7f8cdb938500ec9fb53a8f:0:2912237139,1ab6214b2939381a208d11ac1a437713:0:619244739,16.0
2642,2,2642,1,legacy,0.00013691729323308272,0.0,3.8044462090634994,16.84024725877009,0.007830610498785973,0.096484375,-0.0008613253245130182,5.938209706073394e-05,-0.00038793307612650096,0.01091543585062027,260,54,198,0,0,0,0,0,0,512,0,0,512,0,0,252,0,0,260,0,0,,0.16967797407414764,15256d96312cbaf2bc7293f3ee646c5e:0:0,7a501b51b8eed6d8bcf89aff49232882:0:0,4d688dd3fa54ccbdc6efe831f6d26859:0:0,fff93d1b77e4e33f5f2d876d5d0f468f:0:1101624556,7165cfc66c6cb5642393a3160e19fe87:0:659865141,16.0
2643,2,2643,1,legacy,0.0001362406015037594,0.0,3.824621318817547,17.032318087655085,0.012577369809150696,0.1013671875,-0.005280823819339276,5.15996865942725e-05,5.509937182068825e-06,0.01018492877483368,257,58,197,0,0,0,0,0,0,512,0,0,512,0,0,255,0,0,257,0,0,,0.16787499701604247,65af930aaa2695e92c2168256321885e:0:0,605cf4597ed6e72566865feab2f825ae:0:0,4820f027c26580c828e96db461f21082:0:0,620bc4f81d1c326f0072d18f6da9528f:0:3043024994,1b30efe9aadaa3d418986349a04835e3:1:3691946546,16.0
2644,2,2644,1,legacy,0.0001355639097744361,0.0,3.8243319794488357,16.311980373893675,0.011235308833420277,0.121484375,-0.0030284942593425514,5.0803323574655224e-05,0.00033520060242153704,0.009998191148042679,260,45,207,0,0,0,0,0,0,512,0,0,512,0,0,252,0,0,260,0,0,,0.16690667090006173,0c170033b21abd17fdf795caea1ea45e:0:0,b14b94c9fa399e18dbeb62b6ccff917d:0:0,320d1d0a7e7348d431467c89c9b2ea36:0:0,b2c46c61286fd4fc449b66ded1835e8f:0:2885656264,64fb8f25d462f0e0c0c99dd610a331d9:0:1625332946,16.0
2645,2,2645,1,legacy,0.00013488721804511277,0.0,3.8373683425365854,16.524147590227756,0.019181065261363983,0.1046875,-0.006481776712462306,6.138390090200118e-05,0.0012802090495824814,0.01112060435116291,252,57,203,0,0,0,0,0,0,512,0,0,512,0,0,260,0,0,252,0,0,,0.16727359301876277,063af59f8e845dd18ad4f980835bc05e:0:0,2476c49999f8c4356a1d1a25ef6dacea:0:0,947d23a5f03bbd18565aab9ad803d53b:0:0,fd5e066a6bc5417df9e90ee7889d6a8f:0:158208283,ca8d721efdde4dab44c9991879d65b19:1:985768194,16.0
2646,2,2646,1,legacy,0.00013421052631578948,0.0,3.738353796655997,17.653544759662054,0.01858510822057724,0.112109375,-0.0058845697902143,7.781222375342622e-05,0.0003426912007853389,0.012492035515606403,247,67,198,0,0,0,0,0,0,512,0,0,512,0,0,265,0,0,247,0,0,,0.16880814195610583,6ae64f3494c7a4146e33afe22ed8dc5e:0:0,655f5a7a0a0616ed29338e2c16071f8a:0:0,c9309bbf2b82e81dca6fb1b47b868eb9:0:0,604014c907b08974fb98d13592f7768f:0:1207958427,db836595a0190ab0ffefa2768274090f:0:3005189257,16.0
2647,2,2647,1,legacy,0.00013353383458646615,0.0,3.6875633655741646,17.538872637260283,0.012619204819202423,0.1333984375,-0.01046187742613256,5.837910903210286e-05,4.718080163002014e-05,0.010907106101512909,249,54,209,0,0,0,0,0,0,512,0,0,512,0,0,263,0,0,249,0,0,,0.1738001659978181,fe16146b03b2b4f7a228158bec95f85e:0:0,717c32680f58b44adaaa0cb1bd0f33cf:0:0,e44f5bb6d64aed6d2103e42fd891ba0e:0:0,8c0b81b5a6c57b713de2f554f091828f:0:717922111,6894d7aaeb9825b677bc88ccef9775f3:0:64229703,16.0
2648,2,2648,1,legacy,0.00013285714285714287,0.0,3.9121561279252015,16.64962541698287,0.006506327074021101,0.030859375,-0.0022819307167083027,5.668207559210714e-05,0.0011149317724630237,0.010677039623260498,249,46,217,0,0,0,0,0,0,512,0,0,512,0,0,263,0,0,249,0,0,,0.17404827696736902,67f2e05055a8cb569b60c719bc93145e:0:0,9f7dd65bdc613dafbdffecc582b20bef:0:0,0872ccee97512391282a1df54fe9cf85:0:0,d76597dfabb26876d9fb02d1a16b8e8f:0:4104679510,4a9cf258e3b9c145ecd862dfc88e1909:0:4128450961,16.0
2649,2,2649,1,legacy,0.00013218045112781953,0.0,3.8707326578719776,16.36295250373223,0.008780760690569878,0.069140625,0.0005417102482169866,5.042670982220443e-05,0.0031494589056819677,0.010175504721701145,256,52,204,0,0,0,0,0,0,512,0,0,512,0,0,256,0,0,256,0,0,,0.1771528699900955,ff2da1f6771376bd6526a1279ed0305e:0:0,e940d741fa8146df306c537a34bd3af2:0:0,674d5070b9e94cdeeee4fb3b402fa678:0:0,6c3e0fb904b08ca31a0fc137a5859a8f:0:648201614,4bb6bea1580041354aa635bc8f5bbb26:0:4270112836,16.0
2650,2,2650,1,legacy,0.00013150375939849625,0.0,3.80079201956183,16.22879644490922,0.009481007233262062,0.1130859375,-0.0007659201510250568,5.2912589308107275e-05,-0.0007535062031820416,0.010393662378191948,252,38,222,0,0,0,0,0,0,512,0,0,512,0,0,260,0,0,252,0,0,,0.1779435760108754,3563009b8cb5fc94bd5cc051934d4c5e:0:0,4792899510459bc9cfd170d588e33042:0:0,e49f0ac72896769cfab737e64022e5f0:0:0,4dd30cad96d61b11854b3812fcdfa68f:0:934533395,676d9927eb8e24e27393407ee4423887:1:3859690122,16.0
2651,2,2651,1,legacy,0.00013082706766917292,0.0,3.8140634389845918,15.49417478610735,0.009893657639622688,0.0919921875,0.0013077810406684875,5.2625865464506205e-05,-0.0007865354418754578,0.010271699167788029,258,42,212,0,0,0,0,0,0,512,0,0,512,0,0,254,0,0,258,0,0,,0.18159622699022293,47f69581357edb8e308081339a0a685e:0:0,d4fda433d67ed270c6fa0ae2be99571d:0:0,34858df9273362a8609da87629ff3c27:0:0,39abf42473d5ed00ebd2aeefa779b28f:0:2118076901,71de8c3b98d29d41ac9d3df9d48af191:0:3313945869,16.0
2652,2,2652,1,legacy,0.00013015037593984964,0.0,3.802615066642809,18.611236389835994,0.013873962685465813,0.0931640625,0.002160591911524534,6.119387926446506e-05,0.001082265516743064,0.011027924716472626,239,69,204,0,0,0,0,0,0,512,0,0,512,0,0,273,0,0,239,0,0,,0.1805105140665546,13c030147373715035a98069b307845e:0:0,af76a47c715fbb9c58298809a2e8183d:0:0,384961773571c19d51714f7c4cbcf7c6:0:0,a46a23744cb8d43872c6ad59a553be8f:0:385152437,e4e837aa7c387a818cf7e88949fba9a6:1:267358618,16.0
2653,2,2653,1,legacy,0.00012947368421052633,0.0,3.804477711920826,16.886494292236875,0.02122759446501732,0.0701171875,-0.002410634700208902,4.262406800989993e-05,0.0018041484290733933,0.009376976639032364,254,44,214,0,0,0,0,0,0,512,0,0,512,0,0,258,0,0,254,0,0,,0.17707523808348924,002977b1a751c2624a899a8fde44a05e:0:0,dfd085e2bd880f470a81ce870ebd78ec:0:0,e48c76a325156be9b63cb9e604121404:0:0,40e4b13fd41c90aca042fadcf66dca8f:0:1512300710,970855fb56ffcb483c9a03798598902b:1:379271899,16.0
2654,2,2654,1,legacy,0.00012879699248120302,0.0,3.7981430192570036,18.486862927693437,0.013548976741731167,0.0951171875,-0.0029938093153759836,6.051207838027039e-05,0.0003350074985064566,0.011108767241239548,225,58,229,0,0,0,0,0,0,512,0,0,512,0,0,287,0,0,225,0,0,,0.1720120410900563,193978fa4a8464590f6cec421bc1bc5e:0:0,71991a4753028a3c5973365da60cbe7f:0:0,b5438141c46c1ec577823be54dbef9f7:0:0,8fca99fa02846964675e9f059ac7d68f:0:4077418493,33e45f2c4a43a64adf1b1d4aa970efa0:0:2662256628,16.0
2655,2,2655,1,legacy,0.0001281203007518797,0.0,3.8485643884305847,15.98100488208729,0.0074669667519629,0.10078125,-0.002503137290477753,5.984577892377274e-05,-0.00037945620715618134,0.010981300845742226,276,51,185,0,0,0,0,0,0,512,0,0,512,0,0,236,0,0,276,0,0,,0.17228347004856914,d1c6035c53048a426339d21c6b7ed85e:0:0,679516a811b07911b621b0ce9ae13258:0:0,3fdf2ece9a29a15f6eb00437e6971d87:0:0,db3cf69d6f47689e342be15f9261e28f:0:1549732852,4b588ddfada69cfe50ffa600ba540ff9:0:2764162793,16.0
2656,2,2656,1,legacy,0.0001274436090225564,0.0,3.845313119836867,16.585773115434677,0.014421363361179829,0.1146484375,-0.011525054089725017,6.088019108574372e-05,0.0007121587987057865,0.01109317410737276,258,40,214,0,0,0,0,0,0,512,0,0,512,0,0,254,0,0,258,0,0,,0.1733133759116754,b9d82e156cc633517f70e8bacd7bf45e:0:0,b04dfb9c241897e87035803660f09c31:0:0,e838b0d4b617d3b1eac86a564feb88ed:0:0,afb927ed30a83b34f7b84976dd3bee8f:0:3548230266,9306ceb6e9f1bd0fb04518e9db6c0369:1:4079606758,16.0
2657,2,2657,1,legacy,0.0001267669172932331,0.0,3.8121819397469223,16.828799456266097,0.012868018820881844,0.087890625,-0.002460910100489855,5.2034447617188564e-05,6.68334323563613e-05,0.010285379365086555,250,51,211,0,0,0,0,0,0,512,0,0,512,0,0,262,0,0,250,0,0,,0.1695631059119478,eb81eaa6744a7bcb142d0cb941b9105e:0:0,0f5084748f2d3483f456ddd176a0e830:0:0,c6a058df2550be7ea38ab59891142b32:0:0,4d8137e0f5a2b345340c9ed77b55fa8f:0:3912847153,ae9e427e95a3a829d216d6eb89eb6357:1:2460191001,16.0
2658,2,2658,1,legacy,0.00012609022556390976,0.0,3.8352466215851733,18.073463087188202,0.013378720730543137,0.12578125,-0.006042007589712739,5.8754897509061266e-05,-6.725359708070755e-05,0.011164061725139618,254,58,200,0,0,0,0,0,0,512,0,0,512,0,0,258,0,0,254,0,0,,0.16934602591209114,3c2e3555ddf4103164235ab3c8362c5e:0:0,1c2443ebe2f275b49416f4a12af69cef:0:0,760238fe00dc51212a153827ce638c02:0:0,a6b716294bfaee12082ce90d6cb0068f:0:2450761076,240fafc5af2b28d289c20083e88e823e:0:1985406679,16.0
2659,2,2659,1,legacy,0.00012541353383458648,0.0,3.8258282060157836,17.78570641912438,0.012624156661331654,0.092578125,0.003405149094760418,6.351793144858675e-05,0.0008274118881672621,0.011297433637082577,248,51,213,0,0,0,0,0,0,512,0,0,512,0,0,264,0,0,248,0,0,,0.17488079390022904,941c3b09f5b9c2b060a32f4660f3485e:0:0,fb2377fb00f25b2f98416648fb00fda0:0:0,9a71df1092937d9822a2e09e71a9371d:0:0,39d5c404451a1d2a3c186fa4b14a128f:0:1049892662,a9327b22dfbc2b7887a52f1988a32bff:1:248891328,16.0
2660,2,2660,1,legacy,0.00012473684210526315,0.0,3.915290421873637,16.897274912173543,0.012237015180289745,0.1130859375,-0.006786917755380273,4.797891069756588e-05,0.0009151428239420056,0.009867851622402668,250,46,216,0,0,0,0,0,0,512,0,0,512,0,0,262,0,0,250,0,0,,0.174235766986385,5b77ae6e22d342c9c596270d0bf0645e:0:0,e538a27a8537c59a1fc3b8298ea068d8:0:0,54d624c35484214b656aef1a4699f763:0:0,6959fee5ec44f2cd4cc9ba2949241e8f:0:1480265865,ebda4ca6a86eb0b1f6eee4bcd08e18b0:1:1294599838,16.0
2661,2,2661,1,legacy,0.00012406015037593986,0.0,3.6479511421543647,17.339821090865826,0.0063390955328941345,0.123046875,-0.006431251228787005,6.079153245082125e-05,-0.004222203977406025,0.011644034646451473,251,53,208,0,0,0,0,0,0,512,0,0,512,0,0,261,0,0,251,0,0,,0.17053242900874466,e69d85009afbf74135801ea3c92d805e:0:0,82ad186248464f2c972daf5b9d46252f:0:0,1bfb201fa29c3aa50c80870ab1339531:0:0,cb8280c340b7b19078369027343e2a8f:0:70851874,1f27cd51b4181d426f4b98283855d318:0:3034634410,16.0
2662,2,2662,1,legacy,0.00012338345864661653,0.0,3.696243591943053,17.558176456986985,0.014137445949018002,0.1025390625,0.0020293128909543157,7.39146953492309e-05,0.0007368412334471941,0.012804725207388401,253,46,213,0,0,0,0,0,0,512,0,0,512,0,0,259,0,0,253,0,0,,0.1733731070999056,63d46f5030e7fa48557f32a698aa9c5e:0:0,ab8314411bbfd61c4c65601e44e8e4e0:0:0,3ffaa8a1b0c288628152dd816193f96d:0:0,43568019a633df43c94ff92a7298368f:0:3922496025,46616080a0fb991bb4943ae002b693a7:0:2237561210,16.0
2663,2,2663,1,legacy,0.00012270676691729325,0.0,3.8660013350074656,15.151727969782769,0.008279841393232346,0.0732421875,-0.001636359142139554,6.901352535351179e-05,-0.0006623049266636372,0.012077320367097855,276,46,190,0,0,0,0,0,0,512,0,0,512,0,0,236,0,0,276,0,0,,0.17222441791091114,3653965c298737eae94bbfb17a67b85e:0:0,2493e63a3a8c039f5207bc9a0d0e7f5f:0:0,a4c2db5d90adf4aec2563531b8e93abc:0:0,79d7b917fe8b9b1724023cbf0432428f:0:3941033569,b8b77c920a64f056eb12db8bcd4a3efb:0:2624003259,16.0
2664,2,2664,1,legacy,0.00012203007518796991,0.0,3.848872605008746,15.783413922656564,0.005284558050334454,0.0587890625,-0.0015701759606599809,6.034336984157562e-05,-0.0001246945175807923,0.011090080253779888,256,37,219,0,0,0,0,0,0,512,0,0,512,0,0,256,0,0,256,0,0,,0.16950542910490185,17207ab243b2aebaef3862606e64d45e:0:0,ec81bad1ea8c7343bac92b78943c9956:0:0,d4321c6ceca89785e8826690b6a97282:0:0,76abf499deb696ff5134e270e90c4e8f:0:3184968577,06324cec18926562c971cbb0356ea475:1:3886138286,16.0
2665,2,2665,1,legacy,0.00012135338345864663,0.0,3.7836412403594695,16.084362914273242,0.019422223791480064,0.1609375,0.016072530881501734,6.085932545829564e-05,0.0014673396944999695,0.011300777085125446,259,44,209,0,0,0,0,0,0,512,0,0,512,0,0,253,0,0,259,0,0,,0.1676425519399345,f65640915ddfd2bcbc31f74f74a1f05e:0:0,5c9758199f57dd2703d92c149616db17:0:0,067ae4d2d975a724e23a1b76e0ae4faf:0:0,95e0b8f091fcb45b0acab1cc21265a8f:0:3850819446,845d27171955f26c04260eb91b4279be:1:17548777,16.0
2666,2,2666,1,legacy,0.0001206766917293233,0.0,3.632003980129145,16.94684464735019,0.02539912238717079,0.08671875,0.0027854286134243013,7.050945423543453e-05,0.00028715343796648085,0.011961916461586952,248,53,211,0,0,0,0,0,0,512,0,0,512,0,0,264,0,0,248,0,0,,0.1697365049039945,a10d3f016576129317bf9b1a8d1f0c5e:0:0,5de61f04f501d477d80f9d36f49508ee:0:0,6b5fc83976697e22262d2e6c6f124e87:0:0,dff293c0ddc243d807a1b25cac80668f:0:2789423330,330b355107c6cffcbb47ba44d18ba85c:0:2047378632,16.0
2667,2,2667,1,legacy,0.00012000000000000002,0.0,3.565112794248157,17.63155449478404,0.011340124532580376,0.070703125,-0.0012491618050262331,5.670823265973013e-05,-0.00034168368438258767,0.010613711550831795,248,46,218,0,0,0,0,0,0,512,0,0,512,0,0,264,0,0,248,0,0,,0.1708149410551414,d3994e7b7b627eeb5802aa5db7dc285e:0:0,7e4ee0c021fe4f0b93792f4c11699fa3:0:0,90c544e9b49f8729b00280b25749540e:0:0,cd383b87b881e89807932bae8b1a728f:0:1644504691,c60bf019a77697b6e7503a15dea26819:1:3842391274,16.0
2668,2,2668,1,legacy,0.00011932330827067671,0.0,3.759673612352179,17.135125341991397,0.0034083700738847256,0.060546875,-0.004410399869084358,5.6479081831639635e-05,-0.00018855146481655538,0.010725992731750011,255,50,207,0,0,0,0,0,0,512,0,0,512,0,0,257,0,0,255,0,0,,0.16448608692735434,cf701667798594297db6c1b4f4d9445e:0:0,a94b5368cea13d30f799eb66cc3abb57:0:0,19fb575248fb547dc4184f190aa0638c:0:0,b178a2a366801e95df73a54dbcf47e8f:0:2129504070,2eac53c009d19865bddd11db976d2c67:1:2152885800,16.0
2669,2,2669,1,legacy,0.0001186466165413534,0.0,3.7773089518722114,17.628279933865088,0.01566501334309578,0.1134765625,-0.005525949946604669,7.644091674592346e-05,0.0004897728795185685,0.012449892237782478,254,58,200,0,0,0,0,0,0,512,0,0,512,0,0,258,0,0,254,0,0,,0.17261163098737597,f9fe775e449726545031bdbc4416605e:0:0,e5a35bd989ac1a47a6f37dc4d8dc9929:0:0,88f0bc26ff5bcd123af40b95d484ea9b:0:0,6309fd09aec4644a8512e6c6420e8a8f:0:3404645862,4aceb84ddc6e91aeef2611fe1fcf88e8:0:1179756922,16.0
2670,2,2670,1,legacy,0.00011796992481203009,0.0,3.712147330795783,17.81519832435947,0.013910817913711071,0.112890625,-0.007785047357901931,5.5722889192111326e-05,0.0007194021600298584,0.010577418841421604,252,58,202,0,0,0,0,0,0,512,0,0,512,0,0,260,0,0,252,0,0,,0.1725781389977783,a8452aca961c6f417963bb0fa5937c5e:0:0,2c50deee89d731caa8715957c5e9f449:0:0,053f8ecdb4fd23976ddc8a0b13096a86:0:0,1d9ead1f1ae407921b3bf7a41a68968f:0:973949621,b8abe24278c283234953a4382f98f429:0:434724201,16.0
2671,2,2671,1,legacy,0.00011729323308270676,0.0,3.6580098190864234,18.069499592269267,0.006608100607991219,0.088671875,-0.0010099591687321662,6.824254778621252e-05,-0.0005369735881686211,0.011698069050908089,252,65,195,0,0,0,0,0,0,512,0,0,512,0,0,260,0,0,252,0,0,,0.17096823907922953,3c80c72c2a0c3f01a1d7164b1950985e:0:0,6518677f5b35bf12e19a54ab2802001f:0:0,c54a874757b47da2b9cf9f6c15d134c4:0:0,171c0b6e742a95d0fdb51f734602a28f:0:4283779232,eaf8b2d3f2d9ff7848498538e8adfec2:0:2890791622,16.0
2672,2,2672,1,legacy,0.00011661654135338348,0.0,3.62774434067064,16.337282232285588,0.0077150845900177956,0.09140625,-0.007300762552767992,5.891695363970939e-05,0.0007159566739574075,0.010942906141281128,250,51,211,0,0,0,0,0,0,512,0,0,512,0,0,262,0,0,250,0,0,,0.17275217396672815,51a88aeb7bbd4e8c8cb06c0a9f4db45e:0:0,0982519521975cd3bf047dc9bc960023:0:0,5ffabbfa168d3e781c7935c960e2e07d:0:0,afbe084af0abef58cd3fe5bfc4dcae8f:0:3198586600,f737274dd52aa8a9fced811f5ecc96d0:0:1591030420,16.0
2673,2,2673,1,legacy,0.00011593984962406014,0.0,3.791808364692949,17.587036738939332,0.010841865092515945,0.09453125,-0.0052043591160327194,6.344650846585864e-05,-0.0016656245570629835,0.01142425462603569,244,60,208,0,0,0,0,0,0,512,0,0,512,0,0,268,0,0,244,0,0,,0.16719166305847466,0e719e567dbab4ad33ae98ea378ad05e:0:0,b7437375d9354824fef450c2f3af46aa:0:0,9990ac10814946e7f96939052c8f288b:0:0,89a1bdb2c2cbfe0d7b99121596f6ba8f:0:3574550816,129e3d78cd874b9d37a9caa1b7ede3f0:1:3528687485,16.0
2674,2,2674,1,legacy,0.00011526315789473686,0.0,3.7053939688772566,16.694537160100253,0.008598331362009048,0.0814453125,-0.0022169978823512793,6.609398496948415e-05,-0.0005477760569192469,0.011764220893383026,256,51,205,0,0,0,0,0,0,512,0,0,512,0,0,256,0,0,256,0,0,,0.1832457899581641,1101e808f81a7d2de32ab985e207ec5e:0:0,0957c36d5221fbca4a52ecb3eedd21ed:0:0,e692a05b628e78ef48d2f07178b19f1f:0:0,19d82b12fdc80f4a5778ac00bc50c68f:0:356155932,787c126b9c27b26e406f73bfda707537:0:425663844,16.0
2675,2,2675,1,legacy,0.00011458646616541353,0.0,3.9192605214881144,17.04305404749107,0.009563053026795387,0.1216796875,-0.0038321931147947907,6.110144095146097e-05,-0.0005262804916128516,0.011120977811515331,254,45,213,0,0,0,0,0,0,512,0,0,512,0,0,258,0,0,254,0,0,,0.18333698203787208,e7d615ad78f2624456182a799ec5085e:0:0,33986536b0d008a1f59d59e14502cc17:0:0,e036098a872f8fd85eddaf0f282b13f7:0:0,619983d901cdd1071891fb0d34ead28f:0:654542969,a8d0d2e3d7b933f86c2334139629e348:1:3155190836,16.0
2676,2,2676,1,legacy,0.00011390977443609024,0.0,3.8015737797461506,16.012776801278505,0.006452758796513081,0.057421875,-0.002852633874863386,6.139945671748137e-05,0.0010004591895267367,0.011286886408925056,271,43,198,0,0,0,0,0,0,512,0,0,512,0,0,241,0,0,271,0,0,,0.17773662297986448,edd21dae0286a83dd20488616dc2245e:0:0,fa51f0940287e412a5b48cd4bfd95965:0:0,5ce7084f9075be1042f1706935e69cd6:0:0,6458b508e22bf23ceb9386c700c4de8f:0:2006342087,e148b56b427cc5e9866e82283700b5aa:1:641155957,16.0
2677,2,2677,1,legacy,0.00011323308270676691,0.0,3.871478444278047,16.29037203408643,0.03408704325556755,0.108203125,0.004329436598345638,5.6293433226528576e-05,-0.00048787231207825243,0.010689068585634232,258,42,212,0,0,0,0,0,0,512,0,0,512,0,0,254,0,0,258,0,0,,0.1698463800130412,d1423d15e2cf1b6b4317afd94eff405e:0:0,f94f2628a73719f9d69c7bfc250863ab:0:0,b5e90b3372e7ecce147fc73a3adee675:0:0,928e0d5b7828668b7e2716ba1fdeea8f:0:377448640,cc9fa1c36ce964233079a6d318dc4d81:0:3236040326,16.0
2678,2,2678,1,legacy,0.00011255639097744363,0.0,3.688711960494913,18.38381995609666,0.010316353291273117,0.0763671875,-0.006286169122904539,5.266804964776384e-05,0.0002486240991856903,0.010353180579841137,246,63,203,0,0,0,0,0,0,512,0,0,512,0,0,266,0,0,246,0,0,,0.17438983207102865,41fc4f905fee304d5813bd7d427c5c5e:0:0,610447a50109bd17f1bd604454ef3467:0:0,30e86376cbfe4c15def2fe66d0ba2285:0:0,b45746b215084d1e0af1b2729238f68f:0:2785294725,4f601a271f0de587bbb23ccb47573aa2:1:1541717658,16.0
2679,2,2679,1,legacy,0.0001118796992481203,0.0,3.760056625824001,16.547985128528353,0.009315552189946175,0.106640625,-0.004671386023983359,4.643655265681446e-05,-0.00035548536106944084,0.009649476036429405,261,58,193,0,0,0,0,0,0,512,0,0,512,0,0,251,0,0,261,0,0,,0.1800039199879393,6c16561a253646009e550de94839785e:0:0,ca128fe832e2a7f15b7000dd224ff0db:0:0,63d16fd7513bf5ed3fd65965b0f4ebe6:0:0,d5c28ef905d57ad06593a17c57d3028f:0:2306615952,503b3ae885ff6c2e5e50a46d1ddf1c8e:0:118096102,16.0
2680,2,2680,1,legacy,0.00011120300751879701,0.0,3.7652545507078923,18.422430930763767,0.00555102713406086,0.066015625,-0.0014621021691709757,8.066095160756959e-05,-0.00019771500956267118,0.012695341370999813,249,59,204,0,0,0,0,0,0,512,0,0,512,0,0,263,0,0,249,0,0,,0.17804790707305074,350713a59c590ae99dd23db96036945e:0:0,2f87fa322a837fb6542fb35e8296078d:0:0,6c6222d03312f1c05bf378779e528a1e:0:0,440199dd5b6da79406a86b6370ad0e8f:0:1418568020,d1f48226cf4919d63df9eb4438abfdf7:0:3600166782,16.0
2681,2,2681,1,legacy,0.0001105263157894737,0.0,3.7600057316108577,16.436673519061173,0.015330331400036812,0.098046875,-0.004057165351696312,7.85274289228255e-05,-0.006413920316845179,0.014568133279681206,276,47,189,0,0,0,0,0,0,512,0,0,512,0,0,236,0,0,276,0,0,,0.17921724496409297,dac0d59c9e5d03a0f51c29898a73b05e:0:0,03e30d88149dec388219d95c59091e94:0:0,f68a641b1db50ba905ce04aec19a9c1c:0:0,c2193c05a9673f1517c6d7b3dcc71a8f:0:3954603424,d344db9a39c2eceff845976495826592:0:349170372,16.0
2682,2,2682,1,legacy,0.0001098496240601504,0.0,3.7269173087737877,17.548359419862436,0.01815047860145569,0.1138671875,-0.003974622953683138,7.142230078898138e-05,-8.059506944846362e-05,0.012162956409156322,253,63,196,0,0,0,0,0,0,512,0,0,512,0,0,259,0,0,253,0,0,,0.17863951402250677,c9acc8d427f5341f755dedf5c6f0cc5e:0:0,6974428451655d9f17dddf4c0cb47364:0:0,bd779834adee6271b1bb30ff2f3f8433:0:0,b02993c8ae57d49f7f80edf99c21268f:0:3809683311,53e874a676c7c5cb47ea06c5526a27ab:0:3727032640,16.0
2683,2,2683,1,legacy,0.00010917293233082709,0.0,3.699521126516821,17.171114926475184,0.003154429607093334,0.0794921875,-0.0013598995748907328,5.329309424269013e-05,-0.00017104684957303107,0.010302216745913029,256,51,205,0,0,0,0,0,0,512,0,0,512,0,0,256,0,0,256,0,0,,0.18012010108213872,719ea230fcd6eb2a3e5ce79a15ade85e:0:0,ec9c23b5d3a045fe271b5ca488a978c7:0:0,c8449de4af86247671f75079eb7ac69a:0:0,e56252a818083a43ed63f5c0aebb328f:0:13874267,e5e484c381e67c8b6c093fbd7173f476:0:4141727608,16.0
2684,2,2684,1,legacy,0.00010849624060150375,0.0,3.679485650327363,17.454827794853145,0.012826118618249893,0.055859375,0.00013318206183612346,7.14029889422818e-05,-0.0008584835450164974,0.012013905681669712,249,50,213,0,0,0,0,0,0,512,0,0,512,0,0,263,0,0,249,0,0,,0.17498084891121835,c524e4e665a9affeda78b31276ab045e:0:0,b823be5352df1fcee038ef39be8113aa:0:0,2c1b2447bf3fcaefedf409957e8627f8:0:0,655e5620d6223b3ce5f8769514953e8f:0:1535302080,881b6173b795a94c1566be1027f7be2b:1:3826812377,16.0
2685,2,2685,1,legacy,0.00010781954887218047,0.0,3.801853883314921,16.63694879869979,0.033075761049985886,0.09140625,-0.0011862844228744506,4.5706636046816127e-05,-0.0003528843226376921,0.009680680930614471,265,51,196,0,0,0,0,0,0,512,0,0,512,0,0,247,0,0,265,0,0,,0.17760631500277668,1441aee2742d523f5aab2cfae9e8205e:0:0,3f857e652b49a294a1df987c3aecbafa:0:0,aa44bfec4fc6d8321b163af9310c07a4:0:0,d93965adade3f993cec23802cdaf4a8f:0:3983981953,216d332de383abd292e13a1fcc0bbbcf:0:498306057,16.0
2686,2,2686,1,legacy,0.00010714285714285714,0.0,3.8278327357563233,15.627230237396361,0.010050738230347633,0.0521484375,-0.0011139907874166965,6.802592306485167e-05,0.0007693590014241636,0.011736545711755753,272,40,200,0,0,0,0,0,0,512,0,0,512,0,0,240,0,0,272,0,0,,0.17506603605579585,4ddaaea579321c1e728871ef6f653c5e:0:0,c4dc8cf8d619e4cacc237bc6e8827ffe:0:0,2ba9d13a66b0fb21f2e01c74dd4d20cf:0:0,be7a9f240164ef05fa404195da09568f:0:3177428699,5a0e4e94c318d721812449ce58de4977:1:444160876,16.0
2687,2,2687,1,legacy,0.00010646616541353386,0.0,3.6759839627182376,16.292623054471278,0.013592689298093319,0.1,0.0005141875240951777,6.118322216934758e-05,-0.0003941936301998794,0.011033778078854084,263,50,199,0,0,0,0,0,0,512,0,0,512,0,0,249,0,0,263,0,0,,0.17046463605947793,944cbc6c97ff26cb943ede8c0722585e:0:0,78a9733845bde5ef00bc79b117da3559:0:0,36c152abadd39463f4e7950e06bc33a7:0:0,8525d9ddfcf89129b3ecdada39a3628f:0:3803052499,7bc83f4a19ccdaed4c49b55f8b3056df:0:1274163400,16.0
2688,2,2688,1,legacy,0.00010578947368421052,0.0,3.7310655286366217,18.075873181265933,0.007365480996668339,0.1068359375,-0.0006600062362849713,6.46240399873932e-05,-0.001318866852670908,0.01133633404970169,251,69,192,0,0,0,0,0,0,512,0,0,512,0,0,261,0,0,251,0,0,,0.17277197598014027,abc88341a2c2d11f0c970f6cb11f745e:0:0,589ece341fd4a3fab36d465ba66a3c96:0:0,964beeb94b1ef99077a7464c81b918e4:0:0,4e2e14709d3a98d34c3d8b5bec7d6e8f:0:4274749506,d11ddb2aa982d81b782834832b0389e9:1:1593481256,16.0
2689,2,2689,1,legacy,0.00010511278195488724,0.0,3.7721453171024786,16.910627242333476,0.004894495941698551,0.120703125,0.00592247893800959,4.938416550430702e-05,0.000818067230284214,0.010017961263656616,265,53,194,0,0,0,0,0,0,512,0,0,512,0,0,247,0,0,265,0,0,,0.16994693607557565,4eb1b52caba958861ef3e12d6d5c905e:0:0,b4e8d8f07bc2556ff7837d15639688dd:0:0,faca6a3083f2793c774bd5fb3e491c9b:0:0,975ad7f74050ecba24a31aa6f2977a8f:0:2375433393,e3bd633c255de1826982837da4a0ffd2:0:1071661441,16.0
2690,2,2690,1,legacy,0.0001044360902255639,0.0,3.8562848988467957,16.075071622492487,0.004787677899003029,0.0876953125,-0.0025071418611332776,4.726116967503913e-05,0.0001687532349023968,0.010053683072328568,274,43,195,0,0,0,0,0,0,512,0,0,512,0,0,238,0,0,274,0,0,,0.17204967699944973,1769706df635942f2152706a3bd9ac5e:0:0,3622d1a6477371eee0fcf5d10f47c27e:0:0,b8329b5b6ea6c0dd43ebcd980f97f9f0:0:0,d4ba5f49b4ef2f5dbb8990474bf1868f:0:2658695160,7908f027351eb5506608175247a7b6c4:0:3403943504,16.0
2691,2,2691,1,legacy,0.00010375939849624062,0.0,3.8002313112586794,16.39628962091706,0.009896969422698021,0.06015625,-0.004733169730752706,6.052518328942824e-05,0.0006384989828802645,0.011101994663476944,260,46,206,0,0,0,0,0,0,512,0,0,512,0,0,252,0,0,260,0,0,,0.1717501039383933,a1f6c2513477d275984a19bf1c96c85e:0:0,101b7d87ee210b4c6c143035a3764e70:0:0,51d23e4788b82e2f457a14d044eb311c:0:0,b5323fbcf9a7f02ab85833c8f88b928f:0:1671432547,6464c5d517e9a666b784d70140b806cc:1:2832225641,16.0
2692,2,2692,1,legacy,0.00010308270676691729,0.0,3.68373955232329,18.04937723297826,0.008472941815853119,0.101953125,-0.0026846873806789517,6.145561364974128e-05,-0.0012727465946227312,0.011253231205046177,253,50,209,0,0,0,0,0,0,512,0,0,512,0,0,259,0,0,253,0,0,,0.1706216570455581,fd2596d53bbed88e530c79c80f93e45e:0:0,f3270aeace72c9826317c1877d01aa1f:0:0,7b4e3a83259034fbc91b02a1c1e837b7:0:0,8ae84c5a1f177fdff7718cb7f8659e8f:0:2044508244,599c15d4079e5d58839a825f099dba0b:1:261967720,16.0
2693,2,2693,1,legacy,0.00010240601503759401,0.0,3.961011106911502,15.62245720235751,0.0050985245034098625,0.0806640625,-0.003671996435150504,6.933197928447044e-05,-0.0001880590571090579,0.01178826205432415,279,48,185,0,0,0,0,0,0,512,0,0,512,0,0,233,0,0,279,0,0,,0.17294032010249794,ac34e30d9c5f047387656d2114d1005e:0:0,ec25af5a382db436a4a7c8fd8e32107c:0:0,99c35bdef45510969a810307947871a8:0:0,fc5573c1ff746833963362a04b7faa8f:0:3570148035,25aba09479fac67688e00f731c23454b:0:2664867287,16.0
2694,2,2694,1,legacy,0.00010172932330827067,0.0,3.7575104250186726,16.81040496395667,0.010043971240520477,0.0853515625,-0.00981042766943574,5.280391706037335e-05,-0.0008135289535857737,0.010448206216096878,264,56,192,0,0,0,0,0,0,512,0,0,512,0,0,248,0,0,264,0,0,,0.17180413706228137,8a4872cdc82b9110edbb10662c4e1c5e:0:0,f6b6d493453a6fe0e1d4be027d16fe0a:0:0,c7e82a4e6d998c8ee21925ef21a7553a:0:0,b31c6c3fbe1186b7fef6bd0df1d9b68f:0:321191043,4a1decdf361f13ed0b0238288f0ebeaa:0:1800523847,16.0
2695,2,2695,1,legacy,0.00010105263157894739,0.0,3.6661249161237235,16.391719635498703,0.007704426534473896,0.0857421875,-0.002856250270269811,6.676719331153436e-05,0.001039103139191866,0.011540725827217102,266,42,204,0,0,0,0,0,0,512,0,0,512,0,0,246,0,0,266,0,0,,0.17341697390656918,09c978d7b33dfcafdd0dc033560b385e:0:0,c47e9a3cc17c930f0767f0f7b60ba489:0:0,346ddf40542890ce2f48c0109b97aaaf:0:0,257620d7415dcb00f50fe38ceb73c28f:0:3353885921,af8e00162349d728d478f08aaa94b180:0:328285100,16.0
2696,2,2696,1,legacy,0.00010037593984962408,0.0,3.9483080535061905,17.753266598390383,0.0018754255725070834,0.0552734375,-0.0005677830893546342,7.502136104449164e-05,0.0006370405317284167,0.012297909706830978,266,58,188,0,0,0,0,0,0,512,0,0,512,0,0,246,0,0,266,0,0,,0.17042372305877507,bdf2d3721aa791a366f819249208545e:0:0,0ad00fb06da202c8de503c2aeedc645e:0:0,af4b214d9f86fb2dfc7c1bb5dddd8987:0:0,c96dfd6819ed9808a0ce5da9384dce8f:0:3895478376,603b9768083aedef22ce825a0f11b66b:1:727417922,16.0
2697,2,2697,1,legacy,9.969924812030075e-05,0.0,3.760390934416857,18.030034061268907,0.014528012834489346,0.1044921875,-0.0102657625451684,6.599522585020168e-05,0.0007010913104750216,0.01154228113591671,238,53,221,0,0,0,0,0,0,512,0,0,512,0,0,274,0,0,238,0,0,,0.17257288098335266,0e32e5f4dca9113473aef7d5e045705e:0:0,fbb37bbf67aba38986c021889fef82b8:0:0,174e7c2b63293fa7ab7a74707394307a:0:0,f1806f488919c8d49b7cf2eed867da8f:0:2949241445,8ad52cd39931e1b6a107d533acc2f670:1:226280945,16.0
2698,2,2698,1,legacy,9.902255639097747e-05,0.0,3.779674402725643,17.056123627799025,0.007217616308480501,0.0642578125,-0.0028156714048236608,4.6343176290974955e-05,5.267704545985907e-05,0.009747038595378399,256,48,208,0,0,0,0,0,0,512,0,0,512,0,0,256,0,0,256,0,0,,0.17372003593482077,9414f2840e0c80cdde0178e340c28c5e:0:0,9073bf820c2bf791aee5658ae68c2944:0:0,efdaf19805028593724cb85701ed21b0:0:0,33b6330799c0585afb61aae9cbc1e68f:0:3982265721,4bdeb15b99f391b8b3585554d73ba9bd:0:234978849,16.0
2699,2,2699,1,legacy,9.834586466165413e-05,0.0,3.890826094961411,18.42983916098433,0.007971014827489853,0.040625,-0.003081318736076355,5.972289764031302e-05,0.0002743223449215293,0.011066671460866928,239,49,224,0,0,0,0,0,0,512,0,0,512,0,0,273,0,0,239,0,0,,0.17061883793212473,274705dcb83d19688f58f8e8b37fa85e:0:0,304cbd3b8f986b73df9065358f46be3e:0:0,9e0b694bcce040deb48ac7dd8f278cf1:0:0,824f57507db2aca75fbdcd26125bf28f:0:1877564968,e2cf11a57e05d80c918b542de9184e34:1:1145407639,16.0
2700,2,2700,1,legacy,9.766917293233085e-05,0.0,3.8506094410782783,16.560100360629804,0.0060613323003053665,0.0369140625,0.0011636862414889037,5.304323949530954e-05,0.0003964077332057059,0.01037757471203804,265,48,199,0,0,0,0,0,0,512,0,0,512,0,0,247,0,0,265,0,0,,0.1816182869952172,324fc9c06bb959379bb91482387cc45e:0:0,36dd92284bef94def4d06472c1c4409c:0:0,b0c68d0d380aff259094ea42ba4e0778:0:0,fab93834a25d853ffccde12fac35fe8f:0:433284204,b3c6f13400b31e72b604d6eb1996e410:1:2112983647,16.0
2701,2,2701,1,legacy,9.699248120300752e-05,0.0,3.7599957836186215,19.078365433097133,0.006498197093605995,0.0591796875,-6.228145211935043e-05,0.00010448043467476964,-0.005179221276193857,0.01758328452706337,248,63,201,0,0,0,0,0,0,512,0,0,512,0,0,264,0,0,248,0,0,,0.1797407929552719,c7e0f137127b37945dbfa84bcfb9e05e:0:0,ad97334deb61ac3de707d7c822be28e1:0:0,cb71a19737ce36fdd953034c4425c6d4:0:0,d8231d6d2f368ccaa7c9ae9299500a8f:0:2865757913,b46fb2edf00770148495e09fe18e0fe0:0:2475723851,16.0
2702,2,2702,1,legacy,9.631578947368424e-05,0.0,3.796260639333147,17.023810144036133,0.004687545355409384,0.049609375,-0.0012608138844370843,6.313725680229254e-05,-0.002264415379613638,0.011431134305894375,261,51,200,0,0,0,0,0,0,512,0,0,512,0,0,251,0,0,261,0,0,,0.1815367859089747,46a76c88adf27b2a92a4d0e17936fc5e:0:0,70ada2b30a538692668760ec15c7c7b9:0:0,d43a8bc133f95e981dcf82477d92e1ee:0:0,ddcd996fe07b8df1e2e43cdad9aa168f:0:1397451379,e6f764fc37b5bf800e6ae80b7a34558c:0:1321630630,16.0
2703,2,2703,1,legacy,9.56390977443609e-05,0.0,3.9165976536539517,16.63893781571346,0.0030290717259049416,0.05234375,-0.0006379290483891964,6.524466825794662e-05,0.0019667823798954487,0.011811415664851665,265,48,199,0,0,0,0,0,0,512,0,0,512,0,0,247,0,0,265,0,0,,0.1793835039716214,5a4a297aec2d3264763aeadf34f4185e:0:0,6691e6be79fcc7281c6f6f18b9b74776:0:0,6ee1ce8d05b7096cf0a541ac79f21e41:0:0,e569467e70cf4b89e94bd3946d44228f:0:290125070,7f88ddbee0dd5dc54d2c8e4ade64a583:1:2104750220,16.0
2704,2,2704,1,legacy,9.496240601503762e-05,0.0,3.810689368928534,16.808361313599107,0.006611549761146307,0.0544921875,0.0016178018413484097,5.743273795815185e-05,-0.0022314200177788734,0.01107950322329998,262,47,203,0,0,0,0,0,0,512,0,0,512,0,0,250,0,0,262,0,0,,0.173163979081437,0632d708bfca4e16deee92e102f1345e:0:0,7f3aef9bf87855af9e77db104bfcb40b:0:0,6f178c4ec36822c0a828616ddea6c0e2:0:0,fac20a23043ffbf5bb29fa4b541e2e8f:0:128958881,ef395e5119657190be4984a9b21f5d72:0:773545749,16.0
2705,2,2705,1,legacy,9.428571428571429e-05,0.0,3.678671582338968,19.469824456251672,0.010420289821922779,0.1271484375,-0.005737253837287426,8.229868981288747e-05,-0.0003078267618548125,0.012879525311291218,248,59,205,0,0,0,0,0,0,512,0,0,512,0,0,264,0,0,248,0,0,,0.17700079397764057,5401f27466525e6d59c6a582e32e505e:0:0,fbc9d0bf82b696afb51d36a14714ad3d:0:0,a2ba5004d174bf9b64e7f152b4740ac3:0:0,82cc9ed7474367cc29a3788b8e383a8f:0:3380305219,765b8d4aafdab75fcea123aac6b394d4:1:1263082589,16.0
2706,2,2706,1,legacy,9.3609022556391e-05,0.0,3.7869805977660986,16.556423246498753,0.00426942203193903,0.066796875,-0.006951645761728287,5.990848076180555e-05,-0.0007076539332047105,0.01096950564533472,270,51,191,0,0,0,0,0,0,512,0,0,512,0,0,242,0,0,270,0,0,,0.1736888149753213,6e704e3e8892721646643f60d5ab6c5e:0:0,888274c0c3f9a693ae14da191e869ed7:0:0,18033fddd9ce8d7fe46fa5f28d629b52:0:0,4c34c6df3434abbce2d855e11b92468f:0:3718673885,328dc32acc81dc6742cdd1f79485cad8:0:1811350529,16.0
2707,2,2707,1,legacy,9.293233082706767e-05,0.0,3.824550313965521,16.340509577935336,0.008882308378815651,0.06875,-0.004636753723025322,5.718983429687796e-05,0.00041282817255705595,0.01074372697621584,270,44,198,0,0,0,0,0,0,512,0,0,512,0,0,242,0,0,270,0,0,,0.17342788993846625,941c4a37609517aef302bd16da68885e:0:0,96f7b3d98533db3bd27897f126d5d4fa:0:0,1aa92138ebee3c63bc1444b2d833f0f2:0:0,06033aabb1df9db57de3d9d7fc2c528f:0:1039167934,3a533afe38f3606aa95457c64183d7a0:0:3744091165,16.0
2708,2,2708,1,legacy,9.225563909774439e-05,0.0,3.773797262906335,17.480567929777635,0.009071135893464088,0.0748046875,-0.00047738230787217615,6.984335650486173e-05,0.00031243677949532866,0.011887994594871998,257,56,199,0,0,0,0,0,0,512,0,0,512,0,0,255,0,0,257,0,0,,0.17511252802796662,9698168910d5816fb877bb40f165a45e:0:0,9ab53ddcc9c36ee6ec68eaa065026f63:0:0,8b49062fde60286d46b9ad0abf9764b9:0:0,691b20647da5d54686dc8bfc30065e8f:0:1759703675,c1abccad283d37105f9ffa43c10e6f56:1:921626931,16.0
2709,2,2709,1,legacy,9.157894736842105e-05,0.0,3.663846213178843,17.964263233153588,0.009972349740564823,0.08125,-0.003290533600375056,5.644983866659459e-05,0.0009000308346003294,0.010681617073714733,252,58,202,0,0,0,0,0,0,512,0,0,512,0,0,260,0,0,252,0,0,,0.1750284240115434,bb409a449848cb181633167b1aa2c05e:0:0,9155982fa5819c5eba3fcab9e96e9fc0:0:0,0ce478d2416d75822104a0cd604eb5ed:0:0,5667a18413c957488ad433d9b7206a8f:0:1240350437,5c00bf46872984c8ddcf65e4692b8a8b:0:68978435,16.0
2710,2,2710,1,legacy,9.090225563909775e-05,0.0,3.85758972969624,17.292716936583474,0.006541930139064789,0.0650390625,-0.008729244582355022,5.453154972201446e-05,0.0008488335879519582,0.010502435266971588,245,48,219,0,0,0,0,0,0,512,0,0,512,0,0,267,0,0,245,0,0,,0.17987803102005273,ff31f0a50ed9621ace3eeb61561fdc5e:0:0,484d42122b8e1585738b60ac68e4d262:0:0,35e0bef320dc6b85a4c0e87b6639e60d:0:0,38db06bb8868e4c123d7d8fc917a768f:0:1228434483,1da189eed208e3940bc43d482484637b:1:3727477609,16.0
2711,2,2711,1,legacy,9.022556390977446e-05,0.0,3.739662033122547,18.57371113641193,0.003351716324687004,0.060546875,-0.0023378698853775857,5.270983001537388e-05,-0.000978031661361456,0.010310528799891472,254,57,201,0,0,0,0,0,0,512,0,0,512,0,0,258,0,0,254,0,0,,0.1626345239346847,2856e6e715f0900a013f968fa3dcf85e:0:0,84cb1f96e76e45c1adbe23b2c6e9b9cf:0:0,c5ad524c6604a2955903d2c9071f29a5:0:0,1319a19f83b9ed0804efc2f0bf14828f:0:1904174646,d97e063ec05ca99ee31b2b110635a563:0:2494873369,16.0
2712,2,2712,1,legacy,8.954887218045113e-05,0.0,3.707037757700937,17.58345518099418,0.005836480762809515,0.1009765625,-0.003903559688478708,7.436960568156792e-05,0.0016695717349648476,0.012268660590052605,257,62,193,0,0,0,0,0,0,512,0,0,512,0,0,255,0,0,257,0,0,,0.15397093701176345,e554773ca8aa27434a73b4a203da145e:0:0,e25e83e88e971e22c8fccf271e6b11c3:0:0,c7e6fe08bc836dad1cc5dcd5a4293bc8:0:0,b813b6ead40c232c061f79423fee8e8f:0:1050914698,39852196a085cd59420df5118ff06856:0:2487086627,16.0
2713,2,2713,1,legacy,8.887218045112785e-05,0.0,3.680547139991948,15.8219591908221,0.011559647507965565,0.0919921875,0.0037512040231376886,4.946939952787943e-05,-0.0014651756500825286,0.010108564980328083,276,46,190,0,0,0,0,0,0,512,0,0,512,0,0,236,0,0,276,0,0,,0.15524091897532344,b730ec0fb74e51dbdbb422347617305e:0:0,81b7824fbce44615235e566cd5912724:0:0,30b0a55cf3478e1d3ea6eec9a9df1a5a:0:0,b72a936e4822b6983065c37d14089a8f:0:2157633873,d15e33dacb16b943e15d4d35ecb11876:1:938406522,16.0
2714,2,2714,1,legacy,8.819548872180451e-05,0.0,3.6169395004143725,17.210081561995594,0.00413148570805788,0.042578125,-0.0018021645955741405,5.675966749549843e-05,0.0017352926079183817,0.010725578293204308,257,43,212,0,0,0,0,0,0,512,0,0,512,0,0,255,0,0,257,0,0,,0.15517122705932707,ac50217039ad82cc9973fbe2fa944c5e:0:0,69405d98256511957754463fdd5406a0:0:0,00401d3ce51eca2418d4cf06334194df:0:0,7305f910c46f2ef8c9bca92d3b62a68f:0:4040722299,9fda68086d0cb8a0ba34d493c394cb1c:0:928854247,16.0
2715,2,2715,1,legacy,8.751879699248123e-05,0.0,3.7550091423499405,18.493288289027987,0.004799577407538891,0.1134765625,-0.0030330784618854524,6.169835451146355e-05,-0.000523563358001411,0.01110917329788208,252,59,201,0,0,0,0,0,0,512,0,0,512,0,0,260,0,0,252,0,0,,0.1553846679162234,46f34134a3fa895e36c09e499151685e:0:0,987ea10f640944d3055a55b84a408049:0:0,71ecbb3f15f11dae1b3cc6cf79af3dc6:0:0,a138208dc5b9eb60611971deb5fcb28f:0:1399866713,e5f0308df7290a8b9b5ee45dfa921bee:1:1466591238,16.0
2716,2,2716,1,legacy,8.68421052631579e-05,0.0,3.8433216713846052,16.936789481013648,0.010974515229463577,0.0556640625,-0.006190924858674407,5.0457117140467744e-05,-0.001558193820528686,0.010088351555168629,264,55,193,0,0,0,0,0,0,512,0,0,512,0,0,248,0,0,264,0,0,,0.16101734898984432,741a58fde9bec6d55141a6043a4e845e:0:0,9cd46773185d89cf5fba1f5b83b4b0c6:0:0,317d897b4db677dc88a210a70eb06b1b:0:0,0377a7ebc3c444acda6ca51d83d6be8f:0:3642426102,b70ae7ced3f09d89f4a8761e03284c6f:0:2391180998,16.0
2717,2,2717,1,legacy,8.616541353383462e-05,0.0,3.8625598511741632,17.062590076943707,0.0106015270575881,0.042578125,-0.0010186909697949887,6.017290234012762e-05,0.001031125313602388,0.01100765448063612,268,47,197,0,0,0,0,0,0,512,0,0,512,0,0,244,0,0,268,0,0,,0.15505758591461927,6cb147fa7a84865e8d38efaef58ba05e:0:0,a8f1fdd22b61d0cec5af1ffb76f93264:0:0,b3a66c47951ab4998db23bdfa413de0a:0:0,7ccfecef2670532c7aa20a75a4f0ca8f:0:83964742,ff7f206f98aa1da3c6f7c85a41313184:0:1930547307,16.0
2718,2,2718,1,legacy,8.548872180451128e-05,0.0,3.7354403388143798,17.70639272685912,0.0036649443209171295,0.062890625,-0.0030363181605935095,6.300767945504049e-05,-0.0014636158011853695,0.011226482689380646,238,42,232,0,0,0,0,0,0,512,0,0,512,0,0,274,0,0,238,0,0,,0.15308605995960534,ec97bcede3d3773ab18297e5c308bc5e:0:0,11c598e23707c8d9306cd2d69f6b1f41:0:0,c29c3c169ee9379f5522da245fcffe55:0:0,a8f18619bffa5782f3a0a973194ad68f:0:3668552736,bbde6355f34e2481593d4a963ce6cea6:1:2802794147,16.0
2719,2,2719,1,legacy,8.4812030075188e-05,0.0,3.739626913418877,17.259890939294564,0.01647976040840149,0.108203125,-0.008355650817975402,5.24559609402786e-05,0.0004578462103381753,0.010331796482205391,253,52,207,0,0,0,0,0,0,512,0,0,512,0,0,259,0,0,253,0,0,,0.152281972928904,8b9553ad041b492ac394fb44a2c5d85e:0:0,e5daf64b6c4ddd2a90bc91f4df5a4243:0:0,ab6ae4932cf8028f3dbea982b463e438:0:0,c505cc11fecfc6ce704ac9a1e0e4e28f:0:2195197717,e2bd291b078f30c157adc537c7a3ff57:1:283913408,16.0
2720,2,2720,1,legacy,8.413533834586467e-05,0.0,3.72922505295878,17.472520950798298,0.007046427112072706,0.0578125,-0.003299626801162958,5.645512392220553e-05,-0.0011810048017650843,0.010854395106434822,261,58,193,0,0,0,0,0,0,512,0,0,512,0,0,251,0,0,261,0,0,,0.1376017389120534,65e753e8fa286b1c2380b66794c2f45e:0:0,7ee12714d92ec995c2173f24929c9efe:0:0,d800f67f244046953b52c16c4d69f685:0:0,fb51b098498ffa0ca07df28dfbbeee8f:0:1823541334,d1efaa16459f17b2f69103b020bc449c:1:3935987282,16.0
2721,2,2721,1,legacy,8.345864661654138e-05,0.0,3.777549889452155,17.31265843580445,0.0163742583245039,0.08828125,-0.005316841881722212,8.430626257904805e-05,-0.0002510212070774287,0.014022469520568848,251,51,210,0,0,0,0,0,0,512,0,0,512,0,0,261,0,0,251,0,0,,0.13396860100328922,d70d21cd3cbeec14a7f0a5ea9900105e:0:0,28a71c9e6a63734a6d18637ade57db44:0:0,56cb8bdd2fb67004b9f32fc016d2a4ae:0:0,f0cd777c37c280bfc512ebc369d8fa8f:0:1576651765,3aa01d812352724f6d8117f2dbf2788d:0:722033796,16.0
2722,2,2722,1,legacy,8.278195488721805e-05,0.0,3.677662342879176,19.447192377913325,0.0021919701248407364,0.0357421875,-0.0004514809465035796,8.257509252871387e-05,0.0037592225708067417,0.012948689982295036,245,57,210,0,0,0,0,0,0,512,0,0,512,0,0,267,0,0,245,0,0,,0.14873437490314245,040b1b9f85f77e5eba29e669af7d2c5e:0:0,b7e1b9d740ac7fba10d1b84bee815379:0:0,af44af3dd072eeafe8aadd9ed4f522a5:0:0,c0e0494e99cf16d3bbddbcce2b33068f:0:4118852348,6f537f69e1fc3a496763f03d94af6469:1:2859189249,16.0
2723,2,2723,1,legacy,8.210526315789474e-05,0.0,3.791904037461749,16.96684942494926,0.0061327675357460976,0.0373046875,-0.0024882584111765027,5.807863544760039e-05,-0.0012449867790564895,0.011009217239916325,251,46,215,0,0,0,0,0,0,512,0,0,512,0,0,261,0,0,251,0,0,,0.12693588295951486,84c9663a7dfa9cf5720bd480d83a485e:0:0,fb16cd170c7e785b085f5a88325b1951:0:0,4d9c72d77629e655758ce1bbf571f92f:0:0,52e806d882c33dc30badad3a3fcd128f:0:3807692180,274bb657c493fcaa50518bf69c8fb76b:1:3770387742,16.0
2724,2,2724,1,legacy,8.142857142857146e-05,0.0,3.6501708681976917,15.199136486026532,0.0031672175973653793,0.0560546875,-0.004825288197025657,5.7638523503555914e-05,0.0014621582813560963,0.01075073704123497,277,43,192,0,0,0,0,0,0,512,0,0,512,0,0,235,0,0,277,0,0,,0.10885463503655046,d8bd0ce650b5d330b2100ccc1337645e:0:0,a765cd3dd9531fad4f61e43f9f2cb32e:0:0,9130d46c5d6e6d1bcbc98fbc73029ed5:0:0,1a5f3faac67178fbf04d4493a7a71e8f:0:3551021548,d9b4a1a2ed171231b63af0f2bb33c066:1:960840024,16.0
2725,2,2725,1,legacy,8.075187969924813e-05,0.0,3.7427130122820076,19.288298220226352,0.00474144471809268,0.052734375,-0.0004766431171447039,8.478411909891292e-05,-0.000450192455900833,0.013106170110404491,238,62,212,0,0,0,0,0,0,512,0,0,512,0,0,274,0,0,238,0,0,,0.1113163330592215,abedd7bc9a2726b1434a6be76074805e:0:0,47ccaf7d2ceb1a2c95c21741d772fcf4:0:0,9090959ea57d0fbf6810e334924530fa:0:0,d08cb5649e762d8566824a6662c12a8f:0:4025495499,ce1a49a1f117380d33e1504d0374edc4:1:1664982604,16.0
2726,2,2726,1,legacy,8.007518796992484e-05,0.0,3.7077045158123276,17.705674282558448,0.017258087173104286,0.114453125,6.500433664768935e-06,6.184723424667027e-05,0.0002471253974363208,0.011271923780441284,267,60,185,0,0,0,0,0,0,512,0,0,512,0,0,245,0,0,267,0,0,,0.14561759191565216,78ea566f54daa38cf1690e6ebff19c5e:0:0,5cfa7167cf578d59d2329a488f99326a:0:0,bd5060f5b5c404d23e7e0359464112c6:0:0,80f1689b68ae24e4380dc63e711b368f:0:431297131,d101385c578b8b1545c6910bbfe658a9:0:2056617606,16.0
2727,2,2727,1,legacy,7.939849624060151e-05,0.0,3.7326846875503077,16.351799122656985,0.004762659780681133,0.059765625,-0.006226115953177213,5.2812594549322964e-05,0.000200170194148086,0.010277945548295975,269,43,200,0,0,0,0,0,0,512,0,0,512,0,0,243,0,0,269,0,0,,0.12757266603875905,fc95d3f4b6360abaa6b450fe31aeb85e:0:0,a79c236b85addb6dbef730b312a88dc6:0:0,e76c697d4e091ecdebc5a8eafae6cdd7:0:0,4b63cb98b1aab34007abffa7d2b5428f:0:4235449138,a78c6226fdd5f308361820897df37430:0:1472205635,16.0
2728,2,2728,1,legacy,7.872180451127823e-05,0.0,3.896418134712974,18.038930921920837,0.01236038003116846,0.072265625,-0.0013109704945236445,5.677506633219309e-05,-0.0007044074591249228,0.010733628645539284,252,56,204,0,0,0,0,0,0,512,0,0,512,0,0,260,0,0,252,0,0,,0.148006588104181,6c313a44242ea2be880ed031b5abd45e:0:0,f4498313d233069bfc1e498a9f8cf53f:0:0,aa8551eefad68d57ac9047a7cd15ee20:0:0,7b30626efdaf80c85d147e2e878f4e8f:0:3900913948,30c4dfc2fc934b2ed8ded58a059db428:1:4033773984,16.0
2729,2,2729,1,legacy,7.804511278195489e-05,0.0,3.8600433614892906,18.296731315416537,0.008629458956420422,0.09453125,-0.00996746364980936,6.429956702049821e-05,0.0006719842203892767,0.011391819454729557,249,50,213,0,0,0,0,0,0,512,0,0,512,0,0,263,0,0,249,0,0,,0.11203745706006885,9ed05bfab0052a9610f568a54be8f05e:0:0,2ca01e4cce78ec1bd7c834a56c743f89:0:0,900c1d7b897d6b30c8dc404e5bb5baa1:0:0,f4f1cf3102c5f659b0fa095e8fa95a8f:0:543044476,9bddbbc8cf27b7e7db308a21fc44c54a:1:2764934602,16.0
2730,2,2730,1,legacy,7.736842105263161e-05,0.0,3.748096691136861,17.26022377231118,0.010535160079598427,0.05703125,8.129370398819446e-05,6.762649391021114e-05,-0.00048465444706380367,0.01169186644256115,248,53,211,0,0,0,0,0,0,512,0,0,512,0,0,264,0,0,248,0,0,,0.15188860602211207,93d8a467c1a3eee42f7f36f4f4660c5e:0:0,e994205681e23eea30570f09bb53b9d2:0:0,6dcb4cb231dbcf6217280075fe0d9fcb:0:0,785c0c6246724d62790aa8c3eb03668f:0:3049566132,c19084a84d07810cbbeba6af47b1a240:1:570886838,16.0
2731,2,2731,1,legacy,7.669172932330828e-05,0.0,3.66760516696067,18.811844317133364,0.008729289285838604,0.1162109375,-0.001154139288701117,6.065576253604377e-05,0.00044967318535782397,0.011081648990511894,233,45,234,0,0,0,0,0,0,512,0,0,512,0,0,279,0,0,233,0,0,,0.16934960801154375,226cd52cdf3b015d605d97bcaf23285e:0:0,7272893b633b72a15d522bce4fe350b5:0:0,c44b84bfcd24eca2f364b131d2ca67ed:0:0,bb3067035196430833efa3ea999d728f:0:329719852,cc225ce094fd6439df821da4f676d1c6:1:136875089,16.0
2732,2,2732,1,legacy,7.6015037593985e-05,0.0,3.661176303765311,17.280831521389928,0.00405017239972949,0.0826171875,-0.0017605321016162633,4.734668145829346e-05,-0.000903054082300514,0.009892161004245281,247,39,226,0,0,0,0,0,0,512,0,0,512,0,0,265,0,0,247,0,0,,0.16628521995153278,5c0b3b45bcb69273cadc27987c20445e:0:0,ebd195062387e3172c85f919a236cdc9:0:0,f4844b02ca825432dc222e2f71fbd3e9:0:0,ea39a4e6ed0d6e8c754d825e9b777e8f:0:3708399133,4b779a26c1e8178b53ed8758d488d5da:0:815023654,16.0
2733,2,2733,1,legacy,7.533834586466166e-05,0.0,3.786678724199488,17.825992773549615,0.01458515040576458,0.07890625,-0.010092737199738622,5.86838037634152e-05,0.0004972084425389767,0.01092999055981636,260,56,196,0,0,0,0,0,0,512,0,0,512,0,0,252,0,0,260,0,0,,0.13104453100822866,7960a3f7feab6d435ce0c3245b5d605e:0:0,2a75f63c3def95365767bb2d24f4a914:0:0,96b61cd3fbfe530febae31a76ee4aa57:0:0,97c9ab49198f3af1f1c40babf0918a8f:0:390657411,932e48a34c725040a9422392bcd30b16:1:520754613,16.0
2734,2,2734,1,legacy,7.466165413533835e-05,0.0,3.6836863883869793,18.42701945428189,0.007656959816813469,0.07578125,-0.0061427656095474955,5.9726193649112246e-05,0.0017400886863470078,0.010984022170305252,247,52,213,0,0,0,0,0,0,512,0,0,512,0,0,265,0,0,247,0,0,,0.11568735202308744,35aa54d45c5595bde6eb86fc4cda7c5e:0:0,2867a679b81412952463b231371c38f8:0:0,3efe872251d531faa11fea4a99c8ae09:0:0,7ffbecebb56283e18aee475e98eb968f:0:1527917277,0bbabe10930b58d01a95f7cf616dded7:0:3293303415,16.0
2735,2,2735,1,legacy,7.398496240601504e-05,0.0,3.7679211931411585,15.798545220411597,0.009872988797724247,0.07421875,-0.004857295751571655,5.986051182844676e-05,-0.0006219294737093151,0.01108421478420496,273,42,197,0,0,0,0,0,0,512,0,0,512,0,0,239,0,0,273,0,0,,0.14620007097255439,7d34609d0c4509173816cfbc5097985e:0:0,9f8ccd8f050793a1593a11fbb4f7fbcf:0:0,ee8ed12bf2d99263b16681c0b9211d77:0:0,c539e648026ed5cf5b627d029485a28f:0:3450162037,22d2b532a7e939cb393fdd829350cd33:1:4162579816,16.0
2736,2,2736,1,legacy,7.330827067669174e-05,0.0,3.833687653550159,19.578743275786792,0.011537193320691586,0.095703125,-0.008162446925416589,7.511272142437519e-05,-0.0015693532768636942,0.01228889636695385,240,69,203,0,0,0,0,0,0,512,0,0,512,0,0,272,0,0,240,0,0,,0.16783513594418764,78cfe58fa754a0713a173a006694b45e:0:0,af1d524a563b76d04a55c60283a82452:0:0,4da2a70c877b4ca1c923133cbe2af65d:0:0,4e68f9af7f37515fc2b23423e35fae8f:0:536482203,840a7205b5643711491b059f3c109c79:1:1153062324,16.0
2737,2,2737,1,legacy,7.263157894736843e-05,0.0,3.805169855732144,16.837812835314026,0.0060135601088404655,0.0654296875,-0.0067450168775394555,6.049347684893292e-05,0.001048457226715982,0.011135180480778217,262,46,204,0,0,0,0,0,0,512,0,0,512,0,0,250,0,0,262,0,0,,0.17999733099713922,7cc6103aed8715c80d3ba2648ed1d05e:0:0,4148b305fbd045e150de7f682d7e2e7e:0:0,cbe890dfe71a7542bba194729da06dbc:0:0,b7031481c54b320c716a344e8579ba8f:0:108659092,b409c74178b3e790a0602d1b26d10497:1:1389556503,16.0
2738,2,2738,1,legacy,7.195488721804512e-05,0.0,3.9103971299786986,17.40973093702678,0.008663751184940338,0.0572265625,-0.0013459307607263326,7.506883357564221e-05,0.00046318036038428545,0.012267115525901318,250,51,211,0,0,0,0,0,0,512,0,0,512,0,0,262,0,0,250,0,0,,0.1738697780529037,681128b318662b1e246d2584c94eec5e:0:0,9bdb8d73438fa4274f41e8d5d850a76a:0:0,b10bc75c195a72eccf9f44f11afa5379:0:0,bb65a9e85fb7f8097512850e7ad3c68f:0:3013121424,6b1365d82a0dbcc1bd6b8c323afe21a2:0:1021794549,16.0
2739,2,2739,1,legacy,7.127819548872184e-05,0.0,3.87866020149794,16.962543795807505,0.003910468891263008,0.09453125,-0.0068746974226087335,6.507181260531069e-05,-0.0010972681920975447,0.011682544834911823,266,48,198,0,0,0,0,0,0,512,0,0,512,0,0,246,0,0,266,0,0,,0.178532422054559,c2c476a1a67ff3e8612f1ffd160c085e:0:0,f1c346c91ffd490170824155af567c64:0:0,50962608c4bb947300dcafa76455d13a:0:0,2c1cbed4cc09356a442e6defc36dd28f:0:4239197786,3a9e53d516442b902bef186ecf473456:0:2132297157,16.0
2740,2,2740,1,legacy,7.06015037593985e-05,0.0,3.747723247668185,18.437336032752683,0.005181523971259594,0.0552734375,-0.003157857432961464,5.4614370856143066e-05,-0.0009183033253066242,0.010468577034771442,249,62,201,0,0,0,0,0,0,512,0,0,512,0,0,263,0,0,249,0,0,,0.17552725097630173,9ac66b57cb9e40ba2f9f2e697509245e:0:0,572948e182aadcc5daf5d2c78bfe5832:0:0,844e84e5cc274395caa3b976b8fbe803:0:0,2d19fe481861fe86ca3c767e5f47de8f:0:20767921,5e3dbb1a10713c92ff833b372a5b875a:0:1433899331,16.0
2741,2,2741,1,legacy,6.992481203007522e-05,0.0,3.9100420845806414,16.76339463887757,0.01315054576843977,0.1125,-0.00988135077059269,8.372357751795789e-05,-0.002918575657531619,0.014069784432649612,267,56,189,0,0,0,0,0,0,512,0,0,512,0,0,245,0,0,267,0,0,,0.18197622301522642,ee963fb4f1542d31a2752d65e646405e:0:0,75f81395be34f7381c9faecd84b764aa:0:0,b70e4665af46af0449f2fc10605fd2a6:0:0,cce21436d13bfda073b666464e61ea8f:0:2387481579,ee6e1887d3dbcf14aef266e8c3618de4:1:328191458,16.0
2742,2,2742,1,legacy,6.924812030075189e-05,0.0,3.7701682434740826,16.86887803954278,0.016121933236718178,0.0658203125,-0.0026738143991678954,7.151960198825691e-05,0.0019069742411375046,0.012368549592792988,257,44,211,0,0,0,0,0,0,512,0,0,512,0,0,255,0,0,257,0,0,,0.18228929897304624,99070e5cf37dd0238f03398e69c35c5e:0:0,d52a1bff018bddb101c80153a76a2df7:0:0,f89f0b7cdc4a5ce8504e6845bedcd5b0:0:0,c704e0a7315829c73a1144d390bbf68f:0:3527037169,213d3cf7f52b9f1fd44d03e780ad2fa9:1:3069538367,16.0
2743,2,2743,1,legacy,6.857142857142861e-05,0.0,3.7926479904708152,16.288619702811502,0.016669970005750656,0.06640625,-0.002993159892503172,6.264272778935264e-05,-0.00013076807954348624,0.011302483268082142,257,45,210,0,0,0,0,0,0,512,0,0,512,0,0,255,0,0,257,0,0,,0.11548138898797333,58e66964044e0e07a935af7eff80785e:0:0,6488a8ed964a62365fb6cb8163deb217:0:0,49acebe1b3eac44b0b2ed94262a4b0f1:0:0,7fef73f2c66d20feafbd59b22656028f:0:3228976355,58012d51fdaea779e4513a25fdc2a24d:0:2954154737,16.0
2744,2,2744,1,legacy,6.789473684210527e-05,0.0,3.8431476677873952,16.484998532087047,0.006944527383893728,0.06875,-0.005354420095682144,5.900461037526839e-05,-0.000847079383675009,0.011009718291461468,263,49,200,0,0,0,0,0,0,512,0,0,512,0,0,249,0,0,263,0,0,,0.10827719804365188,eeab7d4063868da49f932bd3a77d945e:0:0,9d2526b8670451c208640c4cba8ece28:0:0,f89d4530b8a3615e8447e5fc6325419f:0:0,e991305ffd1f25a30c262c6e0f300e8f:0:1841761404,60ef3a7ce550d9ec90f188f5f443105a:1:331986672,16.0
2745,2,2745,1,legacy,6.721804511278199e-05,0.0,3.783475467658111,17.011215043481798,0.022420501336455345,0.1376953125,-0.003120526671409607,5.4193301730265374e-05,0.00018942475435324013,0.010522298514842987,265,52,195,0,0,0,0,0,0,512,0,0,512,0,0,247,0,0,265,0,0,,0.10767537099309266,92ce017c5475cefc373c8b2861bab05e:0:0,e4b48effd65b2d44bfec0fa29925b1c8:0:0,f926ba43e77d3d831f9aed00f09405b6:0:0,fba7e49346cdbf0e37b284934b4a1a8f:0:810909696,fd7820ef048f198040d4fd292070fee4:1:2069478284,16.0
2746,2,2746,1,legacy,6.654135338345866e-05,0.0,3.8536119395209627,17.33514773080742,0.014114617370069027,0.071875,-0.005993690108880401,6.587690913875121e-05,0.0009855512762442231,0.011722318828105927,249,47,216,0,0,0,0,0,0,512,0,0,512,0,0,263,0,0,249,0,0,,0.10656368697527796,6b81824cfe57647767ecea192e37cc5e:0:0,fcfb1aeb1539b1a432d1d2d8452319a5:0:0,821d02c256991bf97dea1b2c41d45929:0:0,b31135a2cbc2fd7cd7c469addaa4268f:0:3237025389,8f997aa2744fd77938f3fe1b187e859d:1:763767388,16.0
2747,2,2747,1,legacy,6.586466165413535e-05,0.0,3.653703377717668,18.350746085314995,0.005108211189508438,0.0515625,-0.0026179610285907984,6.12797746725846e-05,-0.0006444664904847741,0.011362643912434578,255,43,214,0,0,0,0,0,0,512,0,0,512,0,0,257,0,0,255,0,0,,0.10795634600799531,5a89f4dd22b24e5277f9a5420cf4e85e:0:0,5cb0ff48711a924b1a70fbeddd911efd:0:0,c8a2fac871c1328d2855aca742040b49:0:0,147a3ee2dc5061335ab92349bd3e328f:0:3799390445,5960d966b4bd66f3656e6e21eb3045fe:0:881603824,16.0
2748,2,2748,1,legacy,6.518796992481204e-05,0.0,3.77447056971252,17.478563606385933,0.005256993696093559,0.06171875,-0.0016954274382442237,6.352372274704976e-05,0.0007609178428538144,0.011359483003616333,257,53,202,0,0,0,0,0,0,512,0,0,512,0,0,255,0,0,257,0,0,,0.10947011003736407,adf20ac4d55178491852593efdf2045e:0:0,bb483e60eddcf495dcd6b688b674ef1f:0:0,5e377dcb971f9e84b21129cdd9e694f5:0:0,6b70e8cc936564e303e938f2f3183e8f:0:525769498,af2f0c86533cbdd4fb3decdfb6a95306:1:188527293,16.0
2749,2,2749,1,legacy,6.451127819548873e-05,0.0,3.9340400402228624,18.204065673489822,0.009030266664922237,0.0712890625,-0.003571762057254091,7.078661183186341e-05,-0.0009887374471873045,0.0119242612272501,240,31,241,0,0,0,0,0,0,512,0,0,512,0,0,272,0,0,240,0,0,,0.11788150400388986,22da57d1a17259828080e2ac012f205e:0:0,2abf72d103522a2066c2b0bb56354be5:0:0,fda185436ba2afbb8032da951adf110c:0:0,e2751fab5d2bab4ef7a872357c324a8f:0:3714948641,118b9b9b5a3c6771f96e746ac02b3e16:0:2123259647,16.0
2750,2,2750,1,legacy,6.383458646616542e-05,0.0,3.816626294484863,18.321409188570215,0.004503828007727861,0.0712890625,-0.0038638841826468704,8.447147156402935e-05,0.00087648507906124,0.013295834884047508,249,63,200,0,0,0,0,0,0,512,0,0,512,0,0,263,0,0,249,0,0,,0.11555124504957348,72a217ecc7c5b6bd8aa95e2516ac3c5e:0:0,97b1dadd9a63d3e2bdae409ac1ac0c4c:0:0,613d9ce71a39979cfb5ec1958b8d77d7:0:0,8e72c6095434d0314745d69d588c568f:0:2174161111,5a5ae71a070d14d89a82405566817346:1:832469763,16.0
2751,2,2751,1,legacy,6.315789473684212e-05,0.0,3.7824398917157183,17.02528066565492,0.008510557934641838,0.082421875,-0.0027402509935200215,8.736322561162524e-05,0.0007837763987481594,0.013341953977942467,247,43,222,0,0,0,0,0,0,512,0,0,512,0,0,265,0,0,247,0,0,,0.11018333199899644,828f399780de86bccf8a28463e69585e:0:0,5582ee360c33f0fd2af37eb858942189:0:0,6e956c9c80c7f845ed32fb269065f020:0:0,1347fe1da7c5dc5ffd0badb68826628f:0:249873722,5ea3e60a213fd77e3b05f9887cd56445:1:3580262091,16.0
2752,2,2752,1,legacy,6.248120300751884e-05,0.0,3.709319629853832,18.421326483797884,0.006171474698930979,0.0708984375,-0.004433996370062232,6.172965877340175e-05,-0.0005727133830077946,0.011136705055832863,248,57,207,0,0,0,0,0,0,512,0,0,512,0,0,264,0,0,248,0,0,,0.11304912203922868,771b441f6faaf8f2c27bddab7866745e:0:0,67ce8732a5d236ab000274ec3405675b:0:0,b745b16f74c140a61639f02f2b3a75c2:0:0,12e630cb7dcc5d32283f7f0d0b006e8f:0:3551368444,4708751ad1178c1e941328d10a7bafcd:0:300542349,16.0
2753,2,2753,1,legacy,6.18045112781955e-05,0.0,3.587860787033252,16.396598130830853,0.009339239448308945,0.0515625,-0.001314024324528873,5.586842726188479e-05,-0.0011333873262628913,0.010777849704027176,277,48,187,0,0,0,0,0,0,512,0,0,512,0,0,235,0,0,277,0,0,,0.12221521802712232,9065bf57af939e6dcd715af0c4a3905e:0:0,e20f2e921eb6325dfda1bca6f353ea0d:0:0,0191c87c251a5400a965a302526be05b:0:0,9877100b03091f24e922122ce11a7a8f:0:2676510102,e3f7287f272ec20a13dfbe7846cfb9ca:0:680920929,16.0
2754,2,2754,1,legacy,6.112781954887222e-05,0.0,3.8181682790881575,17.30922983928167,0.0028206189163029194,0.0470703125,-0.0022941396571695806,5.322577289916808e-05,0.0007390407845377922,0.010506274178624153,265,42,205,0,0,0,0,0,0,512,0,0,512,0,0,247,0,0,265,0,0,,0.11347046389710158,0742ed4d29dcb5046cf7bcb22320ac5e:0:0,76ec70551f1210a9aae6172d740c8662:0:0,d6b46b5ab39da8d8f99144e16a1357fd:0:0,97f9b5e19bfc8bc07cef6ea20a74868f:0:478953578,55c79d604103c99524ec0ee7cbae2c0a:1:1865218953,16.0
2755,2,2755,1,legacy,6.0451127819548885e-05,0.0,3.7215720298949124,16.335778712920046,0.00709558418020606,0.0607421875,-0.0026293823262676596,5.510299724846846e-05,0.0005637533613480628,0.01057024858891964,270,49,193,0,0,0,0,0,0,512,0,0,512,0,0,242,0,0,270,0,0,,0.11082314001396298,542eed171de594c14c365f8b93ddc85e:0:0,73325321ab19e7206cda1aa14e0080da:0:0,5feaab4cf9ac3f32cf988bb949d2c716:0:0,5c46f0596920aabd49dedbf8870e928f:0:1550869547,f42794daa2cc72116024ad2ac2cccac1:0:2686046083,16.0
2756,2,2756,1,legacy,5.9774436090225604e-05,0.0,3.796515370858165,17.55942938900148,0.016325676813721657,0.08203125,-0.006491361325606704,5.8834124320128464e-05,-4.63220349047333e-05,0.01089788693934679,265,59,188,0,0,0,0,0,0,512,0,0,512,0,0,247,0,0,265,0,0,,0.16360905091278255,8d59c08f07e23f8f60eee01916dae45e:0:0,e1c5aee3cc264c56eebeeec01c9a94cb:0:0,71b79028656cf1489c32c5fefd33722d:0:0,4c96c63390fcc668eb22e1bc56e89e8f:0:2333930742,7cc144dba2d16acde136162a8b7080f2:1:1396954239,16.0
2757,2,2757,1,legacy,5.909774436090227e-05,0.0,3.729112884409192,18.616873496171138,0.010664848610758781,0.0716796875,-0.0029440849088132382,5.5370901463902555e-05,0.0004051275609526783,0.0105521809309721,240,52,220,0,0,0,0,0,0,512,0,0,512,0,0,272,0,0,240,0,0,,0.17191338504198939,11482d6551ab1326077d1af6ac18005e:0:0,018c309020705f2acec8d5e608e95777:0:0,eecaaff5ac4ed98ea4c1a36d04692a86:0:0,c2bc475c029eb34b3ce947797a02aa8f:0:2455708,ee2f9f4a9d8d8dd34c17744b0d5330cf:1:1193107506,16.0
2758,2,2758,1,legacy,5.842105263157899e-05,0.0,3.7130979253693024,18.212558629480213,0.015488781034946442,0.0677734375,-0.008833791362121701,7.20688369256095e-05,-0.0020473888143897057,0.012227064929902554,244,55,213,0,0,0,0,0,0,512,0,0,512,0,0,268,0,0,244,0,0,,0.1751840440556407,b2680cb2793e9d351ed72cc053951c5e:0:0,0590936ef2da59d5889cb13526082242:0:0,d538bc791b1df0ef16c547c1a1aa734f:0:0,af97cf70a305bb0b685b14bbf05cb68f:0:2037017377,bb6e7ebf077f06cfd0f9172f9988360c:1:2789374940,16.0
2759,2,2759,1,legacy,5.774436090225565e-05,0.0,3.7640706437591502,17.554056690937614,0.005433277692645788,0.06796875,-0.008146007731556892,5.537292181543307e-05,0.0012596340384334326,0.010544349439442158,269,56,187,0,0,0,0,0,0,512,0,0,512,0,0,243,0,0,269,0,0,,0.17386188893578947,3fb452ce989191d1248d72120d52385e:0:0,014fb33005a5807e3531890329ea2a03:0:0,33ae67c1e18c214394f7723de8dc8a6d:0:0,76fafff9180b2a94ef9c910fb9f6c28f:0:267337948,02675f4260ffdef1c19f0271b622c44b:0:3287833907,16.0
2760,2,2760,1,legacy,5.7067669172932345e-05,0.0,3.7378969853479456,17.147533088018463,0.004754555877298117,0.059765625,-0.003501592529937625,6.482444405264687e-05,0.0007716284599155188,0.011570830829441547,240,40,232,0,0,0,0,0,0,512,0,0,512,0,0,272,0,0,240,0,0,,0.17067462299019098,c95debe37a48e41f50ca8787d94f545e:0:0,e08be55fd0194e56083bc4fab996d7b7:0:0,c771390aed873febd8f6bca5a554c7ff:0:0,b2a4e337a354837cb9cd4400d6d0ce8f:0:1937201220,5f185fa9617923ec554f126ccd1e1da4:0:3464269844,16.0
2761,2,2761,1,legacy,5.639097744360904e-05,0.0,3.7329745591485226,17.02640554003665,0.013466320931911469,0.0625,-0.0009245786350220442,5.732731788157253e-05,-0.004093036521226168,0.01268723700195551,259,47,206,0,0,0,0,0,0,512,0,0,512,0,0,253,0,0,259,0,0,,0.17373547400347888,90a27857a6fa0141b25349bdb78c705e:0:0,171d81ccc563293186c696b1b71110d1:0:0,bdb6a1708cd59fb483762b6b73b8e05c:0:0,6057dfc6bfdb50a61f07f51b46eada8f:0:831138175,e6c9f0973a55c02f04cb31b8efaa1274:1:23107562,16.0
2762,2,2762,1,legacy,5.571428571428573e-05,0.0,3.629520611602123,16.98315261203902,0.003875905182212591,0.0708984375,-0.0012091626413166523,7.598293432238279e-05,-0.0003359573311172426,0.012579414993524551,258,44,210,0,0,0,0,0,0,512,0,0,512,0,0,254,0,0,258,0,0,,0.17462664400227368,61c8fedb168d2d834a86d54fa8098c5e:0:0,8ece0e1ab5a67c2a0c1ba13711839920:0:0,a35d88e2b3048757519875d46d535270:0:0,5496688274969e27f462abeb0a44e68f:0:2479179015,7cca1a5d0ab81ad0dc70e40c3472d179:1:2106955603,16.0
2763,2,2763,1,legacy,5.503759398496242e-05,0.0,3.8537836850691827,17.85939050959655,0.011725175194442272,0.0705078125,-0.0022368443896993995,5.689006720785983e-05,-0.0004862679052166641,0.010699999518692493,249,53,210,0,0,0,0,0,0,512,0,0,512,0,0,263,0,0,249,0,0,,0.1731834829552099,58e6d088715e03c4295e86d9aac6a85e:0:0,8fdb7cda4a4816bcbcb98fd3eac483ea:0:0,f8bcc99236fce1316be1089b7c8f93aa:0:0,958ea3878ed2147197eeaffc20def28f:0:3715131191,37b768b60e9fbe68f6edd0adf5cf9e4d:1:19794645,16.0
2764,2,2764,1,legacy,5.436090225563911e-05,0.0,3.698353019375272,18.231486977131794,0.004513271618634462,0.0744140625,-0.004944287054240703,8.579621826356742e-05,0.000640193815343082,0.013159340247511864,254,55,203,0,0,0,0,0,0,512,0,0,512,0,0,258,0,0,254,0,0,,0.17042563192080706,f7d41e380cb61725896dfaf7bfc3c45e:0:0,0f7e4883dbfc9db7d7835f4e40647793:0:0,7a4f2ed05d0d248a33c0fd632aaad394:0:0,73689e5e36beb6affcb888da8ab8fe8f:0:3227812360,e82deeff28735096dc3a732e60319fdc:0:99054674,16.0
2765,2,2765,1,legacy,5.3684210526315805e-05,0.0,3.870947961954253,17.940369006799983,0.012847622856497765,0.068359375,-0.006883800216019154,7.062747208692599e-05,0.0004060539067722857,0.011938863433897495,260,50,202,0,0,0,0,0,0,512,0,0,512,0,0,252,0,0,260,0,0,,0.1793210640316829,2fd81ccc0e3db6f5ebe30e45e700e05e:0:0,97cb31581744bb9d655eaa4be789abab:0:0,dfbc912acdae3d3311bdfdc757d372d8:0:0,bfc60cb090c94472b6c7fe1247d30a8f:0:3846549044,170a1c001e3f2cc51f297313c4ca3783:1:809573240,16.0
2766,2,2766,1,legacy,5.30075187969925e-05,0.0,3.724078594353263,16.978388600773542,0.006511080078780651,0.0365234375,-0.0004250084049999714,5.5490921113232616e-05,-0.00011017512588296086,0.010593809187412262,266,44,202,0,0,0,0,0,0,512,0,0,512,0,0,246,0,0,266,0,0,,0.1819668139796704,c65010e761fed4dd3485dd60207dfc5e:0:0,ecebf9c3f9b3025c5758e70266e1b5cb:0:0,5c417b0dee6f911712c27d31009532d2:0:0,610e02395e423e910720172f582d168f:0:1864900198,89c5ef6b4a7997c9faf52cb36f9c8108:1:158942640,16.0
2767,2,2767,1,legacy,5.233082706766919e-05,0.0,3.7215915526745933,17.408204511139047,0.004198706708848476,0.04296875,-0.0024645827943459153,5.344016717572231e-05,7.835864380467683e-05,0.010482761077582836,249,55,208,0,0,0,0,0,0,512,0,0,512,0,0,263,0,0,249,0,0,,0.1760577029781416,7b2b312b6e960d48c5b8c4e26c3b185e:0:0,1b363cd660e91e5e68828d81168413ca:0:0,6f3fbeb3b04d6470c2c7637393c83d2f:0:0,9a5a97e1cfe38f4ee7bf1bbdbbc7228f:0:1909494455,f768455ec7d764cc885681e22a24e586:1:4193658343,16.0
2768,2,2768,1,legacy,5.165413533834588e-05,0.0,3.9340889942813675,16.43987814176171,0.0032924250699579716,0.049609375,-0.008259755559265614,6.201984488143352e-05,-0.000312722782837227,0.011250121518969536,259,42,211,0,0,0,0,0,0,512,0,0,512,0,0,253,0,0,259,0,0,,0.17689153202809393,c4c700c2b32dd2179c786168ca38345e:0:0,8505de37265d2e978c6dcbfdb1a70c97:0:0,0b6f3d0ce452df48d84f96b055252c07:0:0,b1c9f750fcbfd5c2179e934972a12e8f:0:1100538351,e78c6f835d2003093fae9127988e1318:0:293556834,16.0
2769,2,2769,1,legacy,5.097744360902257e-05,0.0,3.8940721664863,17.156773154727034,0.017447564750909805,0.0767578125,-0.0028701033210381866,5.088205107313115e-05,-0.00043654179899021983,0.01008299458771944,259,40,213,0,0,0,0,0,0,512,0,0,512,0,0,253,0,0,259,0,0,,0.17829394806176424,00c492a8badfb7866c5b8f8f3a75505e:0:0,24763eaafe375af36e3ef48d755db1c6:0:0,0d141276a5fc23b5c971ef27c0ea5441:0:0,17cfdf7ab027547726b3455e7cbb3a8f:0:3247170769,eb79fa9a4939151a4ad820df6014d56b:1:1752600906,16.0
2770,2,2770,1,legacy,5.0300751879699265e-05,0.0,3.8544241876327465,16.7128169190903,0.007071438245475292,0.0564453125,-0.003480277373455465,4.8593494830129204e-05,-0.0010087491245940328,0.009917156770825386,265,45,202,0,0,0,0,0,0,512,0,0,512,0,0,247,0,0,265,0,0,,0.17621932295151055,d71710ca1117e35bbb936bf1bcf26c5e:0:0,f944dfa63800bd1cda29394f0b84710a:0:0,49409bfc27af0bf0b8c937fdc03fcd51:0:0,c6305806810e835681ed3988da15468f:0:2965843341,2073172ba1e4fd1e4954ce87f13be9f3:0:3983091673,16.0
2771,2,2771,1,legacy,4.962406015037596e-05,0.0,3.658843138108924,18.270956905786306,0.0072797685861587524,0.03515625,-0.003389822202734649,5.666505021508783e-05,-0.00011974004155490547,0.010682581923902035,247,49,216,0,0,0,0,0,0,512,0,0,512,0,0,265,0,0,247,0,0,,0.17732575407717377,6e0ee8c122969e53feeb532c51af885e:0:0,d796fe7fc967781991fc192047964a48:0:0,31344078b2efad9174b7aa67d0352305:0:0,2fc7f8b3658244c97f37b7548aaf528f:0:3368689161,6fa55d30cb1af5b47cf416192d601796:0:3478930498,16.0
2772,2,2772,1,legacy,4.894736842105265e-05,0.0,3.852194246999339,18.910872381775334,0.006033466197550297,0.0736328125,-0.005408985773101449,6.654020999121712e-05,0.00034784915624186397,0.011627225205302238,247,57,208,0,0,0,0,0,0,512,0,0,512,0,0,265,0,0,247,0,0,,0.17763859999831766,25c3229f36ac07cdb5c8e1daf8aca45e:0:0,7a5ac2eb59982bc4392c3ef1b567d306:0:0,382b349ce1f1f00ad6295beee74a156a:0:0,be71e52734b5be1f6979464d8e895e8f:0:1188394105,d9d35cb768370e30df368cbc563e5741:1:2537565432,16.0
2773,2,2773,1,legacy,4.827067669172934e-05,0.0,3.7259232076203266,15.994774317078964,0.0021583125926554203,0.0505859375,-0.001969317253679037,5.708642966055777e-05,-0.00011805747635662556,0.010727333836257458,263,41,208,0,0,0,0,0,0,512,0,0,512,0,0,249,0,0,263,0,0,,0.1353388479910791,1133a4daec49ebb5862bf499b1e9c05e:0:0,0ab2608e23574b18798407a1dc449d63:0:0,99ce0276ff59182c311f3e0655511748:0:0,757764e4ca35d3328c93adffe5a36a8f:0:2092289519,8adcac22e01f1f0c1009b948144ba0b1:1:3172282351,16.0
2774,2,2774,1,legacy,4.759398496240603e-05,0.0,3.7178488082335126,19.468411428124455,0.008340825326740742,0.05234375,-0.0012170014437288047,6.2549306130677e-05,0.0007554026669822633,0.011299997568130493,241,63,208,0,0,0,0,0,0,512,0,0,512,0,0,271,0,0,241,0,0,,0.11476315604522824,7e138327e687bab258aea8047d66dc5e:0:0,8f950c8d57387bea83d5394a13106ff6:0:0,4abd02570477b22e8c60241ffa91f1d6:0:0,d040d26ebcce454d4163f5f78ffd768f:0:846828339,5e1ff4d2c462a602adadad9c46991281:0:4150855655,16.0
2775,2,2775,1,legacy,4.6917293233082725e-05,0.0,3.7850372249327533,17.796898219228297,0.011135466396808624,0.09140625,-0.004686038848012686,5.838427950948244e-05,0.00016956921899691224,0.010960649698972702,268,48,196,0,0,0,0,0,0,512,0,0,512,0,0,244,0,0,268,0,0,,0.12677890108898282,c399eca59434a491748558b75b23f85e:0:0,16835da93a3ed16fb8becfb259310ce9:0:0,9bd4f717828d7880dd9aeae3ec086823:0:0,51bb7be7dbac754ef9c265c08d97828f:0:3212581511,00ebe42c70d51fd0f6ec3a867528f636:1:4127710890,16.0
2776,2,2776,1,legacy,4.624060150375942e-05,0.0,3.62508128735246,18.235762894906316,0.011259951628744602,0.0697265625,-0.007004373800009489,6.749188323738054e-05,0.0011406141566112638,0.011814725585281849,255,56,201,0,0,0,0,0,0,512,0,0,512,0,0,257,0,0,255,0,0,,0.1383197270333767,7742e07d3e13d4f29b7ea34e4b21145e:0:0,afb9a621666c9a7c652b5342283088c1:0:0,bf5c4fa85850f038bc53e01084ccd73c:0:0,6453facde44bc9114c8284e6de718e8f:0:488886036,8153f1df087448110c898b0624722471:1:738618464,16.0
2777,2,2777,1,legacy,4.556390977443611e-05,0.0,3.8351799816181678,19.278936571424765,0.00982819963246584,0.0703125,-0.004150853771716356,6.267558328545419e-05,0.0002618596190586686,0.01129494234919548,236,54,222,0,0,0,0,0,0,512,0,0,512,0,0,276,0,0,236,0,0,,0.11623183800838888,3e4e7eb1c75ed234260364654d5e305e:0:0,16fc645a080801b47d7d8b8bbd466e6c:0:0,a2ef321a7d461dd931acd367eb33f116:0:0,17c07fb623b7b40d01731af6828b9a8f:0:280337194,30d1a6e7cda5465a0526720663c825b1:1:1051942781,16.0
2778,2,2778,1,legacy,4.48872180451128e-05,0.0,3.702976782989512,19.761406888005695,0.0034893788397312164,0.0697265625,-0.0005852628964930773,6.270713674894068e-05,-0.0002808176213875413,0.011260144412517548,237,56,219,0,0,0,0,0,0,512,0,0,512,0,0,275,0,0,237,0,0,,0.1296906820498407,ee4e958dcc29fe9f1f16b89861db4c5e:0:0,669ecfb8b2ad7a852ba29de6cb0d60ca:0:0,337d12748d05eedf1e2cdb252fa3ce2f:0:0,ec62923ef5af633f1d5e2f7b79e5a68f:0:664250545,fa6e027d14d7bb2e9c03dc80880d4205:0:2578938870,16.0
2779,2,2779,1,legacy,4.421052631578949e-05,0.0,3.6825473253527106,19.783479939337667,0.007328416686505079,0.0650390625,-0.004366163676604628,6.392807499651098e-05,0.00015395766240544617,0.011315151117742062,244,69,199,0,0,0,0,0,0,512,0,0,512,0,0,268,0,0,244,0,0,,0.143060319009237,c06df2c709473bd36055fc838898685e:0:0,c2447d09e627d4ecbec9b23429da5af3:0:0,5106603ad77cad0591c1eb49c8342f83:0:0,2703d4b454370c4dee090a01c47fb28f:0:1633977711,d1ac64f1a3fd0cef0de32480f75c0df9:1:4094104906,16.0
2780,2,2780,1,legacy,4.3533834586466185e-05,0.0,3.76285758563371,18.965685487330575,0.008315679617226124,0.102734375,-0.012795870238915086,6.0085782570240555e-05,0.0005269418470561504,0.0110066132619977,241,59,212,0,0,0,0,0,0,512,0,0,512,0,0,271,0,0,241,0,0,,0.1203941460698843,349402183942b073adf8ccc2c195845e:0:0,3835c708c6fed8b4db1b160063ac9aba:0:0,527bb6bf6b32ffb205921d8f6f2daedb:0:0,0e5d7630ea22dfee163432156259be8f:0:588064900,8b827c376384d0ed63260e17fe3e23f0:1:661568711,16.0
2781,2,2781,1,legacy,4.285714285714288e-05,0.0,3.708488477235341,18.05997511711439,0.005116639658808708,0.0775390625,-0.005559110618196428,5.869094475201564e-05,-0.003036085283383727,0.011250382289290428,264,51,197,0,0,0,0,0,0,512,0,0,512,0,0,248,0,0,264,0,0,,0.12058593600522727,155961bcd215b011d2d105f20cd2a05e:0:0,42c6ed8f8d45072a0ca98bd91af73366:0:0,b090ffc60262832cfccc3af664218f6c:0:0,e97625505b279f87999b6f425373ca8f:0:995263618,b4408b43dcc68635e9efdca94c590edd:0:3209987324,16.0
2782,2,2782,1,legacy,4.218045112781957e-05,0.0,3.7440005040411863,18.36813182359549,0.00402608048170805,0.039453125,-0.0015385791659355164,6.168153558974154e-05,-0.0007690194761380553,0.011283551342785358,246,49,217,0,0,0,0,0,0,512,0,0,512,0,0,266,0,0,246,0,0,,0.12288961699232459,0e2f4fe44f2bc55abc4ac4ad6a4fbc5e:0:0,2fa99a41584d34a5a22b0d9b76296f18:0:0,1e34da5d05993794f8d1a07c5d37f8b2:0:0,8dae88d2b3fcd61ae8f5c91497cdd68f:0:3297124370,df72bc756ca4fa5ed21af9bce93cc821:1:3498808075,16.0
2783,2,2783,1,legacy,4.150375939849626e-05,0.0,3.7314551668414233,19.08868043684606,0.003395842155441642,0.0244140625,-0.0016102504217997194,7.605445389344823e-05,0.00029521621763706207,0.012539145536720753,254,70,188,0,0,0,0,0,0,512,0,0,512,0,0,258,0,0,254,0,0,,0.12201179296243936,a4642adcf355de82966c6590da0cd85e:0:0,3f1862da8e4e282b88af25e70c0d0fa9:0:0,c944a3a42897cad9bebcb3e20d42fc71:0:0,b89082dc351cb465edf587182f67e28f:0:386951661,9cff47b142c7f300003348fbe3547be4:0:2504206097,16.0
2784,2,2784,1,legacy,4.082706766917295e-05,0.0,3.769646301786299,17.777187979532982,0.003012003842741251,0.040234375,-0.0023693553637713196,6.059375264158007e-05,-3.083991032326594e-05,0.01120925322175026,273,50,189,0,0,0,0,0,0,512,0,0,512,0,0,239,0,0,273,0,0,,0.15346204198431224,5412b0602e479bf0e7d685385c09f45e:0:0,09373ba0a3b2a006ef9849946f780320:0:0,7292dd8cdad9be3842f29686cdc6add0:0:0,4761cec7eaad9049174830d91a41ee8f:0:1063462932,e5f227a47780c5032072c4aa42cddcad:0:3228665626,16.0
2785,2,2785,1,legacy,4.0150375939849645e-05,0.0,3.7562846169459942,17.78677423891395,0.009914882481098175,0.062109375,-0.0029459012672305106,6.743270223523723e-05,-0.0010328317293897271,0.01177412923425436,259,47,206,0,0,0,0,0,0,512,0,0,512,0,0,253,0,0,259,0,0,,0.11153766408096999,45c83715113ac12cadc4003ff047105e:0:0,6ebb346f9a066a08bc47c8ce68e8dec2:0:0,2211f8ff5bdc264da63cdd6ddbe24c0a:0:0,9056e0cec421076c64968de3585bfa8f:0:3653742558,0acdb11f4902fb85049aa9bbe91a1ec1:1:60147241,16.0
2786,2,2786,1,legacy,3.9473684210526337e-05,0.0,3.844520920087678,19.33346748594431,0.007095717824995518,0.0654296875,-0.0041921341791749,5.890324737265473e-05,0.00017108168685808778,0.010909452103078365,240,54,218,0,0,0,0,0,0,512,0,0,512,0,0,272,0,0,240,0,0,,0.11576824495568871,bb07c8077e54c8087809f34396c42c5e:0:0,0cd7ab0160d45c070407ca76b36426fc:0:0,f3058a58355c852080214d9dd141d6da:0:0,a24f52101e14c5247284a5c2e9b6068f:0:3539444419,38e16f795888d2bc59cf9fefc0024e7a:1:1931052219,16.0
2787,2,2787,1,legacy,3.879699248120303e-05,0.0,3.619097556677546,16.785722338340747,0.008897455409169197,0.0484375,-0.0031897260108962656,5.543957686313661e-05,0.0015416978858411312,0.010930498130619526,262,47,203,0,0,0,0,0,0,512,0,0,512,0,0,250,0,0,262,0,0,,0.12450279400218278,2104c47cfe6a960e8517badf4f81485e:0:0,dfb323ae9d6aca7128e4375c2ef6ffda:0:0,d60ae480a4451cb97da7235e14620238:0:0,f38192d3f100eb9786b1c003ce50128f:0:1392848131,08e4e59ce2a90beed618b0398e09338c:0:3082753385,16.0
2788,2,2788,1,legacy,3.812030075187972e-05,0.0,3.838258385752355,17.283985634105647,0.002695484086871147,0.0625,-0.003492492064833641,5.352822845452465e-05,-0.0003423753078095615,0.010475571267306805,254,46,212,0,0,0,0,0,0,512,0,0,512,0,0,258,0,0,254,0,0,,0.1244322860147804,e43fa73a68be542cddf6f3af1a7e645e:0:0,bab2ef3ade0cafaf6ca757c058d0cede:0:0,bd3a73154e8cf9083fddd1c91bef6c37:0:0,00a8182a174020229bb86432062a1e8f:0:2601548824,71539585ed84c17cf5c585306b98e8d9:1:1640143448,16.0
2789,2,2789,1,legacy,3.744360902255641e-05,0.0,3.734971604520741,17.10132218177023,0.00658858846873045,0.086328125,-0.007243440859019757,6.0812377341790125e-05,-0.0008121788268908858,0.011074984446167946,267,47,198,0,0,0,0,0,0,512,0,0,512,0,0,245,0,0,267,0,0,,0.1231879610568285,d75a6ef7c85368a1724b7a4ef7bb805e:0:0,6acd221c9eba0104f8ca2700525d3a87:0:0,7239abe79c1e565758ac85c9ce4a180f:0:0,805ec1555cfd3afe6d2e59d991442a8f:0:3451457649,be9f3d791bc2090a5497823b5587cb0a:0:2122620043,16.0
2790,2,2790,1,legacy,3.6766917293233105e-05,0.0,3.8317122110147865,18.411254277913258,0.0027474244125187397,0.053125,-0.0026996447471901775,5.606529339274857e-05,-0.0007470099371857941,0.010582823306322098,253,56,203,0,0,0,0,0,0,512,0,0,512,0,0,259,0,0,253,0,0,,0.11853221105411649,75c05a6a2a74932634536b5ae7389c5e:0:0,0a559d5a6f7b9a233f353edd2c207503:0:0,0f2ad15481b9d7be4d58d42617c2c309:0:0,0cabc4bc4c929a2483a4a8866f9e368f:0:1910631815,008b6dc994dd87c83c8762352757ade2:0:1007423484,16.0
2791,2,2791,1,legacy,3.6090225563909797e-05,0.0,3.816224003714036,18.804824260371333,0.006078745704144239,0.025390625,-0.004188796505331993,7.003761056694202e-05,0.0004407554224599153,0.0119490846991539,250,53,209,0,0,0,0,0,0,512,0,0,512,0,0,262,0,0,250,0,0,,0.112249308032915,b1ddd4f542082b5d34e7236ee8f5b85e:0:0,b38f74bdeed1e320e4f9973fd3c11932:0:0,f6d37d8a1835981dbaa19cbf68133883:0:0,726c1364e9e7177440a797c4a138428f:0:2381668275,00e288b1b70c3a2393c1c8796dae24be:1:2468561096,16.0
2792,2,2792,1,legacy,3.541353383458649e-05,0.0,3.7755611496294397,16.810425830294662,0.0018334798514842987,0.014453125,-0.002538848714902997,4.840328165300889e-05,0.00014421175001189113,0.009920475073158741,268,48,196,0,0,0,0,0,0,512,0,0,512,0,0,244,0,0,268,0,0,,0.11978261196054518,88e1c5c10b4e817cbf793f26fcf2d45e:0:0,d35da13168a4270f73e0f2bfc2a8f3d1:0:0,531bdb8887d55628f947189ea05c20e5:0:0,26c7cd4bcf54a217eabeaf2026124e8f:0:1281768625,e562af3659be717de59b1515aa4fb7ee:0:2094862841,16.0
2793,2,2793,1,legacy,3.473684210526318e-05,0.0,3.672988308491173,17.9198705788167,0.006366036366671324,0.07109375,-0.0050893699750304226,4.938197726005456e-05,6.447673513321206e-05,0.010024966672062874,255,53,204,0,0,0,0,0,0,512,0,0,512,0,0,257,0,0,255,0,0,,0.1170939770527184,7598e199dba6613b76169b1f232ff05e:0:0,d8321086d26ba9c88f8599ac02ea816f:0:0,0ae1c546c62acfe0a3e3f738d06480f5:0:0,a93018325ea47b29b96cb624fe2c5a8f:0:2242388488,2d623fd2c3b13ff91008c1aaab4239b1:0:3372723551,16.0
2794,2,2794,1,legacy,3.406015037593987e-05,0.0,3.8022788953559137,17.902127069226026,0.00325426971539855,0.044140625,-0.0019040771760046483,5.327690996637102e-05,-0.0006302227848209441,0.010525252670049667,262,66,184,0,0,0,0,0,0,512,0,0,512,0,0,250,0,0,262,0,0,,0.12407504091970623,43262aab88f3b6fc6d6653f35bad0c5e:0:0,aae7aec7980772d3b5a01cfb46bda763:0:0,884f1b7dd076036dea2c7c78b4da4571:0:0,c7f46dcaf8ad1598e12fb45f2986668f:0:3972720789,bfe47192a45245220bf45a5ed0e87292:0:1469639028,16.0
2795,2,2795,1,legacy,3.3383458646616565e-05,0.0,3.677117382677839,18.016563100047733,0.007381750270724297,0.0716796875,-0.0014142418280243874,4.794713131559547e-05,-0.00023508697631768882,0.009931539185345173,241,49,222,0,0,0,0,0,0,512,0,0,512,0,0,271,0,0,241,0,0,,0.13059178995899856,e1696fd29444573b48a9c63fa66a285e:0:0,fa2faf75e6efa00bae4d4682730b81f6:0:0,a40c0d3fef784666ac9053e3814d9a1f:0:0,c97a45756e1d994e9f80f15aa820728f:0:2903241103,66bbdd5638867311051055254a3936fc:0:1604515505,16.0
2796,2,2796,1,legacy,3.2706766917293257e-05,0.0,3.76461563720481,17.013007845002903,0.002848248928785324,0.026171875,-0.002350018359720707,4.8485787556273865e-05,0.0010403133928775787,0.010013040155172348,269,50,193,0,0,0,0,0,0,512,0,0,512,0,0,243,0,0,269,0,0,,0.11432909301947802,ea0d5fe8834ee83855bc8ea00367445e:0:0,75a315e891f67564a2fedef64ff1048b:0:0,94be512895c131cf2c984821a540d948:0:0,57ced9091c03099346d4f4a379fa7e8f:0:3417890952,74ff74611ce3be03a5867e4b9c3f652b:0:115792198,16.0
2797,2,2797,1,legacy,3.203007518796995e-05,0.0,3.7060214958315076,17.079370778776592,0.005103135947138071,0.04921875,-0.006343376403674483,7.300252091226866e-05,-0.0008816036861389875,0.012213767506182194,276,50,186,0,0,0,0,0,0,512,0,0,512,0,0,236,0,0,276,0,0,,0.11505854607094079,b0baa41ad467ede4a91489b072a4605e:0:0,4af22629ccebffa663adc7efb1beef2d:0:0,4b6b6bb0e5337ab2b1b0d6c4de8b71c2:0:0,aae7ab7566930eb34a9b85c59f148a8f:0:2889769441,b1ac7a08345e0b200e20a2f8f6d3106b:1:2399938769,16.0
2798,2,2798,1,legacy,3.135338345864664e-05,0.0,3.7531341687782427,18.485403748428553,0.0027385384310036898,0.0486328125,-0.005415492644533515,5.223543503234396e-05,0.00017907754227053374,0.010307232849299908,256,58,198,0,0,0,0,0,0,512,0,0,512,0,0,256,0,0,256,0,0,,0.11242920707445592,350c6f063888f80e39c1d40cf4217c5e:0:0,081c5ab33d1be2468df32ca3b3a26a09:0:0,385c57c86bc8e7f7699ff3b41db2f776:0:0,c2b36b4c84c862e44b3fac4d176e968f:0:3338769318,053237d07ab9aa2fa5e42cce53b264af:1:1349193103,16.0
2799,2,2799,1,legacy,3.067669172932333e-05,0.0,3.7211783736952357,18.413633184829337,0.006680007558315992,0.06015625,-0.00449354990851134,5.334070410754066e-05,2.6398671252536587e-05,0.010366878472268581,243,56,213,0,0,0,0,0,0,512,0,0,512,0,0,269,0,0,243,0,0,,0.11574617598671466,4bdd04f9ff05f2cbfd6eca5187de985e:0:0,fca8b818fffce2a7f4d25bf7b2d08ea5:0:0,9540ce1b6ddc5bc4dfe812faee333734:0:0,8059ca97cf5ce26a2227afc5e308a28f:0:743719141,812cb419f9f2565ec763024716823117:0:4017121097,16.0
2800,2,2800,1,legacy,3.0000000000000024e-05,0.0,3.96789516072955,18.062997748526755,0.004925099667161703,0.021484375,-0.0022105832351371644,5.695766576536698e-05,-6.053593824617565e-05,0.010698901489377022,245,59,208,0,0,0,0,0,0,512,0,0,512,0,0,267,0,0,245,0,0,,0.11175016802735627,0995f471de8c992a0460091a2ddbb45e:0:0,8f8bc8043a6ab4d72582dedc8b23faca:0:0,138d067ec9333465a48be88033a392e6:0:0,08f5f0a005ad3efbedb517bc01e2ae8f:0:961558983,9cfa73371da7b5c46dd7625667337bc6:1:3270846876,16.0
2801,1,1,1,legacy,0.0003,0.0,1.9245314570534533,69.39771618926898,0.0628790408372879,0.3658203125,-0.048790612583979966,0.31167564722709357,1.5917164087295532,0.07634729146957397,0,0,0,512,0,0,512,0,0,,,,,,,,,,,,,,0.17527985095512122,0995f471de8c992a0460091a2ddbb45e:0:0,30384e9b7abf425e7c2b917f104e6cf3:0:0,6736eab381fe389db6b08b65754e043d:0:0,9341b7b1ecc9adf2eee3c387869b318f:0:1722100167,9b5d548662bc945263d214285926c6b4:0:3102632267,1.0
2802,1,2,1,legacy,0.00029954924874791314,0.0,1.9361823837131942,68.09615206439048,0.0020495448261499405,0.294140625,-0.05267727212049067,0.007837459188885986,-0.052901025861501694,0.07600956410169601,0,0,0,512,0,0,512,0,0,,,,,,,,,,,,,,0.17611465707886964,0995f471de8c992a0460091a2ddbb45e:0:0,ce058e77c885e965e16e575f81c63021:0:0,496959f48a5960ade7c5caee415f8c5d:0:0,6ef0c779de18ef499b88ff41d087b48f:0:3555424478,3e0da95e3c33094dc94d0a157eacae66:1:1314385537,1.0
2803,1,3,1,legacy,0.00029909849749582636,0.0,1.9368701817988563,68.19543063174933,0.0013088277773931623,0.2810546875,-0.039656329434365034,0.0035477744648233058,0.056744299829006195,0.07844214886426926,0,0,0,512,0,0,512,0,0,,,,,,,,,,,,,,0.16452963405754417,0995f471de8c992a0460091a2ddbb45e:0:0,05a8e0ef7a9631001363a31ba6d4543f:0:0,20b0413f2fccdaf494b64fcaeceb2851:0:0,11d59d2357542d5913af6d690fa8378f:0:1613213444,b48247863df1089dcae981c018056bc4:1:842084259,1.0
2804,1,4,1,legacy,0.0002986477462437395,0.0,1.936071326349114,67.99780717119575,0.021827545017004013,0.30078125,-0.03936876191291958,0.0025221406598575414,-0.017706584185361862,0.07019476592540741,0,0,0,512,0,0,512,0,0,,,,,,,,,,,,,,0.11320386501029134,0995f471de8c992a0460091a2ddbb45e:0:0,f3e5d26d021861e5f6829bf48765800e:0:0,5a04539b01622f9cb177556c7ffe31b7:0:0,06f4419f3b1256691d44abbb73fcba8f:0:232289554,c9c0f67265d5ad18abfe5d4fd5078cf5:1:2865720372,1.0
2805,1,5,1,legacy,0.00029819699499165274,0.0,1.9442902510604556,67.56157263880596,0.02554147318005562,0.308984375,-0.04094115314073861,0.003148355893790722,0.015470951795578003,0.07898072898387909,0,0,0,512,0,0,512,0,0,,,,,,,,,,,,,,0.12856944394297898,0995f471de8c992a0460091a2ddbb45e:0:0,c49047f66d420818cfad1cece4cc40ae:0:0,fbc52a1334a615692e5331f1d5f2f9b4:0:0,918a3ebea3b016e4875c53372d853d8f:0:2565034678,79a9222164a018959278f6a4c99897d5:1:3034725635,1.0
2806,1,6,1,legacy,0.0002977462437395659,0.0,1.9532450296703445,66.71222223667428,0.03863440081477165,0.390234375,-0.06178525411523879,0.002720060001593083,0.004287348594516516,0.07370301336050034,0,0,0,512,0,0,512,0,0,,,,,,,,,,,,,,0.11669426201842725,0995f471de8c992a0460091a2ddbb45e:0:0,7ad2f2bdd0884fe500536eddb2766ea6:0:0,b2a739c60872c523877f466eb05e15ce:0:0,6af06b780432faf7c172f81a6c41c08f:0:483302954,933da3ea43aae9a6d27ca8cc1cf19bd0:1:1710602023,1.0
2807,1,7,1,legacy,0.0002972954924874791,0.0,1.953567097681622,66.20036775711924,0.004111156798899174,0.2654296875,-0.03488698322325945,0.0026206604787148537,-0.001260926597751677,0.07237812876701355,0,0,0,512,0,0,512,0,0,,,,,,,,,,,,,,0.11798997304867953,0995f471de8c992a0460091a2ddbb45e:0:0,d3a28d1cbd9f421bcfa42526381fb7ea:0:0,1768897a5609bad19d4649b738ab2c3b:0:0,7cac154496b661c9a6b129e36032438f:0:3976742029,2100fe03353342add2d28d80894c71ac:1:32756339,1.0
2808,1,8,1,legacy,0.0002968447412353923,0.0,1.9624828784837283,65.80868340097368,0.02020879276096821,0.361328125,-0.05088946111500263,0.002942197909578681,0.007452794350683689,0.07661810517311096,0,0,0,512,0,0,512,0,0,,,,,,,,,,,,,,0.12547582504339516,0995f471de8c992a0460091a2ddbb45e:0:0,a07fab314df4ffe660428b8fff1e7f62:0:0,103716210577179352c5a6d1fb0b8693:0:0,0d495b9d5f3c2c7e7d2e73503956c68f:0:772597017,ca47bbdcc156642ac5e89f620ac66a82:1:3375346404,1.0
2809,1,9,1,legacy,0.0002963939899833055,0.0,1.9689643970938686,65.19358359510079,0.03386683762073517,0.3275390625,-0.0452645231038332,0.0027208912768401207,0.005177438259124756,0.0737205445766449,0,0,0,512,0,0,512,0,0,,,,,,,,,,,,,,0.11706087703350931,0995f471de8c992a0460091a2ddbb45e:0:0,b07b01a867810acbca4eae22cd650447:0:0,1ca1f5b70e95a30bafd0a0bbe9000c76:0:0,5084def65406533529345a5f27af498f:0:2443945883,6870766d6dbe11ef1b3c10aa8f12e243:1:2872896284,1.0
2810,1,10,1,legacy,0.00029594323873121867,0.0,1.984153925668862,64.50333570828661,0.03649046644568443,0.3431640625,-0.037311826320365074,0.0025007584248669446,0.01331096887588501,0.07042430341243744,0,0,0,512,0,0,512,0,0,,,,,,,,,,,,,,0.11398287792690098,0995f471de8c992a0460091a2ddbb45e:0:0,7ea1a49cf5ec66679f283d448ba3c699:0:0,1b3f60a3a8ff5c2b87f80e1be7f25843:0:0,620e7d5f89e9ca2e9481604e5b3bcc8f:0:3523650038,7850ecd6571219415c7ab6337c0f949a:0:2893428588,1.0
2811,1,11,1,legacy,0.0002954924874791319,0.0,1.980707172610622,64.1691131866537,0.03869495168328285,0.3400390625,-0.042712856200523674,0.002692420652601868,-0.008310075849294662,0.07322327047586441,0,0,0,512,0,0,512,0,0,,,,,,,,,,,,,,0.1325460629304871,0995f471de8c992a0460091a2ddbb45e:0:0,af8b7484f564fadd8e378721fcdcf2ef:0:0,6b71d68d2d828b90c2122efd89f246dc:0:0,8bcf3b639356614f498c019c03fc4f8f:0:3827993520,ee6c222506b09255e481f8d16a7cb479:0:1572560525,1.0
2812,1,12,1,legacy,0.00029504173622704505,0.0,1.9960288152713295,63.202540564816445,0.014378887601196766,0.3076171875,-0.045745873590931296,0.0026689844322390853,0.019517693668603897,0.0725022479891777,0,0,0,512,0,0,512,0,0,,,,,,,,,,,,,,0.1506019509397447,0995f471de8c992a0460091a2ddbb45e:0:0,9cdcae99bfd2cfd757cf8f08f64b9f08:0:0,b396d3a54482d48d17f06cc61f0f448a:0:0,84355703941a882b42c5b60651f0d28f:0:3807718738,a78c48e718b84a286c5571b59590fa98:0:2839975000,1.0
2813,1,13,1,legacy,0.0002945909849749582,0.0,1.9966208561752425,62.85754661075771,0.02997150644659996,0.3337890625,-0.03894932947587222,0.0027235782006755473,-0.005188740789890289,0.07373682409524918,0,0,0,512,0,0,512,0,0,,,,,,,,,,,,,,0.14775492798071355,0995f471de8c992a0460091a2ddbb45e:0:0,d45fa72058e5a8d26cbb24daa5c26976:0:0,962ff5e1d74cb6189446bf955702af5a:0:0,e20cbc08e23520cbedddf08b7519558f:0:3511452567,a5f20da48e40ef189dd9d24320564d6c:1:4090956625,1.0
2814,1,14,1,legacy,0.00029414023372287143,0.0,2.009091476771255,62.05448828404769,0.0039636376313865185,0.268359375,-0.040771012427285314,0.0024062001495622097,0.014739970676600933,0.06893131136894226,0,0,0,512,0,0,512,0,0,,,,,,,,,,,,,,0.15534873702563345,0995f471de8c992a0460091a2ddbb45e:0:0,a14ede5e6f9b01992ec7409191e9c9e2:0:0,4e08954bb23c4c3ae711b28f5bf419db:0:0,6cdfb37d6552cb6063051f699d75d88f:0:81952225,97dbbde116441253acd4dfdde05a1a09:0:3887132738,1.0
2815,1,15,1,legacy,0.0002936894824707846,0.0,2.007144461574519,61.71820710878819,0.04506935924291611,0.2611328125,-0.026244159042835235,0.00228886054828763,-0.006084431894123554,0.06746955215930939,0,0,0,512,0,0,512,0,0,,,,,,,,,,,,,,0.11580300098285079,0995f471de8c992a0460091a2ddbb45e:0:0,c700c9167bd383754fdcff056f86b523:0:0,5fe3d08195e3f4306b4c24b7a2451ae2:0:0,20a1f32b42df5507d02fac1efb065b8f:0:2297466463,964c63c7663cd2b873be75eb069ed82c:0:1661276244,1.0
2816,1,16,1,legacy,0.0002932387312186978,0.0,2.0191725705963623,60.876989539247006,0.014224514365196228,0.333203125,-0.041616843361407516,0.002800288994330913,0.013691327534615993,0.0744863823056221,0,0,0,512,0,0,512,0,0,,,,,,,,,,,,,,0.11075289198197424,0995f471de8c992a0460091a2ddbb45e:0:0,59860f3929ab4bf86d304f3f9abeafaa:0:0,573a8acf9c24246d8589b74b63814fb2:0:0,157394bdc3df33e61858fb69bdcade8f:0:1214864254,73a4b1940ac339fdfe16ca029b06c688:1:476051288,1.0
2817,1,17,1,legacy,0.000292787979966611,0.0,2.023737213980303,60.48921887995675,0.03510398417711258,0.29453125,-0.03800789481028914,0.002426973287947476,0.002709172200411558,0.06960053741931915,0,0,0,512,0,0,512,0,0,,,,,,,,,,,,,,0.1230221469886601,0995f471de8c992a0460091a2ddbb45e:0:0,b3f58a1a2fb82ff5ac8a6951cf01ecf1:0:0,ec714cd4cfe5830f03f120891cd57552:0:0,75e495b4c4103ab2a6c66d4815c3618f:0:2392513006,82d3a8c1429c84a38ec01fb0439acf52:1:17189873,1.0
2818,1,18,1,legacy,0.0002923372287145242,0.0,2.0305082055053276,60.14154014410451,0.039225708693265915,0.3078125,-0.02558116363361478,0.002358879055827856,0.004615470767021179,0.0686415433883667,0,0,0,512,0,0,512,0,0,,,,,,,,,,,,,,0.11165573203470558,0995f471de8c992a0460091a2ddbb45e:0:0,691cab17fa18bf036e1a5c69bbfa964e:0:0,957e48df709c5f0e2bf9576b93924a73:0:0,692d21055f1bedf1764a5cf832efe48f:0:2097307527,9fa3b6f524bc18402ce295213c822d13:1:2821749866,1.0
2819,1,19,1,legacy,0.00029188647746243736,0.0,2.036282056724095,59.22677767230198,0.07469871640205383,0.281640625,-0.03142658884171397,0.002026518725324422,0.005409712437540293,0.0636172965168953,0,0,0,512,0,0,512,0,0,,,,,,,,,,,,,,0.1130401180125773,0995f471de8c992a0460091a2ddbb45e:0:0,871cd4e445a224d70de08e311a0fa29d:0:0,5809ce03adf95781fae52b0976663487:0:0,bd020831f8f125064c8720f84550678f:0:1368619842,927ae94d4f644da825c401d33a879390:0:3881713123,1.0
2820,1,20,1,legacy,0.0002914357262103506,0.0,2.0419467140016465,58.240012801252306,0.04794539138674736,0.28203125,-0.028160212142392994,0.0020079472567886116,0.004742925986647606,0.06332800537347794,0,0,0,512,0,0,512,0,0,,,,,,,,,,,,,,0.11147356091532856,0995f471de8c992a0460091a2ddbb45e:0:0,43c66a4b452765f19452e10dcda3c5b2:0:0,126b856063ef6c9629a2b6b30d27825f:0:0,78d4ab0d29a5e15229320b067ce4ea8f:0:1426337653,28672a40bab40628c4eaac156df18ced:1:2977637217,1.0
2821,1,21,1,legacy,0.00029098497495826374,0.0,2.351874521958255,57.240911456756294,0.005555103532969952,0.2318359375,-0.013525881036184729,0.014024590444751083,0.307891309261322,0.07605059444904327,0,0,0,512,0,0,512,0,0,,,,,,,,,,,,,,0.11302537703886628,0995f471de8c992a0460091a2ddbb45e:0:0,c03d88ed775d2975ac4e9a8198e245de:0:0,985789b828d687d7b7bb41dff238ebde:0:0,258d7a72838d858ae956682109ad6d8f:0:48655753,00baf59d37719a114660bb54c000c0eb:0:1188712137,1.0
2822,1,22,1,legacy,0.00029053422370617696,0.0,2.3665390202120467,56.89346372964792,0.0461609847843647,0.2220703125,-0.004987875372171402,0.0034458693931810557,0.07357217371463776,0.0724453330039978,0,0,0,512,0,0,512,0,0,,,,,,,,,,,,,,0.1148441139375791,0995f471de8c992a0460091a2ddbb45e:0:0,582cf06459393691566ff347d2bfdb6d:0:0,2f11cabe467f528a4836b278620cbff1:0:0,5de1d2399b7ad77d1e9880861ba9f08f:0:2790253702,f01b16aa1e99dcb97a17dbfcee358b58:1:2697778543,1.0
2823,1,23,1,legacy,0.0002900834724540901,0.0,2.3616898055291307,56.061719107674435,0.00799524411559105,0.13359375,-0.011840243148617447,0.0028286648914217947,-0.03670024871826172,0.07314471900463104,0,0,0,512,0,0,512,0,0,,,,,,,,,,,,,,0.11671975499484688,0995f471de8c992a0460091a2ddbb45e:0:0,25da943e8eab5967b4c482c625bde997:0:0,6173917a530f0ba58fc9fde6eb42389b:0:0,c5d8d8b72f7076681a7897b3e2da738f:0:662857429,801390b3c6827c9e2f2a4b73abcb0b19:1:1833531271,1.0
2824,1,24,1,legacy,0.0002896327212020033,0.0,2.371786844056163,55.577296420233324,0.002433458808809519,0.2146484375,-0.01623384249396622,0.002728116256184876,0.018539203330874443,0.07319041341543198,0,0,0,512,0,0,512,0,0,,,,,,,,,,,,,,0.12629162205848843,0995f471de8c992a0460091a2ddbb45e:0:0,223b7be5fad26275a45380936ede0c2f:0:0,2508d710ddc1ffbb19e6305d860665f0:0:0,bd8d5579bf4db0242d95ec688f3ef68f:0:1914855654,024c3b52d87aa8ef988097bc379b2a4a:0:2597104878,1.0
2825,1,25,1,legacy,0.0002891819699499165,0.0,2.362968960101831,55.47953068744391,0.002793637104332447,0.2259765625,-0.014132525864988565,0.0026576526113785805,-0.011703453958034515,0.07266561686992645,0,0,0,512,0,0,512,0,0,,,,,,,,,,,,,,0.11128555005416274,0995f471de8c992a0460091a2ddbb45e:0:0,980e9813380304cd375e84f1567bfe1c:0:0,133b3600cb6d83578fa2bbb2bbd5ec56:0:0,d8b824c66550df431af1b8a250d7798f:0:644976854,0fc680cf564a3182bc697a0c28d83c15:0:4134928216,1.0
2826,1,26,1,legacy,0.0002887312186978297,0.0,2.369554238249246,55.325528560206294,0.01991778425872326,0.1779296875,-0.015200025122612714,0.002667853329330683,0.008090930059552193,0.07292694598436356,0,0,0,512,0,0,512,0,0,,,,,,,,,,,,,,0.10923215700313449,0995f471de8c992a0460091a2ddbb45e:0:0,852824b9c226ad47c16c673b7e4f7780:0:0,32a740fb1d286b664a0c3c8e1c44756b:0:0,b5a260e43993bc5abf32319f57a3fc8f:0:2346414466,17605606e075aab958e78c5b311c3a2f:1:2994486994,1.0
2827,1,27,1,legacy,0.0002882804674457429,0.0,2.3723491646463533,54.75657820352353,0.013786925002932549,0.196484375,-0.01262606605887413,0.00262667826609686,0.0014475798234343529,0.07245737314224243,0,0,0,512,0,0,512,0,0,,,,,,,,,,,,,,0.10907207895070314,0995f471de8c992a0460091a2ddbb45e:0:0,5399594c3fc29d9812bfdaa42b4775f1:0:0,be552a0bcd221b38661e8241ee233653:0:0,b8300cb40bf14ca9ebe587ddd3a47f8f:0:765944148,7124c4e9b0f29aa546ee56477225d651:1:762629955,1.0
2828,1,28,1,legacy,0.00028782971619365606,0.0,2.3758798483973695,54.05841527390294,0.007511888165026903,0.190625,-0.01939817685633898,0.002396801963914186,0.00331457844004035,0.06918735057115555,0,0,0,512,0,0,512,0,0,,,,,,,,,,,,,,0.10968322202097625,0995f471de8c992a0460091a2ddbb45e:0:0,728c115d1b7f8a93a8056fa53558c781:0:0,ca7e77a395146c537cbef0dbc12d4cac:0:0,ab42ab9bc310584776c4e71bf4d9028f:0:537784918,9361b9173e46e935e42688f4ec8ecdb8:1:1026327112,1.0
2829,1,29,1,legacy,0.0002873789649415693,0.0,2.3802336614357467,53.89117527520284,0.008516483940184116,0.240234375,-0.019041385408490895,0.002776722703129053,0.0029410282149910927,0.07450363785028458,0,0,0,512,0,0,512,0,0,,,,,,,,,,,,,,0.11141807399690151,0995f471de8c992a0460091a2ddbb45e:0:0,1b1e96b78a5d9cd9290d484b3a497e14:0:0,27b25885f89043f61f7129cf7b1fb0a9:0:0,ee93a0a43598920b7cf77657eb41858f:0:1285217915,642c72677a10631a5a2b32334f23b9d2:1:2582471711,1.0
2830,1,30,1,legacy,0.00028692821368948244,0.0,2.3766546092443805,53.437778301304206,0.008687577210366726,0.162890625,-0.020167368440888823,0.0028071905369870366,-0.004145161248743534,0.07488269358873367,0,0,0,512,0,0,512,0,0,,,,,,,,,,,,,,0.1236097210785374,0995f471de8c992a0460091a2ddbb45e:0:0,41882be33b8ba960d6fc2f3f3225adcc:0:0,5ef0f8828ec676616e49138e9fcc793e:0:0,27c37901dbe3db62da5557cfe6de088f:0:4143893271,f40bcd351df2cbd559bdf617e31f6701:0:1840371991,1.0
2831,1,31,1,legacy,0.00028647746243739566,0.0,2.3805651197653077,53.35657644318417,0.0003052458632737398,0.1703125,-0.004768808791413903,0.0026782209635712205,0.005616379901766777,0.07311329990625381,0,0,0,512,0,0,512,0,0,,,,,,,,,,,,,,0.1574939329875633,0995f471de8c992a0460091a2ddbb45e:0:0,75f65a9182e75717778dbaf4a189c4cf:0:0,bca274481add2f55a347aa3eaf328060:0:0,7ff6ac5044c84e3cd4aaa90217ae8b8f:0:2798488423,02c598da5ac60b06aac19b9a7b98607f:0:2818835264,1.0
2832,1,32,1,legacy,0.0002860267111853088,0.0,2.3843789617472018,53.252694342518225,0.00036202860064804554,0.165625,-0.008553615352138878,0.0025187359540723266,0.0035458127968013287,0.07093007862567902,0,0,0,512,0,0,512,0,0,,,,,,,,,,,,,,0.14722652698401362,0995f471de8c992a0460091a2ddbb45e:0:0,25a9e0b668be5bae419e5826a30c35dd:0:0,b6a1fff864cdc197739c37e110393a7f:0:0,8b494dc1c762f742fafa82acadb30e8f:0:1521778291,f205dec77ba42e976d9556e2791fb3ea:0:4178084432,1.0
2833,1,33,1,legacy,0.00028557595993322204,0.0,2.383071389260574,53.02232290850952,0.038343124091625214,0.167578125,-0.01800376260653138,0.002494502940680832,-0.0030699109192937613,0.07060897350311279,0,0,0,512,0,0,512,0,0,,,,,,,,,,,,,,0.14437993289902806,0995f471de8c992a0460091a2ddbb45e:0:0,5b19939b77ded486812c5a7b98599b7e:0:0,e05914f69a7bdd3c29c128e7b719e4a5:0:0,1157449c7e166a8b38c1f8cdd8eb918f:0:1117350853,eaee39de17a2b77c045e4c796716444d:1:2887608796,1.0
2834,1,34,1,legacy,0.0002851252086811352,0.0,2.3856828935116408,52.495251246728,0.017136236652731895,0.1904296875,-0.016785280872136356,0.002617832273244858,0.003125262912362814,0.07232111692428589,0,0,0,512,0,0,512,0,0,,,,,,,,,,,,,,0.13611271104309708,0995f471de8c992a0460091a2ddbb45e:0:0,419685c2d9dd53add65fc0cfda3e87f3:0:0,bd964667c1615c9228965d37d1dbce8a:0:0,7351b6c72c3b9cf41d3b1aa3c958148f:0:1446545334,da1f427c94a7ddcd594fbe2bab99a46c:0:1139891452,1.0
2835,1,35,1,legacy,0.00028467445742904837,0.0,2.3890118521632733,51.71702767256647,0.013023090548813343,0.1255859375,-0.00783860944211483,0.0025755612296052277,0.0030541340820491314,0.07173404097557068,0,0,0,512,0,0,512,0,0,,,,,,,,,,,,,,0.14254249806981534,0995f471de8c992a0460091a2ddbb45e:0:0,4806b547d7b2f628389e2ee8a0a6180b:0:0,698497693ccf2417810ec377128de0d5:0:0,bdb65d18484eac5b569ff2acaef8978f:0:1600769388,4523c57740fd236a4026d6c13f7f5d7f:1:1057653378,1.0
2836,1,36,1,legacy,0.0002842237061769616,0.0,2.390238597601692,51.3469202502165,0.01124957948923111,0.1818359375,-0.019031784846447408,0.002492542122490704,0.0011010915040969849,0.07059195637702942,0,0,0,512,0,0,512,0,0,,,,,,,,,,,,,,0.1421478990232572,0995f471de8c992a0460091a2ddbb45e:0:0,a5de15d61b0475de0bd50f543d2ff13d:0:0,49c0b746971b3c966b91b3659f99c2e0:0:0,89eaadc2ffac80de616d86a6b9cd1a8f:0:295200404,1e8694737eb7a49272d894814cd446bb:0:1389935617,1.0
2837,1,37,1,legacy,0.00028377295492487475,0.0,2.3904333140258958,50.923907657852396,0.01454699132591486,0.2154296875,-0.014048016583546995,0.0025418090051971378,-0.0012800665572285652,0.07127518206834793,0,0,0,512,0,0,512,0,0,,,,,,,,,,,,,,0.14328113791998476,0995f471de8c992a0460091a2ddbb45e:0:0,5550a0ce6c5ee062bd1529efbe3142d7:0:0,9dac015d059e96a34f961309f523a4fb:0:0,d94184d5a74171556ba6d79019d59d8f:0:2639075066,4a96f6e20b92dbb0ace1a2a611162f89:1:1024358813,1.0
2838,1,38,1,legacy,0.00028332220367278797,0.0,2.392175284751815,50.4588766139932,0.036439456045627594,0.18125,-0.0156287157908082,0.002495729038491845,0.0032034795731306076,0.07062075287103653,0,0,0,512,0,0,512,0,0,,,,,,,,,,,,,,0.1859818649245426,0995f471de8c992a0460091a2ddbb45e:0:0,5b1340ddebe721afe04f937aca91f7ae:0:0,dcb9eedd61ed4de8c66323eb2c696aa8:0:0,ff6ac476add455386c17e1a6ff12208f:0:653937568,3ebaec1629f601d8896a9d94502bd5e5:1:2826661792,1.0
2839,1,39,1,legacy,0.00028287145242070113,0.0,2.393854642532632,49.76051503326744,0.005634276662021875,0.171875,-0.009930869936943055,0.0022911682375706733,0.001097703818231821,0.06767189502716064,0,0,0,512,0,0,512,0,0,,,,,,,,,,,,,,0.20601015398278832,0995f471de8c992a0460091a2ddbb45e:0:0,a0cdef1052b4a0e096eee0fff6f7d881:0:0,c8e2876983929862f8b6239332875820:0:0,e6ec0d9cc8e4ae1e6d989c699982a38f:0:3125344936,8b1cbc70a80f2b99d569fc9a82814af6:1:2325977179,1.0
2840,1,40,1,legacy,0.00028242070116861435,0.0,2.396361879249561,49.431879637995735,0.004292900674045086,0.1859375,-0.012058139988221228,0.0025295434519648553,4.5351043809205294e-05,0.07109859585762024,0,0,0,512,0,0,512,0,0,,,,,,,,,,,,,,0.2023035699967295,0995f471de8c992a0460091a2ddbb45e:0:0,35fe2c1f1fe4694ed8d273f4577c769e:0:0,737dbb787bd0c00097cc8fca4c81f5b1:0:0,dc111d98bc5dd3070e4ffa961927268f:0:3184401738,0290a9f9b475370deac9eba7e13ecae9:0:3898163806,1.0
2841,1,41,1,legacy,0.0002819699499165275,0.0,2.605711248012108,49.112693656934425,0.0024724951945245266,0.1359375,-0.005933759454637766,0.008110819570720195,0.20782281458377838,0.07798859477043152,0,0,0,512,0,0,512,0,0,,,,,,,,,,,,,,0.200284581980668,0995f471de8c992a0460091a2ddbb45e:0:0,ea72073742fc13dcedf804e2e8f86d31:0:0,299db4a50a7e1fa025138ee9cf435b38:0:0,9e20ac1ec7ac479e32f6ea2aadffa98f:0:1758767068,51ff7ad21a8d33092c86c8efabe16a3a:1:3314759639,1.0
2842,1,42,1,legacy,0.00028151919866444073,0.0,2.6089980515761564,48.799845203757286,0.000133932800963521,0.1365234375,0.001233938056975603,0.003271325258538127,0.020952453836798668,0.07613949477672577,0,0,0,512,0,0,512,0,0,,,,,,,,,,,,,,0.17585351993329823,0995f471de8c992a0460091a2ddbb45e:0:0,58f0885c1e10fd329faf335ae36a2e09:0:0,b2d86b7b540396db4f2e267fdb64d937:0:0,fa8527c7700da9a9ee1b5465880c2c8f:0:1383714443,e9c6c3f79891a18cb4699eb4eb5593c4:1:1809273052,1.0
2843,1,43,1,legacy,0.0002810684474123539,0.0,2.607246633334629,49.162348022218794,0.00026867538690567017,0.00234375,0.000506512587890029,0.002612416341435164,-0.02250075712800026,0.07145615667104721,0,0,0,512,0,0,512,0,0,,,,,,,,,,,,,,0.17844974296167493,0995f471de8c992a0460091a2ddbb45e:0:0,042ee2d24aa64b4c28147db0bd56bde1:0:0,c652a29186b0bb61323ad7dc7aca9b43:0:0,becae36f103eded29b631dc4d74caf8f:0:4250373860,38298d64c120a6c0ed2dc43c7bbe0654:1:2186499089,1.0
2844,1,44,1,legacy,0.0002806176961602671,0.0,2.6050886100914843,48.987807403318584,0.0004542209208011627,0.0328125,0.0008148079272359609,0.0026418847148306666,0.004593748599290848,0.072588250041008,0,0,0,512,0,0,512,0,0,,,,,,,,,,,,,,0.17492537305224687,0995f471de8c992a0460091a2ddbb45e:0:0,cc24d88f1661b09c806ba6cf0b0de238:0:0,95573e960d87a0364301662de4377ddc:0:0,e2b8dca548f76cf52ecf2606cbc1328f:0:2012914563,860f0e98181b8310619bc880a7ff6f10:1:1609725440,1.0
2845,1,45,1,legacy,0.0002801669449081803,0.0,2.604504423877088,49.076481838710606,0.014748991467058659,0.1275390625,-0.011601458676159382,0.0026053287088871,0.0006914901314303279,0.07216431945562363,0,0,0,512,0,0,512,0,0,,,,,,,,,,,,,,0.21802706306334585,0995f471de8c992a0460091a2ddbb45e:0:0,ebc0bf83a4dfd486db4a943d358e56eb:0:0,00faa61ebfdcdf358ef847e6f7d1aab6:0:0,fd9619b523ec272fb7fe48299569b58f:0:2496701241,d2fb818a2734b6a69345f0f5e3632163:1:3877108805,1.0
2846,1,46,1,legacy,0.00027971619365609344,0.0,2.6022909677423347,48.46494407393038,0.0006013079546391964,0.0384765625,-0.0007427680306136608,0.0025807724450714886,-0.003124137409031391,0.07181048393249512,0,0,0,512,0,0,512,0,0,,,,,,,,,,,,,,0.18906810297630727,0995f471de8c992a0460091a2ddbb45e:0:0,d42521fffc3082b945084589a3698240:0:0,e542b9fda32e8b234d9f1e5ec6d77aee:0:0,a2b1c3e8745e99d819705a6b6446388f:0:2198870177,42768ff0a36754de610a49b53ee5df61:1:2344559484,1.0
2847,1,47,1,legacy,0.00027926544240400666,0.0,2.598139870583465,48.605649126693606,0.023442622274160385,0.0943359375,0.003990687988698482,0.0026120758499018847,-0.0029491297900676727,0.0722607672214508,0,0,0,512,0,0,512,0,0,,,,,,,,,,,,,,0.1716914769494906,0995f471de8c992a0460091a2ddbb45e:0:0,47725417edc9562470e1f2d9375b90e2:0:0,ad52718a7bed24a743bc1202afbd61e2:0:0,9e23d7b8bc89df8cf3c92e4a6856bb8f:0:3853106888,0a393f0b01564805422f10d21779c474:1:1376095222,1.0
2848,1,48,1,legacy,0.0002788146911519198,0.0,2.60494795219334,47.79364334535785,3.100663889199495e-05,0.121484375,-0.005585650610737502,0.002766448655165732,0.007015136536210775,0.07431503385305405,0,0,0,512,0,0,512,0,0,,,,,,,,,,,,,,0.1698082130169496,0995f471de8c992a0460091a2ddbb45e:0:0,a8c991d35697f7e59a32b3c12856bf34:0:0,55c5b6b73cae99b60dddf61a2a14428d:0:0,9631f7d99e88c990c5139084d19b3e8f:0:3933773752,5b827bd450fa39fd34ce05a2978c59fa:1:3649052093,1.0
2849,1,49,1,legacy,0.00027836393989983304,0.0,2.6049932740641353,47.990795684745535,0.008016122505068779,0.0533203125,-0.0028577666729688645,0.0027865455718711018,-0.0006364083383232355,0.07463490217924118,0,0,0,512,0,0,512,0,0,,,,,,,,,,,,,,0.16783790802583098,0995f471de8c992a0460091a2ddbb45e:0:0,6d54f8dbafb3e29b078cfff2496c16aa:0:0,7c66fb76f257c9a5d5e7f327ac49ce04:0:0,23e040a0a19c859f3c044918d013c18f:0:270525449,c6cf8528825face1179f1f68b1c5d24a:0:1293949389,1.0
2850,1,50,1,legacy,0.0002779131886477462,0.0,2.6079590620097806,47.71424477803521,0.0390193872153759,0.183203125,0.00886747594922781,0.0024583852966316043,0.0026443309616297483,0.07008827477693558,0,0,0,512,0,0,512,0,0,,,,,,,,,,,,,,0.1821527200518176,0995f471de8c992a0460091a2ddbb45e:0:0,daecbaa0887427255b88a2ce63ec40b8:0:0,266e8eed280e811302bec85bba170573:0:0,ee9fb677da062b6cbf3d1b4493c0448f:0:878028393,2cd8933c38e9a166b4f1f0286777f967:1:3343660,1.0
2851,1,51,1,legacy,0.0002774624373956594,0.0,2.6099236627670166,46.70881262863986,0.004705227445811033,0.1861328125,0.0018174032913520933,0.002729638305027038,0.0022059103939682245,0.0738598182797432,0,0,0,512,0,0,512,0,0,,,,,,,,,,,,,,0.1706991270184517,0995f471de8c992a0460091a2ddbb45e:0:0,c2cab47d1945dc8f985d70f925755c58:0:0,c70ae9dd2dd5f4ebd4cdfb4222db1f4c:0:0,544012f8c9f0dc00288fc5864ca0c78f:0:2161933286,6caf1c597ffa85583d0a527b9207b762:0:3215345482,1.0
2852,1,52,1,legacy,0.0002770116861435726,0.0,2.6082358597380844,47.02562722959556,0.004901503212749958,0.235546875,0.0027441376587376,0.002453945740126073,-0.002970433095470071,0.07002504169940948,0,0,0,512,0,0,512,0,0,,,,,,,,,,,,,,0.16183496406301856,0995f471de8c992a0460091a2ddbb45e:0:0,222a1737e0332033f8fe46e8050d20a1:0:0,672d037c37404da566ebf624213d3910:0:0,8adc78369d355d16b441019c2ab54a8f:0:2917139942,e69d4f349f1af39f833ecb0730db2e03:0:3519158743,1.0
2853,1,53,1,legacy,0.0002765609348914858,0.0,2.6041752783854157,46.750659530516714,0.0005823569372296333,0.1541015625,0.006848419876769185,0.002690754539798945,-0.003788998816162348,0.07332082092761993,0,0,0,512,0,0,512,0,0,,,,,,,,,,,,,,0.1461346090072766,0995f471de8c992a0460091a2ddbb45e:0:0,0e3112557c786324be3837800c121fcc:0:0,f4adb6725492743baef69bf2b24816ef:0:0,c0534fd6b00b5ac2244b84845dfdcd8f:0:3411209718,5748a6b2f528fc0683ef296fa8815eb6:0:1293256357,1.0
2854,1,54,1,legacy,0.000276110183639399,0.0,2.6040849136289035,46.59818678046577,0.004546690732240677,0.0740234375,0.003081400319933891,0.0025084716849960386,0.0014635964762419462,0.07081492990255356,0,0,0,512,0,0,512,0,0,,,,,,,,,,,,,,0.13491687108762562,0995f471de8c992a0460091a2ddbb45e:0:0,3a095d6be302a3d271f409de31c9fecf:0:0,5df09b875596517693a4d95947a5d602:0:0,cd78e3102207b97117a2fe7d167a508f:0:1135453839,8a1f8100c4c2bbaea2892bcb41b59008:0:3781020393,1.0
2855,1,55,1,legacy,0.0002756594323873122,0.0,2.6030686421443088,47.014334169216454,0.000514392158947885,0.065625,-0.00024700253270566465,0.002533360314555466,-0.0011722519993782043,0.0711599737405777,0,0,0,512,0,0,512,0,0,,,,,,,,,,,,,,0.11235230497550219,0995f471de8c992a0460091a2ddbb45e:0:0,50f238669e1d67f9d63d1a957faf56ef:0:0,dc184d7ef57f13067cbfa2f755b4c52f:0:0,0aefc8bb0b12a29195771b04842ad38f:0:2816881903,21572742e31d340ced118c1cd78e48b2:1:3201058475,1.0
2856,1,56,1,legacy,0.00027520868113522536,0.0,2.606705544855191,47.13184215943329,0.0022809384390711784,0.161328125,0.0029397384729236363,0.0024279203498736024,0.003995297476649284,0.06960327178239822,0,0,0,512,0,0,512,0,0,,,,,,,,,,,,,,0.11912442708853632,0995f471de8c992a0460091a2ddbb45e:0:0,6583db9a797c2838aa7f4cac2e4504e3:0:0,f889e586174ed73709c3c66f7fbeb407:0:0,d2d60e71bf4b35fdcc7680d8d70f568f:0:149591684,f7582ed68ba8d3aaf28f59d496520734:0:784054288,1.0
2857,1,57,1,legacy,0.0002747579298831385,0.0,2.60233495555803,46.94233576301485,0.008825980126857758,0.05625,-0.00023058960214257241,0.0025293134152889253,-0.007345458492636681,0.07101724296808243,0,0,0,512,0,0,512,0,0,,,,,,,,,,,,,,0.11111321102362126,0995f471de8c992a0460091a2ddbb45e:0:0,7d4bb7ac8c41fcb61c315770edeff549:0:0,63cbae4c39ef3ce60c5b26a66e020727:0:0,b104209e691a0a630611d1f83f27d98f:0:375743453,2a831f4db5ab44d06736b25cc382b7e8:1:3457379691,1.0
2858,1,58,1,legacy,0.00027430717863105174,0.0,2.60480380337168,46.52343781199306,0.008692591451108456,0.0814453125,0.002822383353486657,0.0024983482202515007,0.004671814851462841,0.07062128186225891,0,0,0,512,0,0,512,0,0,,,,,,,,,,,,,,0.11160535307135433,0995f471de8c992a0460091a2ddbb45e:0:0,2b73a73fc13deab8d6ae1b6c9199f20b:0:0,758ca19388eb91553942bd1917bf0ec6:0:0,95cb3a591dfee6d2cdbeaba0ec745c8f:0:3482080722,9d5ea9d409e9f215396828809a59e3ab:0:2837930019,1.0
2859,1,59,1,legacy,0.0002738564273789649,0.0,2.6071940585011726,46.56964864116162,0.0005531407659873366,0.12109375,0.004649107810109854,0.0026717569213360547,0.00125824601855129,0.07308656722307205,0,0,0,512,0,0,512,0,0,,,,,,,,,,,,,,0.11173634906299412,0995f471de8c992a0460091a2ddbb45e:0:0,cb92d939ede27fd23bc4a5a48b7c7732:0:0,cd7efd55390ca82beabf36082a4b0a66:0:0,7923106a72f15fae4c3aa6510ef4df8f:0:4027973764,1a6492dcc3a28c639afd7d56b3ae235a:0:3858917310,1.0
2860,1,60,1,legacy,0.0002734056761268781,0.0,2.6069101674717325,46.11602152581327,7.487821858376265e-05,0.120703125,0.0059577884618192915,0.002816087054088712,-0.0002513551153242588,0.07503320276737213,0,0,0,512,0,0,512,0,0,,,,,,,,,,,,,,0.11126074194908142,0995f471de8c992a0460091a2ddbb45e:0:0,5b1ac92f6ac6788f5562478eeab9b95f:0:0,d6f879f47f7749cfeab014f9acfad748:0:0,cf4e29d07877411bd6ce55c6d6a9628f:0:260232667,1b7f31b9fa98a4e3a2b4528f2926157a:1:1726426508,1.0
2861,1,61,1,legacy,0.0002729549248747913,0.0,2.6801797683761137,46.17600427591242,0.021092895418405533,0.0669921875,0.003429589350707829,0.0033131447504274546,0.0741848349571228,0.07319298386573792,0,0,0,512,0,0,512,0,0,,,,,,,,,,,,,,0.1203362449305132,0995f471de8c992a0460091a2ddbb45e:0:0,8983fd11e184d9f09044882919844472:0:0,96f7901e213dd30ea261f2dbd958ca98:0:0,cdc4cafbecdef136b29049007391e58f:0:2424271849,e39c0980f78e22abcd992d66864700d1:1:86304369,1.0
2862,1,62,1,legacy,0.0002725041736227045,0.0,2.6818906725077207,46.80131068453193,0.00043823709711432457,0.0248046875,0.0006826202850788831,0.002433230972383171,-0.023312384262681007,0.06860300153493881,0,0,0,512,0,0,512,0,0,,,,,,,,,,,,,,0.1106157039757818,0995f471de8c992a0460091a2ddbb45e:0:0,97d6e5a8b2a48a82f20467ff3911b158:0:0,9a9275c3c4bd56a847163578b7b92823:0:0,f4e08ed55c5734290ba80a3c15ae688f:0:4198770506,77e6caeb2e4af5f3e43e71f5010a8e33:1:2047073796,1.0
2863,1,63,1,legacy,0.00027205342237061767,0.0,2.6906780998494897,47.06877940916456,0.005211528390645981,0.0580078125,-0.004778258479200303,0.0025513718370348214,0.013787726871669292,0.0709410309791565,0,0,0,512,0,0,512,0,0,,,,,,,,,,,,,,0.10957058507483453,0995f471de8c992a0460091a2ddbb45e:0:0,984708db2effd69ea82becf0b4a75790:0:0,411bcc42ea9267eda9c7e43974bd0546:0:0,c45600a9d2e8fc6020911ef7ecfeeb8f:0:2402230027,ac702512b46cf9d4a9a53b6c6a368781:1:3487288143,1.0
2864,1,64,1,legacy,0.0002716026711185309,0.0,2.6836984910371324,47.049744182731956,0.0033431402407586575,0.048828125,-0.0036027951631695033,0.002698289812542498,-0.010162755846977234,0.07323330640792847,0,0,0,512,0,0,512,0,0,,,,,,,,,,,,,,0.1156457980396226,0995f471de8c992a0460091a2ddbb45e:0:0,8d421b89e65550fe84c4ec115bec24cc:0:0,9424fd1283050133493abb845163b116:0:0,a4233398b3a3310aa15e07f229836e8f:0:894242863,e04e17971bacddd719593776de6f91a3:1:388030917,1.0
2865,1,65,1,legacy,0.00027115191986644405,0.0,2.6849136656486383,47.17462000553496,0.008472613990306854,0.0916015625,-0.0027339539490640165,0.00260944536421448,0.003924161661416292,0.0721706971526146,0,0,0,512,0,0,512,0,0,,,,,,,,,,,,,,0.1179208739195019,0995f471de8c992a0460091a2ddbb45e:0:0,0d505b0290310b1afd84cf128872966c:0:0,7bf54478aa81fcd1f76896dcdb2b91d4:0:0,c4ae0e343a93951142fb4128fb3bf18f:0:2811125972,ae16b47513a705f8794477acbe4c23b5:0:2067119460,1.0
2866,1,66,1,legacy,0.00027070116861435727,0.0,2.6849420734558826,46.67814114363864,0.006932452321052551,0.097265625,-0.00038568133022636174,0.0024571684771217406,-0.001217060605995357,0.0700792744755745,0,0,0,512,0,0,512,0,0,,,,,,,,,,,,,,0.15102017694152892,0995f471de8c992a0460091a2ddbb45e:0:0,901b9366f15153d4a431bfe882b3380c:0:0,639a09836dadeaf186868505bf819d18:0:0,b3649af0247338b9867241da9228748f:0:2997577140,91dfdc07c156274454b1c78d1fca61ad:0:2917778542,1.0
2867,1,67,1,legacy,0.00027025041736227043,0.0,2.6852583730620445,46.268459130078554,0.002853912301361561,0.0380859375,-0.00024324138648808004,0.002514013880863786,0.0011713355779647827,0.07088511437177658,0,0,0,512,0,0,512,0,0,,,,,,,,,,,,,,0.1150371580151841,0995f471de8c992a0460091a2ddbb45e:0:0,d02a079be6d54d6780f2d4b105b44b6a:0:0,fe8d658d786031ba5e507c8b3a7b3adf:0:0,ad2d26e9ef382022b42c7c851e48f78f:0:1302212122,2be12410f04823d469b72a640a6c7087:0:3570439555,1.0
2868,1,68,1,legacy,0.00026979966611018365,0.0,2.6770000862952577,45.98780407104641,0.0013204322895035148,0.043359375,0.0019009592477232217,0.0028428846038877965,-0.01026745606213808,0.0752670168876648,0,0,0,512,0,0,512,0,0,,,,,,,,,,,,,,0.14847161306533962,0995f471de8c992a0460091a2ddbb45e:0:0,8ad54ecb75e64ac14b363827fb7f9d92:0:0,e805ebc531aa8f49e3811f4341bfd258:0:0,64497fc0220908cd0b365ee6cf9d7a8f:0:3392741687,207c1507ad0bbed725b9cc4120fbaf93:1:1141229017,1.0
2869,1,69,1,legacy,0.0002693489148580968,0.0,2.6811864274669928,46.29608227987774,0.0016552492743358016,0.0380859375,0.0012960354797542095,0.0025890950695611537,0.006598700303584337,0.07184982299804688,0,0,0,512,0,0,512,0,0,,,,,,,,,,,,,,0.1331807100214064,0995f471de8c992a0460091a2ddbb45e:0:0,2d795ebd213bfe842e76a4eba596dd6e:0:0,9505470e9dcdbec48de30501643825fe:0:0,a54c95c6095b785b248251fdd625fd8f:0:502251330,5bfedfabd779656f3a654e611a512e83:1:2704257414,1.0
2870,1,70,1,legacy,0.00026889816360601,0.0,2.680996203736542,45.93580280779861,0.0001185581786558032,0.11015625,0.003003226523287594,0.00275503700831905,-0.0028161760419607162,0.07418803870677948,0,0,0,512,0,0,512,0,0,,,,,,,,,,,,,,0.11438749206718057,0995f471de8c992a0460091a2ddbb45e:0:0,b11d24bc0462f387b79838e159a74366:0:0,d31130777bad4a4dc05adf684ef93c0a:0:0,e546b91b554f7ebd8a2bba0861e2808f:0:3061942682,0133703c0d0c434d875addb2354ddd30:0:2255072654,1.0
2871,1,71,1,legacy,0.0002684474123539232,0.0,2.6745604706650066,46.188618266023695,0.010500087402760983,0.073828125,0.0016700153704732657,0.002680355031043291,-0.006820993963629007,0.07311045378446579,0,0,0,512,0,0,512,0,0,,,,,,,,,,,,,,0.11201160994824022,0995f471de8c992a0460091a2ddbb45e:0:0,c125bac82b72528116f97dfb3954b925:0:0,fc549e36ddb6c5e0e7b93ddd689dc0b1:0:0,fa13553f0ca7d5f882b9f684a2d3038f:0:3802828526,4a63ae2bfbc77642ff6e1de46e6cc62c:0:3961236803,1.0
2872,1,72,1,legacy,0.00026799666110183636,0.0,2.6805804550112056,46.336583665106446,0.007557975128293037,0.0470703125,-0.00111682191491127,0.0027651504962705074,0.008375722914934158,0.07424087822437286,0,0,0,512,0,0,512,0,0,,,,,,,,,,,,,,0.11201560904737562,0995f471de8c992a0460091a2ddbb45e:0:0,1811f52ffbea42e1aaa03c91e0f0ee7d:0:0,aa943b94c6f20f7c85bcef0b426b2123:0:0,288a66cf4e0849b410636230c8f7868f:0:3469621825,018f5b7fdb85164a7336d3cea27166ff:1:1924761777,1.0
2873,1,73,1,legacy,0.0002675459098497496,0.0,2.678931354119054,46.824686718173325,0.007347090635448694,0.0830078125,-0.0055657030083239075,0.0030137809924781324,-0.005693556275218725,0.07759810984134674,0,0,0,512,0,0,512,0,0,,,,,,,,,,,,,,0.11580431601032615,0995f471de8c992a0460091a2ddbb45e:0:0,aabe50285e8e48efb1f249997d39a29f:0:0,59a531b745ed25688b80b197b108a9b3:0:0,7665097f636f90c62450530b0450098f:0:972868170,155b5e6dc48360e3711faa1f2f00ceee:1:1797400483,1.0
2874,1,74,1,legacy,0.00026709515859766274,0.0,2.6855516530605885,46.50442765560001,0.010747100226581097,0.0337890625,0.0003896895330399275,0.0028851210023276507,0.008400211110711098,0.07583977282047272,0,0,0,512,0,0,512,0,0,,,,,,,,,,,,,,0.12142929900437593,0995f471de8c992a0460091a2ddbb45e:0:0,19bb200ad98406bcd9bcc5b18a3505e9:0:0,f9713045b5b5da9d6f9485adfdfda2ae:0:0,8ca2b817b92d02e705de1a5184dc8c8f:0:3351130573,2b1a745172dfc08c7ab53416d29297ab:0:3386141648,1.0
2875,1,75,1,legacy,0.0002666444073455759,0.0,2.685929534406582,46.159013122087345,0.002139031421393156,0.0115234375,0.0009515276877209544,0.0026923424215056003,-0.0025312923826277256,0.07334276288747787,0,0,0,512,0,0,512,0,0,,,,,,,,,,,,,,0.11873383889906108,0995f471de8c992a0460091a2ddbb45e:0:0,6d11bd671266e2a5407a144e936e5a47:0:0,17aa44a89c799c07c415f1428e3ab52d:0:0,76bdacc359ddd4bfede204827a9d0f8f:0:436656516,1a9089f167af25f929d0cde42590f375:0:818741520,1.0
2876,1,76,1,legacy,0.0002661936560934891,0.0,2.6857469866729344,45.970412372844294,0.034727152436971664,0.0416015625,0.0012577848508954048,0.0026229975163005294,-0.0014108828036114573,0.07240315526723862,0,0,0,512,0,0,512,0,0,,,,,,,,,,,,,,0.11917690292466432,0995f471de8c992a0460091a2ddbb45e:0:0,138513150ecec8d963fcdd702ad92e57:0:0,63a672001389f7af13870e7cec124a77:0:0,07a7ec38a448c483d5ec595c1591928f:0:1764088498,742801b12d3418aa21f49b7c2caba2d3:1:217961418,1.0
2877,1,77,1,legacy,0.00026574290484140234,0.0,2.681778281718331,45.449742110213265,0.02074488438665867,0.11875,-0.0019399902317672967,0.002684224396944046,-0.004633099306374788,0.07320498675107956,0,0,0,512,0,0,512,0,0,,,,,,,,,,,,,,0.12389249505940825,0995f471de8c992a0460091a2ddbb45e:0:0,a2629a30cc49fa35750f38c11144f5d3:0:0,4318b8b4fa9a59fac0fa1c8254b81439:0:0,f85dc9a3063a61427b8b5bdc85ba158f:0:257575422,bdb14739368241c07ca373b1c05da36d:0:1762782655,1.0
2878,1,78,1,legacy,0.0002652921535893155,0.0,2.672709171066092,45.958055229857564,0.004924071952700615,0.019921875,0.000872469088062644,0.002632615633774549,-0.005372580140829086,0.07251732796430588,0,0,0,512,0,0,512,0,0,,,,,,,,,,,,,,0.11790070403367281,0995f471de8c992a0460091a2ddbb45e:0:0,fa70b03c531928343724cd3acaa60a87:0:0,9e92d4ad0d1ea6d6d5860530024aa46c:0:0,4d6a2acda0cf5725978e4a41fb16988f:0:972381020,de1510e4f09d475e9fcce1ad74106047:1:3017970441,1.0
2879,1,79,1,legacy,0.00026484140233722867,0.0,2.681904953173829,45.679540728451684,0.0016286511672660708,0.130078125,-0.002849856810644269,0.002253522351384163,0.009108465164899826,0.0669771134853363,0,0,0,512,0,0,512,0,0,,,,,,,,,,,,,,0.11511921603232622,0995f471de8c992a0460091a2ddbb45e:0:0,c5df22809ff801075cc5a22d8794d142:0:0,d8291aabdc7e04a0307c51e44a798c61:0:0,446ec31ed6e56ac849485e0aa5a71b8f:0:950240915,2d71c1a18cac59a4768718e880e2ef97:0:3328933595,1.0
2880,1,80,1,legacy,0.0002643906510851419,0.0,2.6891605680043784,45.89920262224041,0.0017004974652081728,0.013671875,-0.0005045266821980477,0.0029605788877233863,0.004460078664124012,0.0769122838973999,0,0,0,512,0,0,512,0,0,,,,,,,,,,,,,,0.12272321397904307,0995f471de8c992a0460091a2ddbb45e:0:0,085663db80c6d59f43329c51628a7c1d:0:0,c1b924d5833c7446f61a899fbb2c458d:0:0,4a1f4faee5b70dd8b5d3cbf4b56b9e8f:0:618004467,8882bfec22b5057176886b1b2576f891:1:3253796728,1.0
2881,1,81,1,legacy,0.00026393989983305505,0.0,2.6996418930177737,45.6231368065346,0.002080088946968317,0.018359375,0.0010474808979779482,0.002611662517301738,0.010100791230797768,0.07212840765714645,0,0,0,512,0,0,512,0,0,,,,,,,,,,,,,,0.1429949610028416,0995f471de8c992a0460091a2ddbb45e:0:0,811d4e8e1e3ac2ce5580e245b92a6b23:0:0,56ba3834cb4f631882598faddd876a81:0:0,76f9365bc9f0b733db54c3fe5a64218f:0:2628040165,8d8c9aac69b48cc4ccd41841b618ca1c:1:3153430747,1.0
2882,1,82,1,legacy,0.0002634891485809683,0.0,2.692157565046579,45.5964284716174,0.0004945474211126566,0.0115234375,0.00016272454522550106,0.0024886723957024516,-0.010745943523943424,0.07031804323196411,0,0,0,512,0,0,512,0,0,,,,,,,,,,,,,,0.14861200097948313,0995f471de8c992a0460091a2ddbb45e:0:0,cb00e2c39fcf1183db84dfe310385418:0:0,5c9fb37fde75ee853c5df94e96a11836:0:0,7cc59466d8da68ab983c7165c490a48f:0:949327945,5c17f79431ea40c56585bea0cf670c19:1:446281843,1.0
2883,1,83,1,legacy,0.00026303839732888144,0.0,2.6948760625822286,45.63837853493169,0.005180032923817635,0.0888671875,0.0020982767455279827,0.002828663808759302,0.006330596748739481,0.07506663352251053,0,0,0,512,0,0,512,0,0,,,,,,,,,,,,,,0.12164619204122573,0995f471de8c992a0460091a2ddbb45e:0:0,46999778d076d32ccfe92e67f766d3d4:0:0,5e4dc95e75269ddea10150ea468fd86e:0:0,8fe5c6189d7b0ca6e68bfaa923f1278f:0:936461669,3253b0680bd66d87f1af26ecf22ce487:0:2416721865,1.0
2884,1,84,1,legacy,0.00026258764607679466,0.0,2.6951087182711344,45.37627752288245,0.0057636140845716,0.0224609375,0.0007590594701468945,0.002889329753816128,-0.004008942283689976,0.07595353573560715,0,0,0,512,0,0,512,0,0,,,,,,,,,,,,,,0.11785905004944652,0995f471de8c992a0460091a2ddbb45e:0:0,39236550f2680727bef424c396d44af7:0:0,8a8518f7418fdaad0fcf003148acd85f:0:0,27e2ef51b4e695cc4b178186a885aa8f:0:2713090743,c5ee6ef7a001e4f1326d0195d5de368f:0:3081845487,1.0
2885,1,85,1,legacy,0.0002621368948247078,0.0,2.6927738662824305,45.75969107099809,0.0002848251024261117,0.1408203125,0.0019156571011990308,0.002412242372520268,0.0007646559970453382,0.06942302733659744,0,0,0,512,0,0,512,0,0,,,,,,,,,,,,,,0.1161749039310962,0995f471de8c992a0460091a2ddbb45e:0:0,fcc29b94a80c3115398ad8ecd0e64745:0:0,60eefffc01b6bc2c9a8095bc49647bfd:0:0,3b676c0793330ae678c922fc824e2d8f:0:2644840121,6d6cf8eb67c40aaa04d1ec4f9ebe9f79:1:793950829,1.0
2886,1,86,1,legacy,0.00026168614357262104,0.0,2.698342301319024,46.021664049476385,0.001465207664296031,0.051953125,-0.0013459575828164815,0.00290446950821206,0.005731560755521059,0.0761694684624672,0,0,0,512,0,0,512,0,0,,,,,,,,,,,,,,0.11732668394688517,0995f471de8c992a0460091a2ddbb45e:0:0,3896f67bb8a46e2ad6e5e8b88d947e46:0:0,487609baa3c42339ee1cedb2ea57210f:0:0,8ef2dea64bdbe93327e3f748e14ab08f:0:3578932023,6da4bb92f06e8067a5830f651194419c:0:1062748025,1.0
2887,1,87,1,legacy,0.0002612353923205342,0.0,2.694075956752636,45.63895401661284,0.0030492739751935005,0.049609375,0.0004441822413355112,0.002538744208868593,-0.005310163367539644,0.07114957273006439,0,0,0,512,0,0,512,0,0,,,,,,,,,,,,,,0.11458059097640216,0995f471de8c992a0460091a2ddbb45e:0:0,81ef812bf8a8697a93865100ce543279:0:0,f3b945fd59cf27bef774d3a3db100319:0:0,025a9060aca6874c214711e9f57b338f:0:589136265,b81f5d2369fe04b453ab3d32dc90c84a:0:2152125883,1.0
2888,1,88,1,legacy,0.00026078464106844737,0.0,2.692237136264336,45.59185713878833,0.002607464324682951,0.12421875,-0.0083726289216429,0.002617535728495568,0.00035762536572292447,0.0723297968506813,0,0,0,512,0,0,512,0,0,,,,,,,,,,,,,,0.11417188798077404,0995f471de8c992a0460091a2ddbb45e:0:0,f9d3cb395d389889ded2cebadccef298:0:0,de73c96430e9d58bbe7b2db540516540:0:0,d6b1f3d2316562da7db0819deedfb68f:0:194150141,babad92d3e77cec4b79cb28567ce547a:0:2929813222,1.0
2889,1,89,1,legacy,0.0002603338898163606,0.0,2.7006769066510503,46.159897674806416,0.0005335196619853377,0.1169921875,-0.003972513368353248,0.002872644388116896,0.008800971321761608,0.07565624266862869,0,0,0,512,0,0,512,0,0,,,,,,,,,,,,,,0.10951118206139654,0995f471de8c992a0460091a2ddbb45e:0:0,60f4c5b64fb682f91f1fa346fab320d0:0:0,9f2ac00168b6d49c89bdd6b1ffeb5849:0:0,bf12742e9143834419005062fd78398f:0:1217976439,3f646a5d095623248bfdd5063c932580:0:222914867,1.0
2890,1,90,1,legacy,0.00025988313856427375,0.0,2.694538704193354,45.99648444564082,0.0004645592998713255,0.069921875,0.0024945231969468297,0.0024028101237490774,-0.010726340115070343,0.06911525875329971,0,0,0,512,0,0,512,0,0,,,,,,,,,,,,,,0.11356220406014472,0995f471de8c992a0460091a2ddbb45e:0:0,a4b00d8f8806963a064d0b0a8bd582eb:0:0,da5d42e18001b5d684ad66e9eceb79fb:0:0,9c04a1c4e38c5b83397b83775144bc8f:0:1734709710,8297fbf0b82bc88d0a0cc14dd5cf401d:1:1843693712,1.0
2891,1,91,1,legacy,0.00025943238731218697,0.0,2.704891222432375,46.17729390156455,0.01279306411743164,0.05546875,0.001550904754549265,0.0026265466120094063,0.012181299738585949,0.07224824279546738,0,0,0,512,0,0,512,0,0,,,,,,,,,,,,,,0.1112897489219904,0995f471de8c992a0460091a2ddbb45e:0:0,d8c41d6dd9a0344516acf29e46bf8da8:0:0,1738be1b7e6a61b0969cc1006f1e3196:0:0,5dfbbf0c9a2fd5586b0f1b591a453f8f:0:3587550829,1f3c69e647f99d0ca79f0418280a5ddb:0:2943436507,1.0
2892,1,92,1,legacy,0.00025898163606010013,0.0,2.697797543705906,46.50496100075543,0.004992270842194557,0.0470703125,-0.0033191048540174963,0.0027840593014843763,-0.01073788944631815,0.07437827438116074,0,0,0,512,0,0,512,0,0,,,,,,,,,,,,,,0.11082538799382746,0995f471de8c992a0460091a2ddbb45e:0:0,83e7fbe2c0469b71896314659097b423:0:0,9412d57953541e6eedd0781d893f9491:0:0,9f725efcd38d70068e9313c68879c28f:0:1958209893,1f2b1172998a7a14d88d2052ab88640e:0:898583650,1.0
2893,1,93,1,legacy,0.00025853088480801335,0.0,2.693174646099669,46.67897237231955,4.8568472266197205e-05,0.0142578125,0.00043750256299972533,0.002542992343660444,-0.0016898656031116843,0.07130531966686249,0,0,0,512,0,0,512,0,0,,,,,,,,,,,,,,0.11271556001156569,0995f471de8c992a0460091a2ddbb45e:0:0,2e4ddc0f281f723baa8932fb2667065e:0:0,061e82f24b414e1e45bbdd00f4bc256e:0:0,23240d46cb5c9cc91d0d63bdcbe2458f:0:1178478958,cf1e2d55404249ca10f9366b11643620:0:3815229988,1.0
2894,1,94,1,legacy,0.0002580801335559265,0.0,2.695056918560838,46.8089567439165,0.0014050567988306284,0.158984375,0.008348775398917496,0.0027261870331130923,0.0014333759900182486,0.07381806522607803,0,0,0,512,0,0,512,0,0,,,,,,,,,,,,,,0.1208195349900052,0995f471de8c992a0460091a2ddbb45e:0:0,dd6777c848312fc207260bbfb5a815a4:0:0,194389d4af466e9768e3e779f1a4a344:0:0,5a93ea667bd3c3349ef4fd7d147ec88f:0:3022974737,4a8b6cae6fcd1872233a16ff11d27542:1:3679197804,1.0
2895,1,95,1,legacy,0.00025762938230383973,0.0,2.6903034745709618,47.060951293678954,0.0003767183516174555,0.0978515625,-0.0006092872936278582,0.002612237387802452,-0.0046287477016448975,0.07223622500896454,0,0,0,512,0,0,512,0,0,,,,,,,,,,,,,,0.11836996697820723,0995f471de8c992a0460091a2ddbb45e:0:0,c9a1ad7883937ed0ecbc2ef1a06bc14e:0:0,c8770d8810c925ba6d63a4da235c4c62:0:0,9f57ff8ccc7a97b15774ce82924f4b8f:0:482110392,feb4b0ff672a22cf3a914814e3005ec3:0:2286678487,1.0
2896,1,96,1,legacy,0.0002571786310517529,0.0,2.6939620635035477,46.9190125935711,0.0074955737218260765,0.0609375,0.0004909838084131479,0.002602144400589168,0.003138031344860792,0.07210596650838852,0,0,0,512,0,0,512,0,0,,,,,,,,,,,,,,0.1190009870333597,0995f471de8c992a0460091a2ddbb45e:0:0,f34a39c6541ae8c8c423bc09c8ffa4c0:0:0,37434988f0827476f978766c944e4ede:0:0,0b604060fb5fae4023aebf8c7553ce8f:0:3392389115,79eb92026347581f03ce5897f2f921d2:0:1190782773,1.0
2897,1,97,1,legacy,0.0002567278797996661,0.0,2.695703919957349,46.68346994440071,0.001884450321085751,0.073828125,0.00281769628636539,0.002590798120945692,0.0020524822175502777,0.07194272428750992,0,0,0,512,0,0,512,0,0,,,,,,,,,,,,,,0.11391519103199244,0995f471de8c992a0460091a2ddbb45e:0:0,2b46737bd2689b7bb7db59040b749e90:0:0,beb96a5cf0b23b1421f3cece7862aef1:0:0,9be059af3fb473b98dfeb498ed8c518f:0:3746095240,0af96d88d6f82a2df1cc8d7e8b58b402:1:4274878525,1.0
2898,1,98,1,legacy,0.0002562771285475793,0.0,2.6906625177476937,46.61890479037538,0.0020366436801850796,0.08984375,0.0009602919220924377,0.0026272070594131947,-0.003807887900620699,0.07244714349508286,0,0,0,512,0,0,512,0,0,,,,,,,,,,,,,,0.11474111198913306,0995f471de8c992a0460091a2ddbb45e:0:0,74cd6a2c7eff704a75d471912b8e1fab:0:0,f6ad2ee8f8d2999d5e63903b47c8cd09:0:0,7a745b84fa1df7b7153d8ce62af8d48f:0:1133808865,bcddad06f1b3c72104d377b3d7f7036d:1:3043642505,1.0
2899,1,99,1,legacy,0.0002558263772954925,0.0,2.698315807222082,46.73356526182033,0.007423011120408773,0.0822265625,0.0017314415890723467,0.00263895473908633,0.008559414185583591,0.07253541052341461,0,0,0,512,0,0,512,0,0,,,,,,,,,,,,,,0.12200718896929175,0995f471de8c992a0460091a2ddbb45e:0:0,c4bdb2723f5bea03dada4c939f83c836:0:0,f6a3037fa5b54339796497de16d3c61e:0:0,a730022b1f543156a80422f25d99578f:0:1822516915,5bfd3b0a1f1d62a965b1f1ec76ece2fb:1:3321972985,1.0
2900,1,100,1,legacy,0.00025537562604340566,0.0,2.696383733912022,46.399060741532594,0.0016800141893327236,0.1751953125,0.004968588147312403,0.0024262111401185393,-0.0047337813302874565,0.06959584355354309,0,0,0,512,0,0,512,0,0,,,,,,,,,,,,,,0.11396214901469648,0995f471de8c992a0460091a2ddbb45e:0:0,05aebd03e0f7cbdc79c7972e8a15f2c3:0:0,5869110edc0dce2faddb679e0fb7d574:0:0,f2430b19e4f4a90853ee4c7bb56dda8f:0:450131493,856df47984e01a2b961937594e44a6e2:1:1699896932,1.0
2901,1,101,1,legacy,0.0002549248747913188,0.0,2.6851077336571403,46.07850821921602,0.000921641243621707,0.03515625,0.0004741120443213731,0.0026458579930476846,-0.008875105530023575,0.07260165363550186,0,0,0,512,0,0,512,0,0,,,,,,,,,,,,,,0.1224463488906622,0995f471de8c992a0460091a2ddbb45e:0:0,3bec873bd684948df0044863a94c5cd6:0:0,946fbb92c5a446655b168670596d80fa:0:0,64cd009916b8b19628ddda8062765d8f:0:1735789734,8dc0700608f8938696ebdd2a9e5e3b83:1:2463421696,1.0
2902,1,102,1,legacy,0.00025447412353923204,0.0,2.685871510669536,45.960266049951315,0.0027965218760073185,0.19921875,0.010839791595935821,0.0026826956775039433,0.004124312661588192,0.07317028939723969,0,0,0,512,0,0,512,0,0,,,,,,,,,,,,,,0.11663829092867672,0995f471de8c992a0460091a2ddbb45e:0:0,0d06c567863d195e903197c29ce04d70:0:0,8f2ff869cf4caae2b7c7ed7340d5fd5e:0:0,ac08c77adb8a9a96503d993e94b2e08f:0:3364480783,953e419967c513616ffc39923a0c3bc5:1:1525565765,1.0
2903,1,103,1,legacy,0.0002540233722871452,0.0,2.67602280383157,46.52518746443093,0.020648373290896416,0.0830078125,-9.751664474606514e-05,0.0025483200093731283,-0.010921919718384743,0.0711989626288414,0,0,0,512,0,0,512,0,0,,,,,,,,,,,,,,0.11585218599066138,0995f471de8c992a0460091a2ddbb45e:0:0,9fef1c64ef7029a7f42a820035bb48a7:0:0,ac806fa45781a7c53c2687ba627aef80:0:0,cea2bd6f16408677584450347c23638f:0:3718999372,4804d7aaacf92ec55a67068c2abb7ea5:1:2484602008,1.0
2904,1,104,1,legacy,0.0002535726210350584,0.0,2.683460084877386,46.83501608669758,0.0017850877484306693,0.085546875,-0.0039251790381968025,0.0026032607303932307,0.009712545201182365,0.07202060520648956,0,0,0,512,0,0,512,0,0,,,,,,,,,,,,,,0.11831070901826024,0995f471de8c992a0460091a2ddbb45e:0:0,99cedf0529245a1cd0ed521b31e15d0a:0:0,91c766a281be8e129d7930adbba1559d:0:0,3c684b07f50ece56b337c22048c7e68f:0:1370693311,b57bc39d4c4802d726bd96576b60035d:1:2924558656,1.0
2905,1,105,1,legacy,0.0002531218697829716,0.0,2.6862639270853306,47.20276184962131,0.006553483195602894,0.0974609375,-0.005478863685857505,0.0022638481110334395,-0.001390568446367979,0.06727010756731033,0,0,0,512,0,0,512,0,0,,,,,,,,,,,,,,0.11661287606693804,0995f471de8c992a0460091a2ddbb45e:0:0,d403f50e9792fc3b866e67fc51bf7b4f:0:0,2975e00bbd8b8424c6da9eefced30a73:0:0,667891e0ad0f1dd16aafad002aa0698f:0:3619303174,0506ff4bd53e66b7443cfddc7981bb54:1:2694644043,1.0
2906,1,106,1,legacy,0.0002526711185308848,0.0,2.6827180159688635,47.658928734017536,0.0016529973363503814,0.1560546875,-0.002187336329370737,0.002890525059774518,-0.0043959841132164,0.07597777992486954,0,0,0,512,0,0,512,0,0,,,,,,,,,,,,,,0.11621290107723325,0995f471de8c992a0460091a2ddbb45e:0:0,cd3217678325a387a93666b1d02a98e7:0:0,5d590befaec68658f8daf4b48d2846b9:0:0,ce34a4a1cc84b0ff06d8ca1251acec8f:0:2379641765,e6fa5641a9ac70888339c9c9e0d61949:1:3788489764,1.0
2907,1,107,1,legacy,0.00025222036727879797,0.0,2.6844378723176163,47.84639106946997,0.008212564513087273,0.0427734375,-0.0025243737734854223,0.002429976174607873,0.003144623478874564,0.06966864317655563,0,0,0,512,0,0,512,0,0,,,,,,,,,,,,,,0.1251587070291862,0995f471de8c992a0460091a2ddbb45e:0:0,fbc736a6e8fc5093b08be3ab68ec44f7:0:0,21d1340c5946ed3d953f558f77e8e176:0:0,cdb9fb0efed15ec6a9b7cdd4eded6f8f:0:3336258151,b8df1b9f674c1b0c64e90feb828abf56:1:1372821274,1.0
2908,1,108,1,legacy,0.0002517696160267112,0.0,2.6866508707444554,47.766797518124804,0.0001367736840620637,0.0078125,0.00027173662092536686,0.0026715845335274933,0.0027922375593334436,0.07298962026834488,0,0,0,512,0,0,512,0,0,,,,,,,,,,,,,,0.11852656409610063,0995f471de8c992a0460091a2ddbb45e:0:0,abfb2be758a161aa85c9b45ca7d19681:0:0,ba9e1fdbaa07af122edb920bac935bd8:0:0,79214714905a59be5e6c68062f61f28f:0:4243500228,7dfcf7c9f4ab75fbbca53f11cef9eab7:0:1956986521,1.0
2909,1,109,1,legacy,0.00025131886477462435,0.0,2.682499497714533,47.919425286818296,0.009130359627306461,0.0259765625,-0.0006552609615027904,0.0027589537086896597,-0.005432755220681429,0.07420088350772858,0,0,0,512,0,0,512,0,0,,,,,,,,,,,,,,0.11291505105327815,0995f471de8c992a0460091a2ddbb45e:0:0,0e6abebd8c568f498b517ae776c5ddd5:0:0,cdfecca9835e8d832010624caa305e1d:0:0,ebd2502376e6d1c49c7443a4460a758f:0:3917799884,a7bab6a2d24b91c2dea7c468cdfa79c0:0:1695537396,1.0
2910,1,110,1,legacy,0.0002508681135225375,0.0,2.6843404681294483,48.46183870686218,0.0006411162903532386,0.0568359375,-0.004654232040047645,0.0024603100202511994,0.0007457644678652287,0.07012056559324265,0,0,0,512,0,0,512,0,0,,,,,,,,,,,,,,0.11671735008712858,0995f471de8c992a0460091a2ddbb45e:0:0,73601d90a9f3149bc157b456a24e8846:0:0,6c88d0eca1503e8729a2a5f96ac145e7:0:0,a85517451c4de083feee06ed61e6f88f:0:1780443846,bc4595ba8642642a66418ec04b63980f:0:922065475,1.0
2911,1,111,1,legacy,0.00025041736227045074,0.0,2.678847601847389,48.5521059774328,0.00028062949422746897,0.081640625,-0.0009695141576230526,0.002796257322188467,-0.0049161408096551895,0.07467567920684814,0,0,0,512,0,0,512,0,0,,,,,,,,,,,,,,0.12752474390435964,0995f471de8c992a0460091a2ddbb45e:0:0,88931eb55410a3886655eadf870170cc:0:0,877cc56e539d3b55deb4cd8e50c1b18a:0:0,fd517f60a5946b112fdc535fb2f77b8f:0:2769967230,a70f1d8571829e94e1fce0b60150e543:0:2578999613,1.0
2912,1,112,1,legacy,0.00024996661101836396,0.0,2.6881185245098314,48.188435594784096,0.004749483894556761,0.016796875,0.0008479260141029954,0.002499004965648055,0.006535596214234829,0.07056594640016556,0,0,0,512,0,0,512,0,0,,,,,,,,,,,,,,0.14648460794705898,0995f471de8c992a0460091a2ddbb45e:0:0,d061ee48ae99d340c19ad1c63bd86b85:0:0,19f2b8ff04b1997f48a91b64e9817107:0:0,f02f7965efe6e2d30768c5b9693bfe8f:0:1954270664,5ca335c1c58b27dcd481cfe9c53654b6:0:2061948176,1.0
2913,1,113,1,legacy,0.0002495158597662771,0.0,2.6807821176834623,48.89868507743813,0.00014207942876964808,0.0888671875,0.00035596271045506,0.0027111207251437008,-0.009387454949319363,0.07346346974372864,0,0,0,512,0,0,512,0,0,,,,,,,,,,,,,,0.11712169495876878,0995f471de8c992a0460091a2ddbb45e:0:0,d83a71d91c6ee1652d8276061dcf28d3:0:0,e4735e4f7ab9ecbd2672daed3680932a:0:0,8e9ee2aaff260fe4df26f5f8b4b4818f:0:1232228813,7b38c227630203775deddd89317c4863:1:1241066576,1.0
2914,1,114,1,legacy,0.0002490651085141903,0.0,2.687461527849796,48.578580643516034,7.928523700684309e-05,0.0171875,0.0011377515271306037,0.0026228052913211284,0.007970246486365795,0.07230693101882935,0,0,0,512,0,0,512,0,0,,,,,,,,,,,,,,0.13568939501419663,0995f471de8c992a0460091a2ddbb45e:0:0,ac6fa4e004491a177a33f2bb36711af2:0:0,03264db97c73c673583e2b831faf0c27:0:0,326aabf31f094f231957775bc561048f:0:3133322205,3a897672eaa9c520b6463bb9f59040f4:0:391263037,1.0
2915,1,115,1,legacy,0.0002486143572621035,0.0,2.6865885144647095,48.47259144880809,0.004186589270830154,0.082421875,0.004000978614203632,0.0030320756603032352,-0.0008590333163738251,0.07785570621490479,0,0,0,512,0,0,512,0,0,,,,,,,,,,,,,,0.12014897994231433,0995f471de8c992a0460091a2ddbb45e:0:0,093e68df2d85140ebeee2c9d8a9f1ffb:0:0,a2a91b2f6988ac669fbac9539bf6fdff:0:0,2c6780878023ee11dc2ad860cb41878f:0:870189483,95329c35b89fa79e66120c513fec8818:1:607885692,1.0
2916,1,116,1,legacy,0.00024816360601001667,0.0,2.6796273326350843,48.96820877911523,0.0016120143700391054,0.0431640625,0.000729627744294703,0.0027225758880376817,-0.007401314098387957,0.07369138300418854,0,0,0,512,0,0,512,0,0,,,,,,,,,,,,,,0.16349736193660647,0995f471de8c992a0460091a2ddbb45e:0:0,e124809a4c6c4d6d912414efc48c37b1:0:0,7e521221d86ad0f3f30c19a78d995e5c:0:0,852a2db3a5668ece0104a2c5f6560a8f:0:697844256,116b5b21cd0dcd7139f6bb57d087386d:1:3263815175,1.0
2917,1,117,1,legacy,0.0002477128547579299,0.0,2.6859304986359085,48.85634605307132,0.008884941227734089,0.108203125,-0.0003351028310135007,0.002968835597857833,0.008584030903875828,0.07693155109882355,0,0,0,512,0,0,512,0,0,,,,,,,,,,,,,,0.11866661405656487,0995f471de8c992a0460091a2ddbb45e:0:0,78acee8fafa85730a9b90fd9a48bc61c:0:0,74f08f4bd20da5d1e94e5eb2f9bef13a:0:0,d3f2db108500be3837be5b89769e8d8f:0:3356073785,51b2019adf20da3f60e79efcde8b7a16:1:3120730901,1.0
2918,1,118,1,legacy,0.00024726210350584305,0.0,2.685293238620547,48.19637679611333,0.006387015338987112,0.053125,0.0016171300783753395,0.0029921228415332735,-0.0003213474992662668,0.07733070105314255,0,0,0,512,0,0,512,0,0,,,,,,,,,,,,,,0.11779010703321546,0995f471de8c992a0460091a2ddbb45e:0:0,13bb91e99a3f373930212c43b8d88406:0:0,48965db05a0d8cd13013b68d96b1d6bd:0:0,aeeb4a83d0d2268a5dea82e97c1b108f:0:223713574,647ee063c46e53209185e1eb9b62129c:1:2250301050,1.0
2919,1,119,1,legacy,0.00024681135225375627,0.0,2.683030648631597,48.755448404699564,0.021815253421664238,0.0623046875,-0.0039599395357072355,0.0026608020067214965,-0.0029341736808419228,0.0729186087846756,0,0,0,512,0,0,512,0,0,,,,,,,,,,,,,,0.11838677397463471,0995f471de8c992a0460091a2ddbb45e:0:0,9ef50ef1d73bc1db9a9886edf3ff9e5b:0:0,244c27aaf185e2bf04cf91b6d1d652d6:0:0,f15992e96ee608870a17946436cb938f:0:3034605781,4f2ab34c13f3bd3e036f6b87b82372a3:1:435399048,1.0
2920,1,120,1,legacy,0.00024636060100166943,0.0,2.6808012377088746,48.18050376488827,0.00021607894450426102,0.13046875,0.0051945383893325925,0.002752088289707899,-0.002081547863781452,0.07416241616010666,0,0,0,512,0,0,512,0,0,,,,,,,,,,,,,,0.13626789406407624,0995f471de8c992a0460091a2ddbb45e:0:0,b86fbacaa8eda82109c74f2f8dfaf15c:0:0,1dccd9d2a8a22df4e1f3553735cfcc7a:0:0,92b60937c1bee5734b1306b7d6b0168f:0:24178495,235c2cd2de8dce9ae5b9a2aa1eedb69e:0:80143758,1.0
2921,1,121,1,legacy,0.00024590984974958265,0.0,2.6277065936940955,48.252196359680966,0.0004030147101730108,0.1193359375,-0.0028546721674501895,0.0027188815409317614,-0.05494993180036545,0.06878197938203812,0,0,0,512,0,0,512,0,0,,,,,,,,,,,,,,0.12045226304326206,0995f471de8c992a0460091a2ddbb45e:0:0,993bc1d9a3e6edf94b5ef045ba864614:0:0,c09263508ad8ce082b51ed475c73a332:0:0,bdf870c7fa83840a9b2c4be28bc8998f:0:1984619158,9167920947625f39e195908b04b37fba:0:607982088,1.0
2922,1,122,1,legacy,0.0002454590984974958,0.0,2.630262503980775,47.961292118998244,0.007916302420198917,0.0662109375,0.002279856614768505,0.002792392170522362,0.011790165677666664,0.07421668618917465,0,0,0,512,0,0,512,0,0,,,,,,,,,,,,,,0.12146512605249882,0995f471de8c992a0460091a2ddbb45e:0:0,b0e652adc7e774ef5ac9401c1ee5ba2d:0:0,f992657a9f4f15dbef35b35752275216:0:0,b2d263764c69ba9d0777d12286151c8f:0:625780682,7643b18174e561332700798282276b7d:1:3054522994,1.0
2923,1,123,1,legacy,0.000245008347245409,0.0,2.6314152629753558,48.504402447724715,1.735868863761425e-06,0.10234375,0.0038320464314892887,0.0030107207130640745,0.000728741055354476,0.07755579054355621,0,0,0,512,0,0,512,0,0,,,,,,,,,,,,,,0.11052722798194736,0995f471de8c992a0460091a2ddbb45e:0:0,498a12df0410b3662197d0ea498febb3:0:0,403260baf40e607ff4db6614bbbba5a0:0:0,84a5acbe7906a8878b11fef5f5959f8f:0:3326712708,bf98c095b0065bf66242343b1651159f:0:3915205806,1.0
2924,1,124,1,legacy,0.0002445575959933222,0.0,2.630981986859169,48.56549162650481,0.002145247533917427,0.192578125,0.002173018082976341,0.002617111417930573,-0.0014914822531864047,0.0723344013094902,0,0,0,512,0,0,512,0,0,,,,,,,,,,,,,,0.11896267510019243,0995f471de8c992a0460091a2ddbb45e:0:0,a01a5f023af295122d489a0a4a1ee63c:0:0,9b89563cdc981574c6ab90154cd5d0c5:0:0,c3a5bf03d07749369e62391b0a4a228f:0:2249775677,57da78a4ad6766c0679146423aaf693d:1:1082124674,1.0
2925,1,125,1,legacy,0.00024410684474123536,0.0,2.6270975117815047,48.0841756798327,0.0017266921931877732,0.067578125,0.002585666347295046,0.0028060117969289423,-0.003038262715563178,0.07489192485809326,0,0,0,512,0,0,512,0,0,,,,,,,,,,,,,,0.11645574599970132,0995f471de8c992a0460091a2ddbb45e:0:0,f30c7cd124dcba1eaa90017146100687:0:0,d519e12980c1917bd8dcca0e74ff2a1c:0:0,d2e2570c669f8ae2fa5dde8ff432a58f:0:4170725674,a9c2d2c560fc01f0da61c6701a46aa36:0:761179818,1.0
2926,1,126,1,legacy,0.00024365609348914858,0.0,2.6323996217674166,48.29996905755252,0.004271466750651598,0.0505859375,-0.00012891129590570928,0.0025447010528296234,0.005713764112442732,0.07129926234483719,0,0,0,512,0,0,512,0,0,,,,,,,,,,,,,,0.1204701509559527,0995f471de8c992a0460091a2ddbb45e:0:0,ec4b0329dfeaa84277aeae7151ad7d8d:0:0,126cc1a71f669e1480e08b826bc9f16f:0:0,9cb3de91e80953388fcb4992e34f288f:0:102141175,66036ee42fe79e819369f85f8d36d045:0:1755800186,1.0
2927,1,127,1,legacy,0.00024320534223706174,0.0,2.629615334877736,48.22562474873848,4.598649684339762e-05,0.1005859375,-0.0019737409427762033,0.0024708755081519485,-0.0032911021262407303,0.07026775181293488,0,0,0,512,0,0,512,0,0,,,,,,,,,,,,,,0.12554719194304198,0995f471de8c992a0460091a2ddbb45e:0:0,8852d34e0784aba034757a7a0d846c94:0:0,f5f5961d4c3426f39e0d8355c903310c:0:0,bfbb6adb25381c17b284cfa2079fab8f:0:1257391439,2864b8f1823b19ab2830256a2ab4adba:0:71308583,1.0
2928,1,128,1,legacy,0.00024275459098497493,0.0,2.6285098318230773,48.27124075964093,0.01802535355091095,0.0361328125,0.0007366358768194914,0.002509289490990341,-0.000686573563143611,0.07080229371786118,0,0,0,512,0,0,512,0,0,,,,,,,,,,,,,,0.12248737888876349,0995f471de8c992a0460091a2ddbb45e:0:0,2cb40f547fc63902ef38b03ca1d44164:0:0,d4d0e311ae9ca905b23121c4249d2e1f:0:0,d509becc1a9112a078bbc17b91242e8f:0:2482879581,e727fa7bc5de48ae16f88b67178fb662:0:4021849705,1.0
2929,1,129,1,legacy,0.00024230383973288812,0.0,2.6267960187007837,47.672793542733416,0.016463832929730415,0.0591796875,0.001877448009327054,0.002685388445388526,-0.0015857103280723095,0.07325036078691483,0,0,0,512,0,0,512,0,0,,,,,,,,,,,,,,0.11156903498340398,0995f471de8c992a0460091a2ddbb45e:0:0,e19a76c3a029b49e1f14481e8e32e22b:0:0,c3eb2186200195235a6a492201d5dd54:0:0,b50a1ff2ed42e2b84e3b6b1dafdcb18f:0:2809795826,9f01c6cf38bbc53f3614c97c03ec1c6f:1:1719054258,1.0
2930,1,130,1,legacy,0.00024185308848080132,0.0,2.6303057017891773,47.254133434034884,0.017248930409550667,0.1591796875,0.0019157553557306527,0.002387973654549569,0.0029081646353006363,0.0690586119890213,0,0,0,512,0,0,512,0,0,,,,,,,,,,,,,,0.11088395805563778,0995f471de8c992a0460091a2ddbb45e:0:0,b52ea2a05b80714bb43a57bce3ec1ae7:0:0,1dbe40cf93f9b8cf148967c9b53e9098:0:0,de14e3030ae39939bbac13c693c9348f:0:1910606642,1a5225d021a0f026f24741a796284356:1:3282064785,1.0
2931,1,131,1,legacy,0.0002414023372287145,0.0,2.6263572883529918,46.92164596053772,0.0031061493791639805,0.0109375,0.00044986438006162645,0.0025184934027493,-0.005775481462478638,0.07087106257677078,0,0,0,512,0,0,512,0,0,,,,,,,,,,,,,,0.10945446696132421,0995f471de8c992a0460091a2ddbb45e:0:0,7dea3970d8b609bb0db5fd6d5f52bb63:0:0,bc24462beaba1522194a7e8a0ee630b9:0:0,c27e552051c646fe61d5fdf46ce9b78f:0:2832481583,07030d74a2ffa31093ca3402c1f6af45:1:3395591355,1.0
2932,1,132,1,legacy,0.0002409515859766277,0.0,2.6300913220883695,46.69937980361283,0.0010217884555459023,0.109765625,-0.0011069978820160032,0.0025800672709010543,0.0014413720928132534,0.07179860770702362,0,0,0,512,0,0,512,0,0,,,,,,,,,,,,,,0.10814654105342925,0995f471de8c992a0460091a2ddbb45e:0:0,15f8cde331681367add75effab834f58:0:0,05212f574e2fef96e268ea7515f8340e:0:0,09134386e3554ef328e467656b3e3a8f:0:142461240,15f726c895bcf70146dedf7802e6cf39:0:3264827341,1.0
2933,1,133,1,legacy,0.0002405008347245409,0.0,2.630494390388744,46.6484950738959,0.006668282672762871,0.0341796875,0.0007783439708873629,0.0025102882646024227,0.001716886181384325,0.07083184272050858,0,0,0,512,0,0,512,0,0,,,,,,,,,,,,,,0.1193561409600079,0995f471de8c992a0460091a2ddbb45e:0:0,068c87403551d82fd92e3a8218756fbf:0:0,caa9dfac221d38d9efd398d7235b3343:0:0,591539b500098966a3a88917bec6bd8f:0:1020504042,589c549523a92975a7da54c088b14e1f:0:1637723133,1.0
2934,1,134,1,legacy,0.00024005008347245408,0.0,2.6286431695971637,46.34349776315503,0.012208182364702225,0.0201171875,0.0005380903370678425,0.0024118825094774365,-0.0014768687542527914,0.06942112743854523,0,0,0,512,0,0,512,0,0,,,,,,,,,,,,,,0.11865550908260047,0995f471de8c992a0460091a2ddbb45e:0:0,1d3460395fdadf2be0d30ac4a085bc2a:0:0,3a714dd0d98ae0b236210460c30b7a9f:0:0,ce5c2e770de1a6c1a6dc97499783408f:0:388485964,6e484cfb9bb00cdca3917d7b39d0b5f4:1:1276585241,1.0
2935,1,135,1,legacy,0.00023959933222036727,0.0,2.628161883532253,45.96193565521389,0.011550946161150932,0.098828125,0.002377609699033201,0.0027133421739563347,0.0008041621185839176,0.07363984733819962,0,0,0,512,0,0,512,0,0,,,,,,,,,,,,,,0.11147888796404004,0995f471de8c992a0460091a2ddbb45e:0:0,3b73104f473f42dddf98eaf7a92cc129:0:0,a9b5363bbdba350d22e204a346e30b8a:0:0,f88e8146ae887bda1466c1792573c38f:0:3013673214,8cfc9137d201750090050b587a238c9f:1:4110704435,1.0
2936,1,136,1,legacy,0.00023914858096828044,0.0,2.629260370598726,45.694359292974696,0.020190229639410973,0.0396484375,-0.002120104036293924,0.002531715505756438,0.0010822509648278356,0.07111912220716476,0,0,0,512,0,0,512,0,0,,,,,,,,,,,,,,0.10995504504535347,0995f471de8c992a0460091a2ddbb45e:0:0,862c9e527f383a721f539f1dc40bfaa0:0:0,016ac2571e01738bb56f5ee09386a656:0:0,dabdca8891a4220fda9c32649898468f:0:2279845924,16eb6d088d1f8f8e55f3e7c249ace655:1:3659056214,1.0
2937,1,137,1,legacy,0.00023869782971619365,0.0,2.632004100445956,44.84097600216046,0.00394826103001833,0.1150390625,-0.0007170894648879766,0.002265285374596715,0.0036946116015315056,0.06726359575986862,0,0,0,512,0,0,512,0,0,,,,,,,,,,,,,,0.15127730194944888,0995f471de8c992a0460091a2ddbb45e:0:0,634568e35cd23e9f379b31a43bb5ca03:0:0,9a7023f6063f63dcc24ecc5f657f4aa3:0:0,1fd8398d7a1315642784100a20f0c98f:0:3597711443,77bf53e151ebbe9a5b07dd89e05ad7d4:1:2374716017,1.0
2938,1,138,1,legacy,0.00023824707846410682,0.0,2.6366798004456977,44.851514289621264,0.0075095538049936295,0.0349609375,-0.00012350897304713726,0.002226886572316289,0.0028077680617570877,0.06668002903461456,0,0,0,512,0,0,512,0,0,,,,,,,,,,,,,,0.16589776508044451,0995f471de8c992a0460091a2ddbb45e:0:0,9ee927f3d2a461c55d3659f18b2ce1be:0:0,00e4537baf6e7b70220f69a30dc90db7:0:0,778a5a05ba27babad01a7ba7ee7d4c8f:0:2732044717,1fe142678ca2f0177948af0addf72177:1:3234681818,1.0
2939,1,139,1,legacy,0.00023779632721202,0.0,2.6332850362173468,44.47212402592413,0.00156107684597373,0.0810546875,-0.004290144657716155,0.0024477919563651086,-0.0025880434550344944,0.0699109137058258,0,0,0,512,0,0,512,0,0,,,,,,,,,,,,,,0.1670503430068493,0995f471de8c992a0460091a2ddbb45e:0:0,fd3b5590f01932783c9d803b9be73533:0:0,6b3d9f8835db70e8c4220b32af622fa8:0:0,af819f073b3df875eb9391bc313dcf8f:0:3613474822,6105994cb2f8bdc01a7d040dbb710ef8:1:2310223995,1.0
2940,1,140,1,legacy,0.0002373455759599332,0.0,2.6279280788325448,44.313073076773435,0.01624727062880993,0.0541015625,-0.0004953729221597314,0.0023745110142044724,-0.00916212797164917,0.06871496140956879,0,0,0,512,0,0,512,0,0,,,,,,,,,,,,,,0.16820962401106954,0995f471de8c992a0460091a2ddbb45e:0:0,93ec95e9d9436921b9198bc0ce2179a4:0:0,235aa99bc8cf22ab7207a4a7d8beba54:0:0,28b0ab10f851cb9ba29e6a051932528f:0:1159891888,c70b380d5632b8a236a8aa7fdd5a7df0:0:3375973812,1.0
2941,1,141,1,legacy,0.0002368948247078464,0.0,2.715089912819602,44.76823077420704,0.004519876092672348,0.0970703125,-0.0014933280646800995,0.0035225288360379637,0.0847388431429863,0.07333024591207504,0,0,0,512,0,0,512,0,0,,,,,,,,,,,,,,0.13928743894211948,0995f471de8c992a0460091a2ddbb45e:0:0,91fc87938004d9ec8ef6652234a9209a:0:0,a6641468f0d3e0d3ceca98fa3cab5203:0:0,8dccd9cfa98903b632a81780d65ad58f:0:4026170055,2c0272340a29f8e79fc69ae78d929ca7:0:2283174045,1.0
2942,1,142,1,legacy,0.00023644407345575958,0.0,2.7191558841721246,45.12235104339197,0.022172750905156136,0.1955078125,-0.001103612594306469,0.002530889050103724,-0.011577986180782318,0.07014655321836472,0,0,0,512,0,0,512,0,0,,,,,,,,,,,,,,0.1341491900384426,0995f471de8c992a0460091a2ddbb45e:0:0,1da64cef32e48c203f96f24c73c9a0d5:0:0,6315864ff401ba0b126702d7d59f7ce8:0:0,ddd9210237ed8f9e251ea86d98b7588f:0:2400378718,36730ed609f7b5a040497f6ce4ee8990:1:3783504339,1.0
2943,1,143,1,legacy,0.00023599332220367277,0.0,2.7177138971126675,45.75569610460661,0.017822379246354103,0.1154296875,0.0017509552650153636,0.002764480106998235,-0.0016235662624239922,0.07421586662530899,0,0,0,512,0,0,512,0,0,,,,,,,,,,,,,,0.16646523505914956,0995f471de8c992a0460091a2ddbb45e:0:0,ac987518d7620be491d938fd60859ce4:0:0,27aed041df2e14700edae463e4b64e75:0:0,1c2b30ed6ce1055ebab426499047db8f:0:2739748397,fe2e0536512851bfa57a80d49304dc8c:1:3064531909,1.0
2944,1,144,1,legacy,0.00023554257095158597,0.0,2.7261510960712285,46.06747368816286,0.000636563403531909,0.03359375,-0.0013587522553279996,0.0031225838814862073,0.010663138702511787,0.07885608077049255,0,0,0,512,0,0,512,0,0,,,,,,,,,,,,,,0.16754535504151136,0995f471de8c992a0460091a2ddbb45e:0:0,32fbed8b6da43b9efff0bb26d2c5fe9c:0:0,74021419c3084a5c4c4dc7db67707c16:0:0,85f94189301d4f648aa195d2ed0c5e8f:0:4001925365,343753bb0a8e922e50b66a8bd48743ba:0:2359501833,1.0
2945,1,145,1,legacy,0.00023509181969949916,0.0,2.7249521035341986,46.04282844811678,0.009420925751328468,0.1265625,0.0014097739942371846,0.0025974241900257765,-0.0034290533512830734,0.07203226536512375,0,0,0,512,0,0,512,0,0,,,,,,,,,,,,,,0.16973796603269875,0995f471de8c992a0460091a2ddbb45e:0:0,f7c3f45c3b1ed11c8d5bc0e0ec01a467:0:0,7acb3c2b4c69640a4d300f9480dab3e6:0:0,fc8bcf2a8961a92655e9f707df04e18f:0:1388605530,157e4e868dfb85a538f10a6921464bec:0:1231845927,1.0
2946,1,146,1,legacy,0.00023464106844741235,0.0,2.7224484693028286,46.49090678431094,0.0047362810000777245,0.090625,-0.0006392503622919321,0.002585938014090061,-6.44907122477889e-05,0.07189849764108658,0,0,0,512,0,0,512,0,0,,,,,,,,,,,,,,0.1727937429677695,0995f471de8c992a0460091a2ddbb45e:0:0,2b8d7ae1ffa916dddd658cc7ff021738:0:0,672c58c63c2a1e794c91589eeb087e21:0:0,9f9f7f18803655780e9d45269631648f:0:2083262051,6db42744b3063a4d32bf64e1dec21e0e:0:3095693419,1.0
2947,1,147,1,legacy,0.00023419031719532554,0.0,2.721947659150174,47.06648834981024,0.001989667769521475,0.013671875,0.00023980061523616315,0.0026347097707912328,-0.000468980404548347,0.07257306575775146,0,0,0,512,0,0,512,0,0,,,,,,,,,,,,,,0.17346025293227285,0995f471de8c992a0460091a2ddbb45e:0:0,749de6a2cb14cfdad8ea9d925c84a9dc:0:0,968e067bcd6389c7819233a1c4a7af68:0:0,8227796adc7cb8b8131b76ad4291e78f:0:2666356535,8262c65f6ed39b36750d81152ed64259:0:1074125167,1.0
2948,1,148,1,legacy,0.00023373956594323873,0.0,2.7213624927585713,47.045729390811175,0.00017761904746294022,0.041796875,0.0003690856043249369,0.002849347796291113,6.785057485103607e-05,0.0754770040512085,0,0,0,512,0,0,512,0,0,,,,,,,,,,,,,,0.1728263780241832,0995f471de8c992a0460091a2ddbb45e:0:0,10dcd6660f1b39820a550a95b1214cac:0:0,4351d8ec2a3b8295917b4f762c37d459:0:0,9c5ce8fcb5ccc1069d577d5a14266a8f:0:1296291159,1430406fd29d876a580f4e5348a0bfdc:1:2992765041,1.0
2949,1,149,1,legacy,0.0002332888146911519,0.0,2.7213817405544383,46.75214212620631,0.004752404522150755,0.0345703125,-0.0009171452838927507,0.0024793040938675404,-0.0001939963549375534,0.07037216424942017,0,0,0,512,0,0,512,0,0,,,,,,,,,,,,,,0.17833091609645635,0995f471de8c992a0460091a2ddbb45e:0:0,e32f8a100c497cf1bc8b4ab1ec5ba813:0:0,92e53df2617efdd83145bd77ad340e9a:0:0,67186355adebc6b7661a462b3aeeed8f:0:2190842880,a571cc004714de0f0e8b3281d6dc5418:1:1086907461,1.0
2950,1,150,1,legacy,0.00023283806343906509,0.0,2.721619081222099,47.26404540706426,0.0008647021604701877,0.001953125,0.00037393129896372556,0.0028241324936971067,0.0013689519837498665,0.07510852068662643,0,0,0,512,0,0,512,0,0,,,,,,,,,,,,,,0.18558844493236393,0995f471de8c992a0460091a2ddbb45e:0:0,b3638be1dbf5abeabd67af75e8084666:0:0,45fe18a1d217b7b636db9bdd4454bd5c:0:0,65a74867a3f44f2d7c45b95ee6eb708f:0:2409615628,9ea1c6a2f6261dae404762651d7bc17f:1:2413214649,1.0
2951,1,151,1,legacy,0.00023238731218697828,0.0,2.7247629187055695,46.95311423856765,9.755825158208609e-05,0.06484375,0.0015380561351776123,0.002665420842822641,0.004709484055638313,0.07295458018779755,0,0,0,512,0,0,512,0,0,,,,,,,,,,,,,,0.177536885952577,0995f471de8c992a0460091a2ddbb45e:0:0,eb8cfb54b2e48f26b478d4eb8a0cc453:0:0,459594e5fc103258f400d0d7ceecf222:0:0,2151740fa2115c515017ba73481bf38f:0:3731965646,5e05a2d640dbafb2a2111ccf66b7b498:0:3627439608,1.0
2952,1,152,1,legacy,0.00023193656093489147,0.0,2.7229333176038737,46.814400563016534,0.0008125334279611707,0.039453125,0.0008215892361477017,0.002818057150579989,-0.0026755081489682198,0.07502344995737076,0,0,0,512,0,0,512,0,0,,,,,,,,,,,,,,0.1757620150456205,0995f471de8c992a0460091a2ddbb45e:0:0,a381e9d9edd0c8c3569dd4c151cd2d9a:0:0,e8d93b1fb1b0a842b2bd369b851837a4:0:0,8150d0a3befb32d0f26d28268e80768f:0:813384799,738d6d9b8095dcc2f6270bdfc728453f:1:2077859800,1.0
2953,1,153,1,legacy,0.00023148580968280466,0.0,2.72318970972276,46.94824441103265,0.009389558807015419,0.045703125,0.0010456047486513854,0.002618256804998964,-0.0016373416874557734,0.07232482731342316,0,0,0,512,0,0,512,0,0,,,,,,,,,,,,,,0.19191349600441754,0995f471de8c992a0460091a2ddbb45e:0:0,709869db23a2546a013e10e7faf61312:0:0,3aaa12bce1b7a249a608ee694423c7c2:0:0,4b2899b0a6aec15a8804dc76ea18f98f:0:2385866955,372040dd2a87572197649b92c280d3ee:0:645726758,1.0
2954,1,154,1,legacy,0.00023103505843071785,0.0,2.724858951084154,47.49021597672254,0.011717301793396473,0.0958984375,-0.005974904773756862,0.002805169462226331,-0.00026516951038502157,0.07487734407186508,0,0,0,512,0,0,512,0,0,,,,,,,,,,,,,,0.16597509500570595,0995f471de8c992a0460091a2ddbb45e:0:0,baee52407413afa1d23f20b1bf8a152d:0:0,fde2d0e36df9cdeaf6a0f10e7f18d017:0:0,68bfb7947b241300f0c2aca28ae57c8f:0:1885070310,146c2162bd7ab6a34465b911364d0d3e:1:3934276803,1.0
2955,1,155,1,legacy,0.00023058430717863104,0.0,2.7152667295053243,47.84326980006881,0.002881925320252776,0.046484375,-0.0018674095161259174,0.00281887884484604,-0.011795970611274242,0.07484401017427444,0,0,0,512,0,0,512,0,0,,,,,,,,,,,,,,0.11695344897452742,0995f471de8c992a0460091a2ddbb45e:0:0,76b28f925b6ace59d5eabf36d4530147:0:0,8550b018d481bcf48710d0e3aa84eae1:0:0,8be10f15be1376faa2f26927a0e5ff8f:0:2277352029,e82fab9aef2c82640f00204872402a8e:1:3420648615,1.0
2956,1,156,1,legacy,0.00023013355592654423,0.0,2.721935059922518,47.92501644114964,0.010918865911662579,0.0939453125,-0.004604957811534405,0.002612276980653405,0.00811484083533287,0.07209595292806625,0,0,0,512,0,0,512,0,0,,,,,,,,,,,,,,0.14585936500225216,0995f471de8c992a0460091a2ddbb45e:0:0,2a6beb33757681c06ca8236bee501557:0:0,7193665a17404477df7a6fd5368aa70f:0:0,7f649a9ff82447eaba8addc45c1a828f:0:1216187083,1bd0f5b2179faefe4e52dcd62874c0ce:1:3243640997,1.0
2957,1,157,1,legacy,0.00022968280467445742,0.0,2.7228964922889873,48.280175658874214,0.008726688101887703,0.05078125,-0.00279724202118814,0.0028225187328644098,-0.0001915340544655919,0.07500537484884262,0,0,0,512,0,0,512,0,0,,,,,,,,,,,,,,0.14189083001110703,0995f471de8c992a0460091a2ddbb45e:0:0,f792c921aac27a5c1f82b45e509baed0:0:0,e491f945a6b3b7c0fa28e332db7aafa5:0:0,7b3184a8d82b7ce43c70d176ec83058f:0:3533825453,51af738c21c09ead19b93ead66030772:1:966653057,1.0
2958,1,158,1,legacy,0.0002292320534223706,0.0,2.7149958606639455,48.85282025788911,0.0031183846294879913,0.1150390625,0.002996822912245989,0.0028152055339887736,-0.01293873880058527,0.07480484247207642,0,0,0,512,0,0,512,0,0,,,,,,,,,,,,,,0.13809525198303163,0995f471de8c992a0460091a2ddbb45e:0:0,52abbc1f9ea37df805c5b45b401464a0:0:0,32ef7787a802d20b71a90b992662a119:0:0,4307531b8e6b6e578dba067d821f888f:0:3872968381,9a4f5973bea4c5cb594acb7d2eee794a:0:977349362,1.0
2959,1,159,1,legacy,0.0002287813021702838,0.0,2.7212574566950742,48.57357941218652,0.005414037499576807,0.14921875,0.00645827385596931,0.0029884526156820357,0.008319624699652195,0.07715612649917603,0,0,0,512,0,0,512,0,0,,,,,,,,,,,,,,0.14039795997086912,0995f471de8c992a0460091a2ddbb45e:0:0,5e9b5651f34d7a10fbb7b8f7c2b2c3fb:0:0,4fccd41e1d01572c32c401e14e7f285a:0:0,08e3c1b93411791a1ef03a564cf00b8f:0:1166343931,9103dc86b36765f50d2ae59ce0bc631c:0:2772283502,1.0
2960,1,160,1,legacy,0.00022833055091819697,0.0,2.7178930793307616,48.209289711667225,0.004995779134333134,0.0650390625,-0.00227392939850688,0.002800927578937262,-0.006108805537223816,0.07470496743917465,0,0,0,512,0,0,512,0,0,,,,,,,,,,,,,,0.1459186290157959,0995f471de8c992a0460091a2ddbb45e:0:0,020b012eaa88bded0b3be215bf32dbbe:0:0,2e138dc2592fc6bfd68e43fb54eee026:0:0,155b9c581e7969b84b5425bf7cf48e8f:0:3136323023,440b5a6047dbd25b49025bbc74cce8e8:1:2639890052,1.0
2961,1,161,1,legacy,0.0002278797996661102,0.0,2.6174922186540206,48.41704021091573,0.007713724859058857,0.1341796875,0.0006449064007028937,0.003662101796362549,-0.10188028961420059,0.07081882655620575,0,0,0,512,0,0,512,0,0,,,,,,,,,,,,,,0.14088005002122372,0995f471de8c992a0460091a2ddbb45e:0:0,767612fa5dae05214c6bbc2f74668182:0:0,8f1569f29e22698a6854855d0a5be65e:0:0,9a1c61051009da416c207cb7422d118f:0:3376976687,e9af10834383da9f7e3fbdcd9ff47ab9:0:3828044727,1.0
2962,1,162,1,legacy,0.00022742904841402335,0.0,2.620002785021831,48.08249293710105,0.024868737906217575,0.1412109375,4.885122179985046e-05,0.0028437085100449623,0.035492461174726486,0.07339189201593399,0,0,0,512,0,0,512,0,0,,,,,,,,,,,,,,0.13690441299695522,0995f471de8c992a0460091a2ddbb45e:0:0,f9892af6dde594316f7ad7181952d819:0:0,b47842787271aad4908b979947205a8b:0:0,4d667c744dc7ecbe1fccee7bcc99948f:0:3473287765,0fc56bb71de80270832e3529ac187540:1:295529427,1.0
2963,1,163,1,legacy,0.00022697829716193654,0.0,2.6184892959672847,47.62759790755808,0.0009960895404219627,0.081640625,0.0029886046424508093,0.0024302177014760675,-0.015293567441403866,0.06932529807090759,0,0,0,512,0,0,512,0,0,,,,,,,,,,,,,,0.11791371100116521,0995f471de8c992a0460091a2ddbb45e:0:0,6221a6831b90b259967155d2a80c7856:0:0,c1198f6431f5ca7d186bbc8e40278e52:0:0,9cd69021b90c0c80c551258b4c3a178f:0:1441426486,38ca1f44eb58abcad58ba30ff6971423:1:4289180934,1.0
2964,1,164,1,legacy,0.00022652754590984974,0.0,2.6251942877242156,47.27033472736366,0.003817723598331213,0.0412109375,0.0006647659465670586,0.0024887905456125736,0.01242444571107626,0.07026784121990204,0,0,0,512,0,0,512,0,0,,,,,,,,,,,,,,0.10461914702318609,0995f471de8c992a0460091a2ddbb45e:0:0,44bc094b131a198b5a9508e36d61ecf0:0:0,3e4abe8c5b8c86c7b1a8d39edce763f2:0:0,bd8f902a280ca0802b67c7a3f10e9a8f:0:2937303556,645bbcc6627e21a7260b3eeb9b171497:1:3030030369,1.0
2965,1,165,1,legacy,0.00022607679465776293,0.0,2.6179121658492823,47.684084018692374,0.005521412007510662,0.037109375,0.0015494953142479063,0.002440202527213842,-0.012007839977741241,0.06958597153425217,0,0,0,512,0,0,512,0,0,,,,,,,,,,,,,,0.12612906692083925,0995f471de8c992a0460091a2ddbb45e:0:0,981a67e5b9b4172b566466c469030b8b:0:0,e1e736f9a2c804836ce5827548b394c2:0:0,c5660681563ed8ec73d175c3eb171d8f:0:3114360468,371455330f12e1efe02c721d3004f9c1:0:3245783489,1.0
2966,1,166,1,legacy,0.00022562604340567612,0.0,2.617942161512244,47.70853698719293,0.0016055384185165167,0.0359375,-0.0021921464009210466,0.002549664780963212,0.004680938087403774,0.07135926187038422,0,0,0,512,0,0,512,0,0,,,,,,,,,,,,,,0.14213621302042156,0995f471de8c992a0460091a2ddbb45e:0:0,8e2068410b65b8701eb67e322f613e2d:0:0,937a4f6b549df13762fd56400abcd192:0:0,df42f8e2e6d9022e2a97cc296a53a08f:0:2859046681,d5562ca1dcead376771112b18936ffff:1:972063406,1.0
2967,1,167,1,legacy,0.00022517529215358928,0.0,2.624090360130895,47.582885361043736,0.01111464761197567,0.04609375,-0.002273458940908313,0.0023995743482373654,0.005635903682559729,0.06922582536935806,0,0,0,512,0,0,512,0,0,,,,,,,,,,,,,,0.13634801690932363,0995f471de8c992a0460091a2ddbb45e:0:0,78225d876734dd54aa5c68b1348eadab:0:0,cf7966f6e52db362e5b3009aca91fbe1:0:0,309d8dee180d077f915062529ec4238f:0:1326062814,3e7cde00683673b9f9bf7ae660ff1ffb:1:3632631687,1.0
2968,1,168,1,legacy,0.0002247245409015025,0.0,2.6213952258550766,47.34301412827335,0.01787632331252098,0.084375,-0.0024854979943484067,0.0024168550851754846,-0.003993157297372818,0.06945881247520447,0,0,0,512,0,0,512,0,0,,,,,,,,,,,,,,0.13680269196629524,0995f471de8c992a0460091a2ddbb45e:0:0,e8439626f57fddab0a2b46274a657d52:0:0,ecbac592370b82130eaf4d056f137616:0:0,66c68b76ecdd0f501e5fcafdb868a68f:0:1523904444,5e2f9c240561828df30c8ec2a1aca4be:1:2588698458,1.0
2969,1,169,1,legacy,0.00022427378964941567,0.0,2.6210663021291745,46.96208172244951,0.005563194863498211,0.078125,-0.0024458046071231367,0.002787946513853967,0.0019476109882816672,0.074629046022892,0,0,0,512,0,0,512,0,0,,,,,,,,,,,,,,0.1413239809917286,0995f471de8c992a0460091a2ddbb45e:0:0,5eaf2d66aef14f3306c1d82497b37bf2:0:0,1a4f3572ac5662e47870ec8db1408778:0:0,a0474370bdb75ba2303c9428e741298f:0:1482356338,94de22298ef897279a458c9fd9adf50d:1:2998577937,1.0
2970,1,170,1,legacy,0.00022382303839732888,0.0,2.6258185779012386,46.53088845079765,0.017961755394935608,0.1271484375,-0.001465269038453698,0.002505235082935542,0.005233374424278736,0.07070700824260712,0,0,0,512,0,0,512,0,0,,,,,,,,,,,,,,0.14001222397200763,0995f471de8c992a0460091a2ddbb45e:0:0,c159349ebc5df97bcec680684341f31f:0:0,e5bbe4d8cce2abd7204f41fd7bc37d7c:0:0,dad3cd214d51d892f4b247125b4dac8f:0:2250820696,e9a4c3e3712809c7c5e8b4e1852f1446:1:320716989,1.0
2971,1,171,1,legacy,0.00022337228714524205,0.0,2.6277457001211837,46.07927261386067,7.143651600927114e-05,0.0166015625,-0.0002508904319256544,0.002093510574195534,0.0010958436178043485,0.06469269096851349,0,0,0,512,0,0,512,0,0,,,,,,,,,,,,,,0.13967037200927734,0995f471de8c992a0460091a2ddbb45e:0:0,1cd3e997b20ea474420256b70dcaa33f:0:0,4af46b40921b1494bcc1ce410a311968:0:0,0929fcbcaf89033c84246838448e2f8f:0:3812844833,987e6442ba545a1153000c7cddf90e14:0:4187927888,1.0
2972,1,172,1,legacy,0.00022292153589315527,0.0,2.6212327692139916,46.33996924967505,1.0121148079633713e-05,0.1380859375,-0.005640068044885993,0.0024331197841092945,-0.007006624713540077,0.0696275383234024,0,0,0,512,0,0,512,0,0,,,,,,,,,,,,,,0.13804077496752143,0995f471de8c992a0460091a2ddbb45e:0:0,cf9f0e3969778b9a5f946c1d09bc5033:0:0,a2b3bd3b2b59d2379c20113208a8d927:0:0,56a51b558351132230d17758d302b28f:0:2634902323,ade690615788ba3f315c5edb97cf4861:0:3612870910,1.0
2973,1,173,1,legacy,0.00022247078464106843,0.0,2.6255682123055486,46.281754079973325,0.014834830537438393,0.0478515625,-0.001780607458204031,0.0027098396560177205,0.007575572468340397,0.07349544763565063,0,0,0,512,0,0,512,0,0,,,,,,,,,,,,,,0.10709513491019607,0995f471de8c992a0460091a2ddbb45e:0:0,599cc9f71c31b568dad756b067834e5d:0:0,804d190fc1b664e235769c17eee68db2:0:0,75a1cb66371390570a15ef7236ab358f:0:231026371,907fe5e61fc6fa2fa58142055fbc42ec:0:872917900,1.0
2974,1,174,1,legacy,0.00022202003338898162,0.0,2.624712411005219,45.54913139436394,0.00023723021149635315,0.0205078125,-0.001329908613115549,0.002139165857806802,-0.005112942308187485,0.06534916907548904,0,0,0,512,0,0,512,0,0,,,,,,,,,,,,,,0.10574979707598686,0995f471de8c992a0460091a2ddbb45e:0:0,ed6fdac42e6a72b532770d14c69222f7:0:0,16ab2e4deaa72e9a49dd635c5a0d32fe:0:0,f6ebda53481ec08e93af46c29f87b88f:0:707060878,cfb5ae0512ff9b860b3e84a511d45106:0:1700003941,1.0
2975,1,175,1,legacy,0.0002215692821368948,0.0,2.6262646812322084,45.58935110690072,0.002316524041816592,0.0482421875,0.0005951710045337677,0.0025482409982942045,0.003250707872211933,0.07134237140417099,0,0,0,512,0,0,512,0,0,,,,,,,,,,,,,,0.1451175599358976,0995f471de8c992a0460091a2ddbb45e:0:0,531a8b55d51d6f6ee5737b4d49c3ca5c:0:0,f7aaefe909fe9dc4ceea191451869767:0:0,4b153c57aa179547b0feeec83d983b8f:0:3954327290,bab6664391148706afeb38c34d22d235:0:2047045849,1.0
2976,1,176,1,legacy,0.000221118530884808,0.0,2.620245858143085,46.0240900341887,0.001625101431272924,0.0205078125,0.0011574432719498873,0.002605359395965934,-0.007193402387201786,0.07209940254688263,0,0,0,512,0,0,512,0,0,,,,,,,,,,,,,,0.13598791300319135,0995f471de8c992a0460091a2ddbb45e:0:0,42a8bf3023a6c46049187b17fcda8759:0:0,adadf61b798628c8cd5a1579b51d1498:0:0,68948587c2aa0541c44d544140dcbe8f:0:2645488555,c10293734263caadf8032ad4b37e9a56:1:3114791197,1.0
2977,1,177,1,legacy,0.0002206677796327212,0.0,2.6270685947193257,45.97958087106235,0.01091768592596054,0.02578125,-0.0018824356608092784,0.0025405511492863297,0.009667709469795227,0.07114043086767197,0,0,0,512,0,0,512,0,0,,,,,,,,,,,,,,0.13707559905014932,0995f471de8c992a0460091a2ddbb45e:0:0,9d59dcd3162241464d0ebf9905a61f2d:0:0,172f98792a787f682c7898de326bf692:0:0,720a7f30a7fefb6c020cdf2bd955418f:0:3938168375,01173ebc8591d99b700aa06fb64cb477:0:1897766611,1.0
2978,1,178,1,legacy,0.00022021702838063436,0.0,2.6257001770659922,45.592679374385625,0.006260243244469166,0.108984375,-0.003972671646624804,0.0025041157845407725,-0.004336177371442318,0.07069750875234604,0,0,0,512,0,0,512,0,0,,,,,,,,,,,,,,0.13691980496514589,0995f471de8c992a0460091a2ddbb45e:0:0,4d4187979e82f62efb7bd5578a80dac1:0:0,c1fff71109ae474198b6c1f85b1735ed:0:0,22d0cc0495ca457ef81cf2c63701c48f:0:4057648190,9a0a686761ec09b70b10421afe9f80d3:0:4135439909,1.0
2979,1,179,1,legacy,0.00021976627712854758,0.0,2.6299693284819115,45.193160546477884,2.094509545713663e-05,0.0220703125,0.0006174188107252121,0.0024935726542025805,0.00847598910331726,0.07043750584125519,0,0,0,512,0,0,512,0,0,,,,,,,,,,,,,,0.14295188197866082,0995f471de8c992a0460091a2ddbb45e:0:0,79d2491cc2ed2e7c302cf218fd15bbde:0:0,37f60098d127b12f3c9e4ce632b0777f:0:0,908be676d50e2c70490ced8e89e2478f:0:2244921023,79b89310b0ba714f4a804cd4283bf872:0:1644569844,1.0
2980,1,180,1,legacy,0.00021931552587646074,0.0,2.625623399366384,45.310232043266296,0.0016268596518784761,0.041796875,-0.002129710698500276,0.0022379211615771053,-0.005665367469191551,0.06680672615766525,0,0,0,512,0,0,512,0,0,,,,,,,,,,,,,,0.14142216893378645,0995f471de8c992a0460091a2ddbb45e:0:0,45fd76d30f2b2dd3594321f0008cd724:0:0,3da693dd8de726ee6669257cd4791c1d:0:0,359452949dfda0f09b5f294301f6ca8f:0:1409119835,9fa7331f057266e75761fe02f24cdb51:1:1005485435,1.0
2981,1,181,1,legacy,0.00021886477462437396,0.0,2.706953032962599,45.10221966775134,0.02255915105342865,0.190234375,-0.0029365543741732836,0.0034051374183036386,0.08214925229549408,0.07253673672676086,0,0,0,512,0,0,512,0,0,,,,,,,,,,,,,,0.14233481895644218,0995f471de8c992a0460091a2ddbb45e:0:0,23c0417b11551f1975e5ae8ce35447e3:0:0,0edeaf722c45d55f15b6096d8028d9b5:0:0,fea6fec1c9b12623bccbfae1cf3f4d8f:0:2228881472,b17b8fc6d361cf81d91fde21b8881675:0:511098525,1.0
2982,1,182,1,legacy,0.00021841402337228712,0.0,2.7113114989011575,45.65855739056133,0.0002067055320367217,0.0451171875,0.0013975154608488083,0.002737642149440944,-0.02371247671544552,0.07295616716146469,0,0,0,512,0,0,512,0,0,,,,,,,,,,,,,,0.11504765006247908,0995f471de8c992a0460091a2ddbb45e:0:0,7b3b179ede3bdfe10ab6aa25ac84af97:0:0,d4a8860740a36de782850c76074dfbf0:0:0,2503143b7aade4c2f984b2a921bbd08f:0:653149139,d83c2de830919fbf989011c92c167ffd:0:2968552562,1.0
2983,1,183,1,legacy,0.00021796327212020034,0.0,2.709428817700795,45.5505819991231,0.0003325132420286536,0.010546875,0.0004585614427924156,0.002620015956927091,0.007019312120974064,0.07225546985864639,0,0,0,512,0,0,512,0,0,,,,,,,,,,,,,,0.1106058320729062,0995f471de8c992a0460091a2ddbb45e:0:0,ecc4604075a8ea290742a2046e362821:0:0,c100b50c1041224c7ab5b305af7ebd12:0:0,9859a054378990d9a7769c17296c538f:0:209426189,e40df5b808e85fdc74bbafa7aa87eaba:0:1529679825,1.0
2984,1,184,1,legacy,0.0002175125208681135,0.0,2.711002806660363,45.77668601996265,0.0018926728516817093,0.066796875,0.0017994111287407577,0.0024802858592011035,-0.001359483110718429,0.07040505856275558,0,0,0,512,0,0,512,0,0,,,,,,,,,,,,,,0.14189071604050696,0995f471de8c992a0460091a2ddbb45e:0:0,470cb20010077fe2505c36b2c3320c3f:0:0,9302dcba971334ed52e31a2b1d74b85e:0:0,9d3d79384a410c4be58dfdea1650d68f:0:2763531189,ac62469cf5142abd7d218e49f410bbe9:0:446701714,1.0
2985,1,185,1,legacy,0.00021706176961602672,0.0,2.7043045697661383,46.08119041658938,3.134901635348797e-05,0.039453125,0.0019015199039131403,0.002554269682150334,-0.0077623180113732815,0.07137758284807205,0,0,0,512,0,0,512,0,0,,,,,,,,,,,,,,0.14139593101572245,0995f471de8c992a0460091a2ddbb45e:0:0,ab95583f510103f6caf04e0a50c074cd:0:0,98791a8914077b81a9745f37847bd852:0:0,fbf1abe29122f0578ef91a201869598f:0:3559048970,5e5108eb544163d633741e2282141ec4:0:2868520154,1.0
2986,1,186,1,legacy,0.0002166110183639399,0.0,2.713060577482432,45.78021008637734,2.0231818780303e-05,0.0802734375,0.00013681435957551001,0.0025389991351403296,0.010484655387699604,0.07109606266021729,0,0,0,512,0,0,512,0,0,,,,,,,,,,,,,,0.14070161897689104,0995f471de8c992a0460091a2ddbb45e:0:0,182380f8465cbd0ac20bd601715dbfe7:0:0,aa5bd1600bada000f814e0b26dde2e48:0:0,25faebf54b7a683f626b2df75fb5dc8f:0:1478740195,5012ef599c2f242666ae05a9c3aee379:1:477492075,1.0
2987,1,187,1,legacy,0.00021616026711185305,0.0,2.7101407115610563,45.813079026993364,0.0019448252860456705,0.089453125,-0.0007093980442732572,0.0025831441744230688,-0.006322616245597601,0.07178342342376709,0,0,0,512,0,0,512,0,0,,,,,,,,,,,,,,0.1412585990037769,0995f471de8c992a0460091a2ddbb45e:0:0,1a6bc5ce3ff9faf29218b450982925ed:0:0,143308fbcd99f7caecae9f57b49a3fc0:0:0,bdfb689bcc7207505d5f71ee1c365f8f:0:854302856,a80a580ed4718c904baf39840649fb51:1:1656000029,1.0
2988,1,188,1,legacy,0.00021570951585976627,0.0,2.710150507510393,45.85263566696085,0.009539041668176651,0.0572265625,0.0014678416773676872,0.00261214894708246,0.0021741664968430996,0.07223327457904816,0,0,0,512,0,0,512,0,0,,,,,,,,,,,,,,0.14750852703582495,0995f471de8c992a0460091a2ddbb45e:0:0,d5c1af1931c1f647e6a30e83d4bb2d20:0:0,cbfe59f807e6f7acd6c0a088bcf5a8a6:0:0,597cc2a561f184714b5c19c27deae28f:0:1838938184,53d3c471106742195bc7e208056db368:0:2937524353,1.0
2989,1,189,1,legacy,0.00021525876460767944,0.0,2.711724613211233,46.42323926091194,0.0053097945638000965,0.21484375,-0.0004700916353613138,0.0025265587028115988,0.0007570727029815316,0.07106674462556839,0,0,0,512,0,0,512,0,0,,,,,,,,,,,,,,0.1437933399574831,0995f471de8c992a0460091a2ddbb45e:0:0,f4b0a39843c448891e22f402d6c1f99d:0:0,3556cfc6c7f260ae917a34bd36774275:0:0,f41486e32384856c89355472b4d3658f:0:3910046860,2b96ad0e7271746ea229fcf34b5d5623:1:2472701908,1.0
2990,1,190,1,legacy,0.00021480801335559265,0.0,2.7106729646380474,46.757837099721655,0.03931623324751854,0.1701171875,0.006610337970778346,0.0026112554944120346,-0.001601825118996203,0.0722561702132225,0,0,0,512,0,0,512,0,0,,,,,,,,,,,,,,0.14095895795617253,0995f471de8c992a0460091a2ddbb45e:0:0,aab07e8853fd54fce29d75e3e79b13f8:0:0,c23dabfc4fd7c66d112df9ec163d23b0:0:0,270d93adc6a3e423fc504c3cf0efe88f:0:1450028783,6104f3c28ccd5d5745f76f8d7568446b:1:2769894436,1.0
2991,1,191,1,legacy,0.00021435726210350582,0.0,2.714950233000763,46.08685207203962,0.0026868018321692944,0.0482421875,-0.002673952421173453,0.0027329619158990683,0.0043336451053619385,0.07387551665306091,0,0,0,512,0,0,512,0,0,,,,,,,,,,,,,,0.1195371380308643,0995f471de8c992a0460091a2ddbb45e:0:0,d128a11c6226af2b27ede69dae415036:0:0,09359abf3226ce09bd44d4edbf918816:0:0,2f93708a020617df3de6269f62406b8f:0:2315407018,8c535caa4ead247800ab827eb98c2fc2:0:2665750903,1.0
2992,1,192,1,legacy,0.00021390651085141904,0.0,2.7095336002868526,46.197251946432516,3.964116331189871e-05,0.0181640625,0.0008777553215622902,0.0027647767681628467,-0.0073896367102861404,0.07424812018871307,0,0,0,512,0,0,512,0,0,,,,,,,,,,,,,,0.10986539605073631,0995f471de8c992a0460091a2ddbb45e:0:0,ac89284736726a5deb958800ebe66477:0:0,aea87149d9cf0226a54ae52c0717aba0:0:0,b0794a5d78e6ace3fa47045838c4ee8f:0:3763601956,a9b1d96a03ccadd035ad166d02e9da02:1:3250604381,1.0
2993,1,193,1,legacy,0.0002134557595993322,0.0,2.708067154222782,46.10635050921701,0.0005450152093544602,0.06171875,0.00042626054491847756,0.0023744899430312217,0.001376603846438229,0.06889750808477402,0,0,0,512,0,0,512,0,0,,,,,,,,,,,,,,0.1345523209311068,0995f471de8c992a0460091a2ddbb45e:0:0,23d623dcb36f5cd60e1cc105a74ef30f:0:0,563fe16e711e3f510ff7f85664524124:0:0,4aa89cbf997ff488841d0165a47d718f:0:2705453997,69574c95dcd0795daa09e1b83dffd7ca:1:1273734640,1.0
2994,1,194,1,legacy,0.00021300500834724542,0.0,2.7075689148363202,46.18156578508206,0.00042472616769373417,0.040234375,0.0008762604091316461,0.0023151948931626975,-0.0013136555207893252,0.06801755726337433,0,0,0,512,0,0,512,0,0,,,,,,,,,,,,,,0.13842145900707692,0995f471de8c992a0460091a2ddbb45e:0:0,f09e9e6c45d6e9d2508dc26bd39ad492:0:0,cbec4dce31177098418073483effc797:0:0,672d60dd4f3d57f09baf3505d569f48f:0:710000638,1866216f17b46500a7d362e0d97c0ab4:0:3539916046,1.0
2995,1,195,1,legacy,0.00021255425709515858,0.0,2.711693392748211,45.99078448372893,0.021344954147934914,0.065234375,0.002498285099864006,0.0023578901891596615,0.005460844840854406,0.06857873499393463,0,0,0,512,0,0,512,0,0,,,,,,,,,,,,,,0.12248069804627448,0995f471de8c992a0460091a2ddbb45e:0:0,ab4b4998fef48e3f81a574e99413d4c7:0:0,5f54e72ac81f66f42ad25a19e19fdb8e:0:0,aaaee357e177f7a46a24b1b6fb8a778f:0:3091644256,732aa5b73bab97aef36432279b195cab:1:187478104,1.0
2996,1,196,1,legacy,0.00021210350584307177,0.0,2.714533566826235,46.75778917153366,0.013569663278758526,0.0919921875,0.0024035793729126455,0.002314264792948961,0.0014619817957282066,0.06802008301019669,0,0,0,512,0,0,512,0,0,,,,,,,,,,,,,,0.11060067999642342,0995f471de8c992a0460091a2ddbb45e:0:0,89b3d98955658f793b6322f92ecdb706:0:0,48511692d367e0d5d9acc128e6e5b958:0:0,edfb53b2d2da8231b0c7853746defa8f:0:2811941042,5b3fe3df9ff161c893f18d08164539c9:0:3512731427,1.0
2997,1,197,1,legacy,0.00021165275459098497,0.0,2.711108949718576,46.26373813371174,0.0004528467543423176,0.043359375,-0.0020015044137835503,0.0025419585406780245,-0.003436299739405513,0.07127483189105988,0,0,0,512,0,0,512,0,0,,,,,,,,,,,,,,0.10976551298517734,0995f471de8c992a0460091a2ddbb45e:0:0,5416d0d238a9118ee6e6cba379d815ae:0:0,d8509f89f3e9504a94dcafdc1843941b:0:0,e685187e13d46c072c47b884e7677d8f:0:1632664954,551d888ebfbc214333400a9b2132d309:0:2006078258,1.0
2998,1,198,1,legacy,0.00021120200333889816,0.0,2.7111005090515627,46.484664984745905,0.015970870852470398,0.0853515625,0.001468093227595091,0.002594974602106959,-0.0003684256225824356,0.07202483713626862,0,0,0,512,0,0,512,0,0,,,,,,,,,,,,,,0.10631303396075964,0995f471de8c992a0460091a2ddbb45e:0:0,0ad5d0b4e45e7d97bbfbf65f617c417d:0:0,74217ca91f307eb54f4ff62139ef7a73:0:0,5e4682a55bcff2ba2bfe4fde0d24008f:0:3622071019,64fe51971b5215ad764a2381a4e61752:1:3657531273,1.0
2999,1,199,1,legacy,0.00021075125208681135,0.0,2.7112613767535745,47.02081924187951,0.009015921503305435,0.071875,-0.005485659546684474,0.002670444955583662,0.00018607074161991477,0.07306521385908127,0,0,0,512,0,0,512,0,0,,,,,,,,,,,,,,0.10770784306805581,0995f471de8c992a0460091a2ddbb45e:0:0,2851053e4ce00e8beb4b73d81bef600d:0:0,98f813919bc8a8fdf0d52c78e88f0de8:0:0,df435f5f012995e65d304ac0e814838f:0:3861594066,bf6af64d9b851e26a275d46f25bbca97:0:1145404541,1.0
3000,1,200,1,legacy,0.0002103005008347245,0.0,2.7120201545165368,46.75511483801529,0.0003494381671771407,0.086328125,0.0023134493734687568,0.0026663085562177004,6.007740739732981e-05,0.07300601154565811,0,0,0,512,0,0,512,0,0,,,,,,,,,,,,,,0.11000402306672186,0995f471de8c992a0460091a2ddbb45e:0:0,56c81867ee0f2c8f1336c34bdfd23c9e:0:0,ccf9ed7897604504bd3ca6d4c537fb75:0:0,02b712502f32efd7ca51a3eba839068f:0:3370561979,a2ee1fd40e3bc4355c29f377dc57d0d8:1:2748476436,1.0
3001,1,201,1,legacy,0.00020984974958263773,0.0,2.672511805588761,46.62075843079947,0.0020384686067700386,0.0275390625,-0.00016586589626967906,0.0026890996959991753,-0.03891230747103691,0.07100555300712585,0,0,0,512,0,0,512,0,0,,,,,,,,,,,,,,0.1463522829581052,0995f471de8c992a0460091a2ddbb45e:0:0,ea7f8edffe831042ef9b9044f0f0ddb2:0:0,d2014210ddc3fdab9dbd3af190210bd8:0:0,c5266fd5e3d6182f0e48515c7d91898f:0:524603171,64fef63f430480ba34300bfbcbb7a7e4:0:1502850856,1.0
3002,1,202,1,legacy,0.0002093989983305509,0.0,2.6692003525657193,46.52808886603452,0.019754385575652122,0.094140625,-0.0021335240569896998,0.0023121295496821405,0.009059838019311428,0.06787708401679993,0,0,0,512,0,0,512,0,0,,,,,,,,,,,,,,0.14429800305515528,0995f471de8c992a0460091a2ddbb45e:0:0,0772ad003a0f56a50ad0c89aad2b7815:0:0,6322061757eb1f3ad57dc382199f9ba5:0:0,37d9d12dabb9faafbbaf4451981e0c8f:0:2969854900,a0bb2a9c58fb2e1c505e33e0e7c6b9e6:0:2092907927,1.0
3003,1,203,1,legacy,0.0002089482470784641,0.0,2.6755043023458294,47.03821041039191,0.01663224771618843,0.1470703125,0.0021797481924295424,0.0027161891339346766,0.002869701012969017,0.07366172224283218,0,0,0,512,0,0,512,0,0,,,,,,,,,,,,,,0.1495293319458142,0995f471de8c992a0460091a2ddbb45e:0:0,0e7476b7efd02b43b6ffc760dc1d536d:0:0,d98511d04cedb70eebf5d9592a04e63d:0:0,645f50aaa4134c68f819694927de8f8f:0:3873567694,48f954add71519db0758ff4b39dcae62:0:1844335592,1.0
3004,1,204,1,legacy,0.00020849749582637728,0.0,2.6745056272100447,47.56911698495969,0.002176937647163868,0.0712890625,-0.0008599918335676193,0.0025147567852400244,0.0001920816139318049,0.0708509162068367,0,0,0,512,0,0,512,0,0,,,,,,,,,,,,,,0.16327877901494503,0995f471de8c992a0460091a2ddbb45e:0:0,97ed0a54aa2f2a67cd282167988852dc:0:0,cf41ba9dd2e7c905416cb3885f20e274:0:0,6f5e726edc9909684b54a8015cd3128f:0:155417828,e0b7abe23c6b3cce141b238d81a5b827:0:2894622653,1.0
3005,1,205,1,legacy,0.00020804674457429047,0.0,2.6752557073212553,48.046052717836574,0.0032908301800489426,0.1349609375,-0.004945853818207979,0.0023136462667025627,-0.00045401754323393106,0.0679992213845253,0,0,0,512,0,0,512,0,0,,,,,,,,,,,,,,0.15973344899248332,0995f471de8c992a0460091a2ddbb45e:0:0,c5e4c9cedd471efb2ac1a787ab8c3ae5:0:0,cc33fa4ed858dfe5cf714c09e78fa88e:0:0,4953957aca5ea526a2ace37866fb958f:0:1277852415,eb689cd8f23abfaa61b921c9ba40559e:1:3027190866,1.0
3006,1,206,1,legacy,0.00020759599332220366,0.0,2.6771154904717793,48.04986139643006,0.009725324809551239,0.1224609375,-0.010126097686588764,0.002737925760447979,0.001026918995194137,0.07397451996803284,0,0,0,512,0,0,512,0,0,,,,,,,,,,,,,,0.12997314101085067,0995f471de8c992a0460091a2ddbb45e:0:0,47993f2a50ea7379fd04738c3d4eae23:0:0,91532d2f3ba66753f9ae21b824d75e58:0:0,8166708015a157df882ef9ec7658188f:0:1677283152,c66feea1ae42fe5bbf6ef3e0abb3fcaa:0:2392883960,1.0
3007,1,207,1,legacy,0.00020714524207011685,0.0,2.6797237206904363,47.51773296738975,2.3000873625278473e-05,0.1384765625,-0.0008711790665984154,0.002448468725197017,0.002402049023658037,0.06994863599538803,0,0,0,512,0,0,512,0,0,,,,,,,,,,,,,,0.11828894098289311,0995f471de8c992a0460091a2ddbb45e:0:0,b82d7ed9235adcf40ce83df9019becaa:0:0,1bc6447ea83b74feff14d4080d1c9425:0:0,5efdd4f6a8e133028debc4dbbae89b8f:0:324082598,6476d3fcb190b3d1fcaa4a68814b5762:0:1844599244,1.0
3008,1,208,1,legacy,0.00020669449081803004,0.0,2.676964330802797,47.67306945868768,0.008157332427799702,0.115234375,0.001987050008028746,0.002603775856550783,-0.003885698039084673,0.07211562991142273,0,0,0,512,0,0,512,0,0,,,,,,,,,,,,,,0.11116947408299893,0995f471de8c992a0460091a2ddbb45e:0:0,a7463f277c18bc978ef8f7f06087ec22:0:0,f9462e405b257fca9eb23e1a9bb93ba1:0:0,6e8c68ae86e9e6eeed3b190464ad1e8f:0:1218382896,0d587414ae160c4e45c49424576cfd4e:0:152280070,1.0
3009,1,209,1,legacy,0.00020624373956594323,0.0,2.6724808981367074,47.407507576281205,2.1072220988571644e-05,0.0173828125,0.0006238210014998912,0.002795727027114481,-0.0031513399444520473,0.07472973316907883,0,0,0,512,0,0,512,0,0,,,,,,,,,,,,,,0.1057868649950251,0995f471de8c992a0460091a2ddbb45e:0:0,e25a18ad667f9a3a67b746518703e6c9:0:0,0e274c78218aaae211d178493034fcf4:0:0,db4499b28fba642959fec664a3a5a18f:0:3917437104,4a0fea924acc87bc098ea308d2ed1eed:0:1716801760,1.0
3010,1,210,1,legacy,0.00020579298831385642,0.0,2.677387744990402,47.4538836046122,0.002213754691183567,0.0482421875,0.0012958097271621228,0.002635459078010172,0.00760725187137723,0.07250450551509857,0,0,0,512,0,0,512,0,0,,,,,,,,,,,,,,0.10423845809418708,0995f471de8c992a0460091a2ddbb45e:0:0,3a8119f2d1a5b83be2ccedc009a5d93a:0:0,1820f144594dff120647244b55780ad1:0:0,0c7290fc0185c23c09e5983aa7d2248f:0:1622335768,e564b126ed2f6fc4623fb7065e698f93:1:2911047769,1.0
3011,1,211,1,legacy,0.00020534223706176962,0.0,2.6720995203062925,47.43994704331271,0.0011609027860686183,0.00078125,0.0006196081172674895,0.0029926572111435234,-0.008910964243113995,0.07722756266593933,0,0,0,512,0,0,512,0,0,,,,,,,,,,,,,,0.10419527802150697,0995f471de8c992a0460091a2ddbb45e:0:0,8ea03bc33b5a9c5832d3a228ab322e60:0:0,a65cc83e5c61b42fc50faf208afb568c:0:0,8c8455682b531670efae5504a132a78f:0:2437690943,c689164520c097c2a72454dda4bd56cc:0:2706129470,1.0
3012,1,212,1,legacy,0.0002048914858096828,0.0,2.679471791414973,47.32203335734084,0.0017658425495028496,0.0181640625,-0.0005335071124136448,0.002747916278894991,0.009000838734209538,0.0740034431219101,0,0,0,512,0,0,512,0,0,,,,,,,,,,,,,,0.1160410400480032,0995f471de8c992a0460091a2ddbb45e:0:0,8bff4d004bc4af4a1a87fb434c773600:0:0,1390c5de06eb69c29bc2b5867b2e00d2:0:0,16bbd8cd720d24962a6abe80bfc72a8f:0:3387329330,199bd64a0efc09e98746d348eb1158c0:1:2793108500,1.0
3013,1,213,1,legacy,0.00020444073455759597,0.0,2.6679679776558696,47.68922519288026,0.0045765782706439495,0.124609375,0.0006105601321905851,0.002799659955780953,-0.01435833889991045,0.07444455474615097,0,0,0,512,0,0,512,0,0,,,,,,,,,,,,,,0.11941949697211385,0995f471de8c992a0460091a2ddbb45e:0:0,cda2db1e9b236c7cde8ce3eb73e20b7e:0:0,4ad5a6fcf763442b10285e6940170586:0:0,8aebac26771e13fca8c291ad338fad8f:0:3508826012,37e5e2890014878d1f142cf0ed756863:1:2138130318,1.0
3014,1,214,1,legacy,0.0002039899833055092,0.0,2.675318336336912,47.227486834162846,0.0017473531188443303,0.0671875,0.0019103816011920571,0.0025312933605164288,0.012944316491484642,0.07088664919137955,0,0,0,512,0,0,512,0,0,,,,,,,,,,,,,,0.142060186015442,0995f471de8c992a0460091a2ddbb45e:0:0,c9b2d3429fb489c57dd3933ef0d150fb:0:0,94da36887062b053b3c8f4682dffb241:0:0,c1d324c5e0fe92e1003686c82c8c308f:0:2718813298,3f9948412c715c7ce3ab090c563e7eb2:0:1167964260,1.0
3015,1,215,1,legacy,0.00020353923205342235,0.0,2.678920392891415,47.2338302875869,0.008020130917429924,0.1484375,-0.008093707100488245,0.0022394292580429466,0.0003389163175597787,0.06690528988838196,0,0,0,512,0,0,512,0,0,,,,,,,,,,,,,,0.14053788396995515,0995f471de8c992a0460091a2ddbb45e:0:0,ecb934e2f448e6cde6c25548aa4e6e6e:0:0,8470dd8c0a8928c661a8830c338604e2:0:0,42e59296fa6b126e7863514fdabcb38f:0:2715892358,8051f0ce1b377ab3543ed78832662c6c:0:693196511,1.0
3016,1,216,1,legacy,0.00020308848080133554,0.0,2.6735180952037245,47.461253055371344,0.0014005745761096478,0.0453125,4.125507548451424e-05,0.002528197772335261,-0.004620160907506943,0.07104947417974472,0,0,0,512,0,0,512,0,0,,,,,,,,,,,,,,0.15609057096298784,0995f471de8c992a0460091a2ddbb45e:0:0,922c462a624f4ad283045f7c01cf1875:0:0,5034af192d7d251a86c37c7243c7378b:0:0,dfcbb5cb143d058c4a44a0026e21368f:0:506172148,33f2253fde4d58c648d18c660ea0bb3c:0:1067954746,1.0
3017,1,217,1,legacy,0.00020263772954924874,0.0,2.6764427978845777,47.71965547115542,2.3748725652694702e-06,0.0845703125,0.0005220913328230381,0.0026840154896490276,0.0026890591252595186,0.07322407513856888,0,0,0,512,0,0,512,0,0,,,,,,,,,,,,,,0.17271679802797735,0995f471de8c992a0460091a2ddbb45e:0:0,e68159e3929f8c26ed8e8db6f5884989:0:0,8b46209b4e2d3e86117053fb943d7e1f:0:0,c85f082d50314ca513781cde16b9b98f:0:3309097378,ea5ec1e07cb0d31a3ce3e216726e693d:0:2940796291,1.0
3018,1,218,1,legacy,0.00020218697829716193,0.0,2.672363021879248,47.56541821407154,0.006818774156272411,0.0341796875,-0.0011003440478816629,0.00246948441490531,-0.005859158001840115,0.07020891457796097,0,0,0,512,0,0,512,0,0,,,,,,,,,,,,,,0.16708634700626135,0995f471de8c992a0460091a2ddbb45e:0:0,5925974a3ee3c6706ad63209ec0b055e:0:0,e00dd79417c7a81d4cf741fc43d73e9e:0:0,4771fae2383038987d806d2104863c8f:0:34315640,9b2ccb81dc500b3eda0e3d88efda6a98:0:617490822,1.0
3019,1,219,1,legacy,0.00020173622704507512,0.0,2.6707033297584073,47.298084828071296,0.009976441040635109,0.05703125,-0.0015384742990136146,0.0024722451926209033,-0.0001412255223840475,0.07029706239700317,0,0,0,512,0,0,512,0,0,,,,,,,,,,,,,,0.1257365660276264,0995f471de8c992a0460091a2ddbb45e:0:0,d222fc686025a229a83fb7d71e9a4cbc:0:0,094c7bd203edac44fe6cf2cee67c0fda:0:0,1b7b7bca45f6cf07190831496786bf8f:0:537513258,12f4adbcd4304125a5cdf9ccccdd1f43:1:1802736967,1.0
3020,1,220,1,legacy,0.0002012854757929883,0.0,2.6763211456872886,47.67921214224771,0.00245450297370553,0.0001953125,0.0003683243878185749,0.0027960667037405075,0.004834768362343311,0.07466839253902435,0,0,0,512,0,0,512,0,0,,,,,,,,,,,,,,0.14807922497857362,0995f471de8c992a0460091a2ddbb45e:0:0,581e6945f1d4ebc1e6691a53a4220272:0:0,afa42c6013e2be65cffe63de589fe6aa:0:0,89519d4a424c3a286d2505156fbb428f:0:3414023721,51690da163b72f149673f44669b6ba9d:1:425237617,1.0
3021,1,221,1,legacy,0.0002008347245409015,0.0,2.634941145847518,47.86193863255903,0.0002333024749532342,0.019140625,-0.000864666374400258,0.0027373032527975736,-0.044718459248542786,0.07104644924402237,0,0,0,512,0,0,512,0,0,,,,,,,,,,,,,,0.11204739997629076,0995f471de8c992a0460091a2ddbb45e:0:0,0d768289946e7a4dd431099aa04417c2:0:0,dda76f7caf990d415655b52b9e8b6aeb:0:0,e5fff71629398e5b3a9a7f834d23c58f:0:2999208626,21072231c846a65c0b6d0c59ea2ab662:0:1042967086,1.0
3022,1,222,1,legacy,0.0002003839732888147,0.0,2.6391205281528514,47.84018940408714,0.0035650166682899,0.030859375,-0.0002542776055634022,0.0027517257491126656,0.01938648149371147,0.07352879643440247,0,0,0,512,0,0,512,0,0,,,,,,,,,,,,,,0.11629976006224751,0995f471de8c992a0460091a2ddbb45e:0:0,8f8759390d315031b6c29bf47453f3c0:0:0,7bd8dd9e12d7d1ef64b2ed918fd68343:0:0,d68155f70a054f9ff31d32d12fc0488f:0:3812176174,625b317d4f2f0b82568040dad6e2ae5b:0:3450198324,1.0
3023,1,223,1,legacy,0.00019993322203672788,0.0,2.6365729811448375,47.81872385065071,0.00048353068996220827,0.12578125,0.004751109005883336,0.0024615837959572674,-0.00913224183022976,0.06998780369758606,0,0,0,512,0,0,512,0,0,,,,,,,,,,,,,,0.11067981598898768,0995f471de8c992a0460091a2ddbb45e:0:0,477ddbb61e61faa009d497d71e253b9b:0:0,e878ee7e3e3fadf8a618f9f3ab2003d3:0:0,569ed29625ff612d6495ac7d4790cb8f:0:2102727056,93e2c3ff4209e294115a2071aefa82b2:0:4006557186,1.0
3024,1,224,1,legacy,0.00019948247078464105,0.0,2.6402646382892008,47.60119810234755,0.005293145775794983,0.1501953125,0.006479125097393989,0.0024410384125076235,0.005580076016485691,0.06980326771736145,0,0,0,512,0,0,512,0,0,,,,,,,,,,,,,,0.11051734606735408,0995f471de8c992a0460091a2ddbb45e:0:0,2a7ba0aec44031d393a5da9797987d84:0:0,af9137096c9f310cffa90201c5f87809:0:0,c36bdb536075494f98637545c4954e8f:0:2920719584,46194f8f028eff733b1d0e51bd7a0177:0:2130853506,1.0
3025,1,225,1,legacy,0.00019903171953255424,0.0,2.636735029046675,48.061592754675075,0.03904980421066284,0.1490234375,0.004132888768799603,0.002342868782579899,-0.004243069794028997,0.0684143602848053,0,0,0,512,0,0,512,0,0,,,,,,,,,,,,,,0.10901856794953346,0995f471de8c992a0460091a2ddbb45e:0:0,08644fc47c967de9c2b1285fb92b92d3:0:0,7585b54d15638ba2afbd19824fb5f024:0:0,e718c246e471f3c0e6a01128d6cdd18f:0:3697915673,3e42fc258c7744545ade0f304374f6aa:1:1711065401,1.0
3026,1,226,1,legacy,0.00019858096828046743,0.0,2.639954501412512,48.62397805554792,0.004131453577429056,0.058984375,0.0008874611463397742,0.0026600887416861952,0.005701952613890171,0.07288189977407455,0,0,0,512,0,0,512,0,0,,,,,,,,,,,,,,0.1196735929697752,0995f471de8c992a0460091a2ddbb45e:0:0,7e478d6f4de57d778fe9a4f4c3b8f7fd:0:0,c58a871d183b6db27300368169695a68:0:0,690bc5f9ba375cad3d61ff64ae3a548f:0:54659221,7561e7e350902347a1014d306603d621:0:3030362934,1.0
3027,1,227,1,legacy,0.00019813021702838062,0.0,2.637794863913848,48.60488894046284,0.0022920905612409115,0.1662109375,0.003303971141576767,0.002499502804130316,-0.004923689644783735,0.070650614798069,0,0,0,512,0,0,512,0,0,,,,,,,,,,,,,,0.11613255308475345,0995f471de8c992a0460091a2ddbb45e:0:0,33e06a0b51963920676f99104ed0fdd8:0:0,ae51726a2f2e5a1dee7370b45c4c4e27:0:0,88195052deabce8f9bffba777adad78f:0:1763460672,acaaea30fda3eb348df65e71f91c9ca5:0:2283837422,1.0
3028,1,228,1,legacy,0.0001976794657762938,0.0,2.6385826970474797,48.2590917381458,0.014589293859899044,0.166796875,-0.0011945859529078006,0.0025155136012472213,0.002153863897547126,0.07088355720043182,0,0,0,512,0,0,512,0,0,,,,,,,,,,,,,,0.10956180200446397,0995f471de8c992a0460091a2ddbb45e:0:0,92ea7f877bebd6df3e19bee5668fd2f9:0:0,74043883c075ebadb460961a7e1c2205:0:0,26237ae24a3f9d19c252b81f6caf5a8f:0:3413260513,15c5364da64eb18297ab1a04f6fb0fe3:1:202600802,1.0
3029,1,229,1,legacy,0.000197228714524207,0.0,2.6436383425610996,47.78857596684247,0.007687206380069256,0.0736328125,0.00037046102806925774,0.002501065982505679,0.0019387903157621622,0.0707044005393982,0,0,0,512,0,0,512,0,0,,,,,,,,,,,,,,0.10953057406004518,0995f471de8c992a0460091a2ddbb45e:0:0,6edc7d2e2995307810cc7f78ad2df2ec:0:0,2a8a72598c84bfd8a9107d7481a7e7a8:0:0,0f89294d331b875613fa695ab3b7dd8f:0:596535298,84585e7e4eebd119b98c91263d6724c5:1:969308910,1.0
3030,1,230,1,legacy,0.0001967779632721202,0.0,2.639386654600964,47.6415621524211,0.006510868668556213,0.012109375,-0.0005184638779610395,0.0025427891639992596,-0.003340481547638774,0.07126076519489288,0,0,0,512,0,0,512,0,0,,,,,,,,,,,,,,0.10951077495701611,0995f471de8c992a0460091a2ddbb45e:0:0,75413871f86d2d5479b6100b8d048350:0:0,4137b19ca5540d66e6e7da27022f5b3a:0:0,6e5ec95ab7b32b33af9f3a677ff4608f:0:149518232,4cface125764922066042eba3a30e356:0:2385429855,1.0
3031,1,231,1,legacy,0.00019632721202003339,0.0,2.6435319700614652,47.35061866813339,0.002427601721137762,0.0509765625,-0.002440935093909502,0.0025785126956179736,0.003990105353295803,0.07171833515167236,0,0,0,512,0,0,512,0,0,,,,,,,,,,,,,,0.10945362504571676,0995f471de8c992a0460091a2ddbb45e:0:0,1ad757d0218d6fcf34f8834efb3792f0:0:0,d4e5899431d22b02ad7f81cc8f5e839e:0:0,bb04c332032234acba3592c40164e38f:0:1205340443,1bf5a4cc941d3a09c26fb43cc6eb7007:0:996567107,1.0
3032,1,232,1,legacy,0.00019587646076794658,0.0,2.64231797397533,47.05836419016123,0.016162198036909103,0.072265625,0.0010355240665376186,0.002400135947391391,-0.0035097964573651552,0.06923949718475342,0,0,0,512,0,0,512,0,0,,,,,,,,,,,,,,0.10678834491409361,0995f471de8c992a0460091a2ddbb45e:0:0,0fd6b9f022ae785db79f70fda6f6c459:0:0,df782ee24ec73d6015fe1a6ae3bd17cf:0:0,e6fecaf6e40632b6de40d52e6809668f:0:1594879046,49fad81abd5203ba2642adda1a250f0e:0:3274513390,1.0
3033,1,233,1,legacy,0.00019542570951585977,0.0,2.6401675027654252,47.73906593909487,0.005795071367174387,0.0576171875,0.0008163085207343101,0.0023745706654153763,-0.001847477164119482,0.06888972967863083,0,0,0,512,0,0,512,0,0,,,,,,,,,,,,,,0.11327058903407305,0995f471de8c992a0460091a2ddbb45e:0:0,31ee3add2fd617a060731ae600e38837:0:0,f2f9e02b140d28980c58844e24f5a723:0:0,b0f6b64bb8d23c2dff165fa4e3e1e98f:0:2666902333,257afde725dbf71c9ef1984a649eb64b:0:2883438002,1.0
3034,1,234,1,legacy,0.00019497495826377296,0.0,2.6407438893500372,47.38035838236101,0.01922997087240219,0.0912109375,-0.00013254345394670964,0.002478068112395704,0.0024158142041414976,0.0703740119934082,0,0,0,512,0,0,512,0,0,,,,,,,,,,,,,,0.11263350606895983,0995f471de8c992a0460091a2ddbb45e:0:0,918f72d1f3b99bbbdda959fd6c3a2bab:0:0,826064c09b178040f1f14a7507e3e3e4:0:0,712e838b81e4cee920208b65a4ee6c8f:0:1353328229,742be157bead62e4185a5f64b841c301:0:929369899,1.0
3035,1,235,1,legacy,0.00019452420701168612,0.0,2.6405042645938566,46.6714138048701,0.005649064667522907,0.0076171875,0.00020426204428076745,0.002325323352124542,-0.001760339830070734,0.0681295245885849,0,0,0,512,0,0,512,0,0,,,,,,,,,,,,,,0.1076134379254654,0995f471de8c992a0460091a2ddbb45e:0:0,4792f288a11121379aa33271b4c57c67:0:0,2939477e1d001521fe1452a26037da95:0:0,e9bf6500d9f393298021aceedb2eef8f:0:1739750272,0993b4885e659792970fc9bcc54d1610:0:2812747597,1.0
3036,1,236,1,legacy,0.00019407345575959931,0.0,2.640686436285262,46.17987112724222,0.00828599650412798,0.0650390625,-0.004965503700077534,0.002794139331672341,0.0017739966278895736,0.07471912354230881,0,0,0,512,0,0,512,0,0,,,,,,,,,,,,,,0.10661898099351674,0995f471de8c992a0460091a2ddbb45e:0:0,9826a6a656126f25392dc0e1d468f66d:0:0,ae675b9669d8ecfcd1c45c188a1ba84e:0:0,4c648f2a88abed93e87713feb6a3728f:0:333681794,7c7edca4e0d4d7a525c962abf9e2e80e:0:845971286,1.0
3037,1,237,1,legacy,0.0001936227045075125,0.0,2.6401305372249713,45.97162187565118,0.0007048206171020865,0.0775390625,-0.004359495732933283,0.002710413362365216,0.00018765300046652555,0.07362047582864761,0,0,0,512,0,0,512,0,0,,,,,,,,,,,,,,0.1049071850720793,0995f471de8c992a0460091a2ddbb45e:0:0,891810b6651f3d012372f751ad833ce3:0:0,e466536e47b078c05a479ec35eb3ab29:0:0,c3141d7859b289e4305c0b93674bf58f:0:384515833,6573021df383348e2565772e63c76a37:0:573529248,1.0
3038,1,238,1,legacy,0.0001931719532554257,0.0,2.635957721281539,46.12577653606422,0.004451110493391752,0.1484375,-0.0010880251415073872,0.0024911625892855226,-0.0045297108590602875,0.07054004818201065,0,0,0,512,0,0,512,0,0,,,,,,,,,,,,,,0.14276508998591453,0995f471de8c992a0460091a2ddbb45e:0:0,b8c694ba905ef6451f0271580e165b91:0:0,9d28a74227b822569f201bebe60c7612:0:0,7bc0ac06db77488af42cd9eb1d28788f:0:427606038,47a7e08c9f428c11bb37944d8bb22e8b:0:1364033096,1.0
3039,1,239,1,legacy,0.0001927212020033389,0.0,2.636624960059141,45.97222191514447,0.0016273129731416702,0.012109375,0.0004685594234615564,0.0025045192800462247,0.00028171902522444725,0.07074055820703506,0,0,0,512,0,0,512,0,0,,,,,,,,,,,,,,0.1080438019707799,0995f471de8c992a0460091a2ddbb45e:0:0,e37b0c927d2519d90112fecae7f0972f:0:0,011859dfa1829509b1eab9ed1f09b97d:0:0,579385f2a59e396580a9c0840838fb8f:0:907499193,26ae77ad7178e031b95a144037f54849:0:1011874353,1.0
3040,1,240,1,legacy,0.00019227045075125208,0.0,2.6324709531825645,45.53885588538833,4.974426701664925e-07,0.024609375,5.9949653223156926e-05,0.002338242658879608,-0.004125249572098255,0.06832175701856613,0,0,0,512,0,0,512,0,0,,,,,,,,,,,,,,0.11953439004719257,0995f471de8c992a0460091a2ddbb45e:0:0,394f306fe0e9c012f3dc08b3dc7d8ee0:0:0,9246db05a64616085391209372794e79:0:0,0e1fee17c6098dbff239fc1c587d7e8f:0:528794177,c2ebb9a045af92e1f56f59377e84ad37:0:3768007467,1.0
3041,1,241,1,legacy,0.00019181969949916527,0.0,2.6989430313181644,45.69859494804405,0.005426408722996712,0.119140625,-0.001215231162495911,0.0030678561190143226,0.06656493246555328,0.07114338874816895,0,0,0,512,0,0,512,0,0,,,,,,,,,,,,,,0.10947186208795756,0995f471de8c992a0460091a2ddbb45e:0:0,b67e6a291675fbf1582992378229e6b6:0:0,4d3624141ac7c10ce0a5a0b37a08f991:0:0,e230b2abf5dbabd1882ec4b23df6018f:0:511056328,3ac2edd0911996ad6b3c76830d17088d:0:2021738490,1.0
3042,1,242,1,legacy,0.00019136894824707846,0.0,2.6981120152778644,45.69354636478238,0.003644411452114582,0.058203125,-0.0033057762775570154,0.0026825016597285868,-0.02353953942656517,0.07245169579982758,0,0,0,512,0,0,512,0,0,,,,,,,,,,,,,,0.10362033010460436,0995f471de8c992a0460091a2ddbb45e:0:0,19e042415d6c4d4ef89c661ea8237b06:0:0,becaed19b3f814f914757d4eee85373f:0:0,812cba4e3d13cde32c064d83e8a2848f:0:3585165676,c951c253c231e32e694823257a9018b6:0:2019405352,1.0
3043,1,243,1,legacy,0.00019091819699499165,0.0,2.6994247912422136,46.17562220082618,3.291061148047447e-07,0.01875,0.00046070721000432966,0.002568316750694066,0.00897603016346693,0.07150393724441528,0,0,0,512,0,0,512,0,0,,,,,,,,,,,,,,0.10288834106177092,0995f471de8c992a0460091a2ddbb45e:0:0,b2830764902646e4a5a01ef8fefce7fe:0:0,f23b91cd5a344a484a4e4f88302749dd:0:0,00c68a18b3b2d7502caec50f8883078f:0:745033495,24aeee6efaaf3da92399f37695a869e1:0:604216206,1.0
3044,1,244,1,legacy,0.00019046744574290482,0.0,2.7013869542892586,46.20689324219711,0.02940818853676319,0.1978515625,-0.0065866329474374655,0.0026180807035416365,0.000355984695488587,0.07235584408044815,0,0,0,512,0,0,512,0,0,,,,,,,,,,,,,,0.10368999897036701,0995f471de8c992a0460091a2ddbb45e:0:0,d0a4386c21c5fd8463f9e4d3eea22811:0:0,8987077e2f29f5bd0dfedc521c163ba7:0:0,94f5172d1aa149912dc955134d978a8f:0:4072257048,a02bb26897a0d3c1751f6b9887473700:0:4027639780,1.0
3045,1,245,1,legacy,0.000190016694490818,0.0,2.698011265433026,46.70335048576817,0.00541562819853425,0.0216796875,0.0002669350244104862,0.0026084979763254523,-0.0031696693040430546,0.07218830287456512,0,0,0,512,0,0,512,0,0,,,,,,,,,,,,,,0.10610267100855708,0995f471de8c992a0460091a2ddbb45e:0:0,1a712b58134d0d5089f6602224f75514:0:0,97153cced8e415b78f5c23b7db86f232:0:0,4c9eea4f14da83814aed228d67e00d8f:0:1371652302,545cd01780c387c52732241fcd4ee2c7:1:1797788571,1.0
3046,1,246,1,legacy,0.0001895659432387312,0.0,2.697148000928374,47.098728362470865,0.010772472247481346,0.03125,-3.2966560684144494e-05,0.0024882999015972017,0.00030771474121138453,0.07053809612989426,0,0,0,512,0,0,512,0,0,,,,,,,,,,,,,,0.11023859202396125,0995f471de8c992a0460091a2ddbb45e:0:0,f60dfd0ac075e46e803ac552241f09e4:0:0,0ed8591ec087dcf5eb0d70c3db6a7116:0:0,9a0f409adaacb50d6eea4dbc075c908f:0:2608316566,731808a02f8756710cc20af20d70c1e8:0:796490135,1.0
3047,1,247,1,legacy,0.0001891151919866444,0.0,2.6975783167998277,46.61838839529082,0.006810999475419521,0.0541015625,-0.0015394767746329308,0.0025665609166026114,0.001064664451405406,0.07161471992731094,0,0,0,512,0,0,512,0,0,,,,,,,,,,,,,,0.10679332399740815,0995f471de8c992a0460091a2ddbb45e:0:0,4bd7307d6805156e5e25ed7ff1672fbd:0:0,fb81220b0dea6d34ebfdbe63a9eafc9f:0:0,e63928795528317ddf0cf21d5c0d138f:0:2599236100,0ad7757c8418adf30424287d362d3644:0:3283932992,1.0
3048,1,248,1,legacy,0.00018866444073455758,0.0,2.6951873121574903,46.24187079607509,0.00875317957252264,0.10546875,-0.001264580013230443,0.00265157837420702,-0.0017728989478200674,0.07279647886753082,0,0,0,512,0,0,512,0,0,,,,,,,,,,,,,,0.11605874006636441,0995f471de8c992a0460091a2ddbb45e:0:0,933d4a3b102dff5119411bed51c5be6c:0:0,25716d7ac63943ad6e3fc134af591bc5:0:0,54068ccea7240a89fa60266f95f1968f:0:2900374899,6550ee8377e4393ff443fa3a6d75774e:1:1218918600,1.0
3049,1,249,1,legacy,0.00018821368948247077,0.0,2.702424506087047,45.922892075031996,0.004074836149811745,0.0900390625,-0.0012659022118896245,0.002608326554764062,0.00812695361673832,0.07209151983261108,0,0,0,512,0,0,512,0,0,,,,,,,,,,,,,,0.104939547018148,0995f471de8c992a0460091a2ddbb45e:0:0,fe59dfc938ab8b3b40a42c9011793438:0:0,ef432d9799aa0965ec9effe9bb8649fa:0:0,57ded13a43891e662cf0fcb0e50a198f:0:406801369,5eb9ef038b53dcacae6cc0753babd1c2:0:4028292577,1.0
3050,1,250,1,legacy,0.00018776293823038396,0.0,2.694195163397181,46.133648965042084,0.0007599540986120701,0.05,0.0016510365530848503,0.0026480253553017976,-0.011523354798555374,0.07257217168807983,0,0,0,512,0,0,512,0,0,,,,,,,,,,,,,,0.12895557202864438,0995f471de8c992a0460091a2ddbb45e:0:0,08068da5465d0e537c7623f2f1d436dc:0:0,d961792ebad16e168742d9e641916730:0:0,6a2e604bcde002fc1711821f79569c8f:0:765959391,241723114d0c3bcc94d0c6deb3326f17:1:1842897906,1.0
3051,1,251,1,legacy,0.00018731218697829716,0.0,2.7001921179563446,46.1268549785018,0.0058703431859612465,0.1994140625,0.005564102623611689,0.0026244339533150196,0.00961604155600071,0.0722615122795105,0,0,0,512,0,0,512,0,0,,,,,,,,,,,,,,0.14080181205645204,0995f471de8c992a0460091a2ddbb45e:0:0,798063b78540923064cc61a30ab77b94:0:0,f3166401b2559404347ad9ddc290ac8d:0:0,66d8d7022269787ce89bbf3982d71f8f:0:1597241799,ef1ae6335a41488f8276a35dac7ac5d9:0:2911415774,1.0
3052,1,252,1,legacy,0.00018686143572621035,0.0,2.704367331443312,46.23538848827593,0.02258329838514328,0.0837890625,0.001671158871613443,0.0028643554658629,0.0015441691502928734,0.07567144185304642,0,0,0,512,0,0,512,0,0,,,,,,,,,,,,,,0.15452117007225752,0995f471de8c992a0460091a2ddbb45e:0:0,afe74144825a6e045809344cca9f9064:0:0,f7f762029ea95b403ffcd3a108ae1e52:0:0,390afef606544d7df034b7bd318ba28f:0:3217761529,cb309a404f37ee2f59ba5ead7d75250c:1:2973453456,1.0
3053,1,253,1,legacy,0.0001864106844741235,0.0,2.696380486868676,45.8339212462306,0.0018839905969798565,0.01328125,-0.000644490378908813,0.002635007828939706,-0.006935248151421547,0.07246767729520798,0,0,0,512,0,0,512,0,0,,,,,,,,,,,,,,0.1673981809290126,0995f471de8c992a0460091a2ddbb45e:0:0,0a8b0487e22409b6e3b4d67ef45ea21c:0:0,f750b0f1c303e3bd3c7ae880e8c16d9e:0:0,8d17696c26eedecf5e8f6aa8b574258f:0:2457034600,297ff64d9ee560ce3fed125ea27ccb53:1:3880101049,1.0
3054,1,254,1,legacy,0.00018595993322203673,0.0,2.700307985606036,46.057699830271304,0.001396105857565999,0.0123046875,-6.158961914479733e-05,0.002886905556079,0.007882018573582172,0.07584051787853241,0,0,0,512,0,0,512,0,0,,,,,,,,,,,,,,0.15350732998922467,0995f471de8c992a0460091a2ddbb45e:0:0,6a4fbf99aaa7469089cb348e8ea78006:0:0,5d0ebf56c48b66513f98c489f20e24c2:0:0,7ebd486637fd9d3d3dafd23a3e90a88f:0:316304228,17cffd077816bc0152260bb51f42b431:1:2184138677,1.0
3055,1,255,1,legacy,0.0001855091819699499,0.0,2.69763179086958,45.86477873963304,0.008596161380410194,0.080859375,-0.0047260671854019165,0.0023856098763644696,-0.006720349192619324,0.06896670162677765,0,0,0,512,0,0,512,0,0,,,,,,,,,,,,,,0.13543477794155478,0995f471de8c992a0460091a2ddbb45e:0:0,d9a7633484c9278e2c31a4b861925320:0:0,9c961a4871b8fbf6f3428e2a5307da38:0:0,161856dd2dab436a9c2de3effce12b8f:0:743550377,3fa97b677ebd4a2c3c4ef868047e1a23:0:2686322639,1.0
3056,1,256,1,legacy,0.0001850584307178631,0.0,2.7062404419622426,46.15376020083204,0.01557423546910286,0.0625,-6.689447909593582e-05,0.0024610220105387272,0.01215365156531334,0.06986752152442932,0,0,0,512,0,0,512,0,0,,,,,,,,,,,,,,0.13025560195092112,0995f471de8c992a0460091a2ddbb45e:0:0,7e439a9016f77346d4bf2a082ea802c9:0:0,ec6eee080ca9450178c42685d4b2d188:0:0,5f43adcabdd2a5f6ec7890882065ae8f:0:1846997862,3cd901366aca1199aadafb5dbb88f589:0:3357617159,1.0
3057,1,257,1,legacy,0.00018460767946577628,0.0,2.7045795746516714,45.801290817325935,0.002177428686991334,0.1751953125,0.006015612673945725,0.0024078043759800495,-0.006340043619275093,0.06930436193943024,0,0,0,512,0,0,512,0,0,,,,,,,,,,,,,,0.10581858898513019,0995f471de8c992a0460091a2ddbb45e:0:0,c653042806d9aaae8035013dcded4f9d:0:0,b4d971afd807ae02d08e883674d09f0b:0:0,1c87e7c286ad481d9818c400d91e318f:0:621362759,c858a9c5467a2f3841cd900ef421a48f:0:1316154518,1.0
3058,1,258,1,legacy,0.00018415692821368947,0.0,2.6920598629750128,46.14223297685385,0.0026252251118421555,0.126953125,-0.0038762640673667193,0.002488790708594024,-0.011573921889066696,0.07027719914913177,0,0,0,512,0,0,512,0,0,,,,,,,,,,,,,,0.14433149492833763,0995f471de8c992a0460091a2ddbb45e:0:0,8dbe7a4c9f42745164d3e9f85d125c90:0:0,bee4f1a1140ce949e53e3e911ebb832c:0:0,d56cbfc76e3d1effc6f46598570ab48f:0:3335715273,c3224f226153991db9d321b3dfaf59ca:0:1855045372,1.0
3059,1,259,1,legacy,0.00018370617696160266,0.0,2.698635528438458,46.115810464834794,0.009942048229277134,0.016796875,0.0004333333112299442,0.002506275859195739,0.011635968461632729,0.0705081969499588,0,0,0,512,0,0,512,0,0,,,,,,,,,,,,,,0.11309302900917828,0995f471de8c992a0460091a2ddbb45e:0:0,ec40fbac958f21cde98ecf8020841885:0:0,7ccdc20a722a16a35d3e907bdf4876f0:0:0,7ebb68fc06132dc85a9157ccca2b378f:0:2557490318,72f187272405934aff6cd16ef32dcc0a:1:1921381384,1.0
3060,1,260,1,legacy,0.00018325542570951585,0.0,2.699035505940265,45.83503385656513,0.00016349984798580408,0.05859375,0.0011128746904432774,0.0026107041630893946,-0.004486461170017719,0.07220561057329178,0,0,0,512,0,0,512,0,0,,,,,,,,,,,,,,0.12398210889659822,0995f471de8c992a0460091a2ddbb45e:0:0,fdd642a4be77e76a6d05d4ab8e86e5a5:0:0,0323b16eadacd6fbdd03b5bb76545c39:0:0,c00362f8fa5fe4da1d58785c627fba8f:0:446994464,db7a9310b1891427cdda2689a2b7af87:1:2195088460,1.0
3061,1,261,1,legacy,0.00018280467445742904,0.0,2.700594998947864,45.500924228690565,0.0002893370110541582,0.0890625,0.003093337267637253,0.0024737892439588905,0.0029114263597875834,0.07030797004699707,0,0,0,512,0,0,512,0,0,,,,,,,,,,,,,,0.108722859993577,0995f471de8c992a0460091a2ddbb45e:0:0,115cc741ebd69cf1d593a88cc8f3e1a0:0:0,bb84334ea84738c7562b6c382cf6198e:0:0,9477e92ed1856e3825d8a04550083d8f:0:1544317597,b7172d1f6bc1a1fe8599a86640c8c0e2:1:734615627,1.0
3062,1,262,1,legacy,0.00018235392320534223,0.0,2.6935004895555874,45.65069809323177,0.007027706131339073,0.0943359375,0.0033850240986794235,0.0024111447273753583,-0.008173733949661255,0.06932400912046432,0,0,0,512,0,0,512,0,0,,,,,,,,,,,,,,0.11001572303939611,0995f471de8c992a0460091a2ddbb45e:0:0,96ea6df0fc159b0eaa3cd89e8d289697:0:0,dd369905d5255a2e72bd0baf13dd78c6:0:0,f686d9f482af51586e09a3c5c2c4c08f:0:3296448906,9818a3de2c9041fd4047a695f2c9cd09:1:796485171,1.0
3063,1,263,1,legacy,0.00018190317195325542,0.0,2.6975010383888782,45.19590716226958,0.022716974839568138,0.169921875,0.00022865911014378071,0.0023260510060936213,0.005987977143377066,0.06812519580125809,0,0,0,512,0,0,512,0,0,,,,,,,,,,,,,,0.10858890903182328,0995f471de8c992a0460091a2ddbb45e:0:0,e526f8e8fcdc1718e818b4ef01c57721:0:0,5db0b315f4d41abcb405377f09212a81:0:0,f7b7d2f6ae3e18909e8f525beab5438f:0:1237583210,8c657fc0078c6a419008506d2d09ed2a:0:2773528813,1.0
3064,1,264,1,legacy,0.0001814524207011686,0.0,2.696231704736623,44.77684068842791,0.003221584716811776,0.0041015625,0.00023654131218791007,0.0026483287452720105,-0.0041426606476306915,0.07271623611450195,0,0,0,512,0,0,512,0,0,,,,,,,,,,,,,,0.10750943003222346,0995f471de8c992a0460091a2ddbb45e:0:0,b4c653fc43e515dfed1a20c0214cd2b7:0:0,9276cd8c127a35cf0b9b5a6a6fa197fc:0:0,7da633d78a20e24d0dfc76c5f7d9c68f:0:4226959748,25978bb0da5277d5c79cff372fa3ef4f:0:1299252666,1.0
3065,1,265,1,legacy,0.0001810016694490818,0.0,2.699202374592195,45.01748422626406,0.003665077267214656,0.0310546875,-0.0003312658052891493,0.0023316162521950902,0.005773858167231083,0.06818760186433792,0,0,0,512,0,0,512,0,0,,,,,,,,,,,,,,0.1112201560754329,0995f471de8c992a0460091a2ddbb45e:0:0,145cf5c2270a55eed749e9b9d4587d05:0:0,deafb8f2da66f1bd22087fc0e9584acf:0:0,b50bdc29de820841f415d7021a32498f:0:1499342210,0db4115c73324293e868e26dc3919612:0:1018928742,1.0
3066,1,266,1,legacy,0.00018055091819699497,0.0,2.6914043658336295,44.60186072392389,0.005098883528262377,0.1236328125,-0.0019865951966494323,0.002514925040304661,-0.010123943910002708,0.07072959840297699,0,0,0,512,0,0,512,0,0,,,,,,,,,,,,,,0.11095558397937566,0995f471de8c992a0460091a2ddbb45e:0:0,d9bfec31d63e9574dceccd66b864fbd4:0:0,291eb7d1c6c2342bd59a1094c4a5fded:0:0,13341ebdbc7746c6d115344e81becc8f:0:2619478703,4065d523f01feda361a4b6ff1fbf4723:1:2860523969,1.0
3067,1,267,1,legacy,0.0001801001669449082,0.0,2.694890896283617,44.86212762421928,0.00020177965052425861,0.1328125,0.0052718149032443765,0.0023682784056290986,0.007727781776338816,0.06871312111616135,0,0,0,512,0,0,512,0,0,,,,,,,,,,,,,,0.12144026695750654,0995f471de8c992a0460091a2ddbb45e:0:0,72dc341c9997ed62131bce07b3887020:0:0,1cc66b7008e938c378c5bbaed72754e1:0:0,110408a7e8b10e8c08ec4b295e7f4f8f:0:832472120,7947a7619180d2c0acff38f5a58f5ae9:0:3493732519,1.0
3068,1,268,1,legacy,0.00017964941569282135,0.0,2.6950563432791284,45.00447717728093,0.018740214407444,0.1103515625,-9.58362128585577e-05,0.0025307618314400317,-0.0011495110811665654,0.07110926508903503,0,0,0,512,0,0,512,0,0,,,,,,,,,,,,,,0.10864585696253926,0995f471de8c992a0460091a2ddbb45e:0:0,eb1c9286b93e68a0ef7a9ee641775a11:0:0,5a3432459cf594b7b2e7d239f4b771a5:0:0,8e5a6db9476feadab287d350e073d28f:0:887326474,337029568227b799c5028d09b029c259:1:1544513322,1.0
3069,1,269,1,legacy,0.00017919866444073457,0.0,2.698647452375153,45.58081681607291,0.008066394366323948,0.0287109375,-0.0004612567834556103,0.0025029907701537013,0.00421567028388381,0.07069645822048187,0,0,0,512,0,0,512,0,0,,,,,,,,,,,,,,0.10962539096362889,0995f471de8c992a0460091a2ddbb45e:0:0,6b594691ac0cd87a102ffc3386c59f28:0:0,b4df10edce98bf0bd3afcde36c937b77:0:0,ca810d75ed52268e9b127fc3379c558f:0:3702372019,111fdf5957fc79e2306e158fb5ade3c4:1:1645681837,1.0
3070,1,270,1,legacy,0.00017874791318864773,0.0,2.699749319666843,45.97397040924989,0.004469631239771843,0.007421875,0.00013049338012933732,0.0025538207264617085,0.000588028400670737,0.0714322105050087,0,0,0,512,0,0,512,0,0,,,,,,,,,,,,,,0.10899628605693579,0995f471de8c992a0460091a2ddbb45e:0:0,8e8ac4d24856dd2ca02b3530d025d760:0:0,40339b4ec528df216f80ad76618a045d:0:0,5ff8a237d1d719fa7d37febe93f8d88f:0:1602415173,a0759f405ef913468c8c80e3f96be65c:1:2745668341,1.0
3071,1,271,1,legacy,0.00017829716193656093,0.0,2.694569067660996,46.17260282393545,0.018561329692602158,0.0642578125,0.000758356275036931,0.0024819863378070296,-0.005121274385601282,0.07039227336645126,0,0,0,512,0,0,512,0,0,,,,,,,,,,,,,,0.1048506930237636,0995f471de8c992a0460091a2ddbb45e:0:0,1a196f3b181d4f5c9e3c889c7434f757:0:0,62b2e90076ade3bab5a0d4c97120e5e2:0:0,1b22073b7cc0cbe66c67f9c125895b8f:0:2782730235,d4fc010c3b86001d9d23db544ef0694d:1:4275225515,1.0
3072,1,272,1,legacy,0.00017784641068447412,0.0,2.6947749110895938,46.75186561071314,2.677727025002241e-05,0.116796875,0.0011146636796183884,0.002596400154288858,0.0007219761027954519,0.0720347985625267,0,0,0,512,0,0,512,0,0,,,,,,,,,,,,,,0.10635648795869201,0995f471de8c992a0460091a2ddbb45e:0:0,f80b51d7b6457845f7acda0ebecff529:0:0,c583ef528ba053e90f1181a71604f564:0:0,ee4b491166c7cfd8741915891c4dde8f:0:1246466831,2380f6b493cd4bdc513c32a323afe743:0:2675096772,1.0
3073,1,273,1,legacy,0.0001773956594323873,0.0,2.699343855683021,46.52294101542793,0.00048541324213147163,0.0345703125,0.0013877990655601024,0.002453105652239174,0.003548080800101161,0.07002135366201401,0,0,0,512,0,0,512,0,0,,,,,,,,,,,,,,0.10529654496349394,0995f471de8c992a0460091a2ddbb45e:0:0,8346be46dc1f96f0b2748073bb1c1c76:0:0,1d03d6bb25fa22038d19c0a9112a2c5c:0:0,1df3058928608bd76b0bf214a846618f:0:2968383983,347f12883912452787650d762fb6fb2f:0:4031092944,1.0
3074,1,274,1,legacy,0.0001769449081803005,0.0,2.6932381897707844,46.7286879720632,0.0027782125398516655,0.0150390625,-6.42457976937294e-05,0.002873847237788141,-0.00806695967912674,0.07568679004907608,0,0,0,512,0,0,512,0,0,,,,,,,,,,,,,,0.11514621297828853,0995f471de8c992a0460091a2ddbb45e:0:0,83583deb72e91fb990e7a27af9e22cba:0:0,5e7d1fa3b9686ce6ea515c01d0690536:0:0,5db7cbd7f69c4fd7fa8e2aa1f972e48f:0:3713446222,2f6f78440ce6ebf433fea9ea44120930:1:1485017658,1.0
3075,1,275,1,legacy,0.0001764941569282137,0.0,2.6991692494600414,46.84077084530145,0.00021422258578240871,0.00703125,-0.00013724607415497304,0.0027129312977194784,0.009843915700912476,0.07347602397203445,0,0,0,512,0,0,512,0,0,,,,,,,,,,,,,,0.11258092697244138,0995f471de8c992a0460091a2ddbb45e:0:0,9fd6862fdb6694c7849e8430b4d4fde0:0:0,228dd9f640cdcf365fa74f116c5ae56e:0:0,d94b32ae567be903d9bd55af3fd3678f:0:3650880934,54ff7abb5d5df7a9c7c1c8ee9f6b7cf1:0:3025847449,1.0
3076,1,276,1,legacy,0.00017604340567612688,0.0,2.6945676039634003,46.77877682261169,0.0047381180338561535,0.025,0.00022324444726109504,0.0026681835646741093,-0.006325559224933386,0.07298727333545685,0,0,0,512,0,0,512,0,0,,,,,,,,,,,,,,0.1084042590809986,0995f471de8c992a0460091a2ddbb45e:0:0,25e1c7a5e7267ea55217834df0d12804:0:0,3770083e49a5dad84a6eb79ccaf586a7:0:0,0fde475d5a549b0b3cca04faab67ea8f:0:2254604404,3eeb00dd5be1bcd26bc9a59945a73ac6:0:203991621,1.0
3077,1,277,1,legacy,0.00017559265442404005,0.0,2.6906892241275937,46.50590816163458,0.005022185388952494,0.0201171875,0.000939559331163764,0.0025863923830911515,-0.002336364472284913,0.07188635319471359,0,0,0,512,0,0,512,0,0,,,,,,,,,,,,,,0.1082674580393359,0995f471de8c992a0460091a2ddbb45e:0:0,7dc4fc14c91e43000f016ef2ce23df5d:0:0,baec177e1adb7b650a8c4e1074a44843:0:0,bd2a2e462b33a9b0783ac5826c306d8f:0:3616050695,64d1b83a626d51062dd91db4883418cd:0:749004196,1.0
3078,1,278,1,legacy,0.00017514190317195326,0.0,2.6981102610761445,45.996687369188294,0.027049744501709938,0.151171875,-0.0016314229927957059,0.002716170425992459,0.009490648284554482,0.07350809872150421,0,0,0,512,0,0,512,0,0,,,,,,,,,,,,,,0.1060205320827663,0995f471de8c992a0460091a2ddbb45e:0:0,a189342d9d834ecc16ccf20ca00da5a4:0:0,e9bfc0a43ad3fbd1d10d231494711a50:0:0,e45dd8cb1177dcbdd82f1f84b22cf08f:0:962832337,4ce858c7817002b0acc86a98a8b8961c:1:311794692,1.0
3079,1,279,1,legacy,0.00017469115191986643,0.0,2.7031641817515726,46.7406279174611,0.005745262838900089,0.076953125,-0.003100979793816805,0.0022657942958176137,0.002946934662759304,0.06726685166358948,0,0,0,512,0,0,512,0,0,,,,,,,,,,,,,,0.10841455799527466,0995f471de8c992a0460091a2ddbb45e:0:0,c295d7e80354e13cc14fb7aad8344a8f:0:0,5a99aee50ae3255e5117bb3faa5c7221:0:0,7e98570ba423a895aba2967fad5d738f:0:318617141,7f5057a2733e2c6f7ad687cc37ac961f:1:2300933344,1.0
3080,1,280,1,legacy,0.00017424040066777965,0.0,2.7010955097318217,46.55376130249351,0.002851875964552164,0.044921875,-0.0008465673308819532,0.002581083262339234,-0.0033777477219700813,0.07176296412944794,0,0,0,512,0,0,512,0,0,,,,,,,,,,,,,,0.11126442498061806,0995f471de8c992a0460091a2ddbb45e:0:0,c6ae16520c6163f8c9e734bd0461d414:0:0,dfe6c98914099d0064d15d4e01a5ded5:0:0,f00473123db5e58c83afa9318dc1f68f:0:985506363,48c191b30b78d9cf4bcfc46f50cffb14:0:3367420099,1.0
3081,1,281,1,legacy,0.0001737896494156928,0.0,2.682394500592104,46.26261219382286,0.0045238072052598,0.0302734375,0.0012872455175966025,0.002549098781310022,-0.017928842455148697,0.07080880552530289,0,0,0,512,0,0,512,0,0,,,,,,,,,,,,,,0.11860708496533334,0995f471de8c992a0460091a2ddbb45e:0:0,10d269d9c633dc90c78d7cfe0965c3cc:0:0,30fc7007b3f4de7870c2f8d9a061a5df:0:0,07520ef34fa2403da6d2d198835a798f:0:1354788789,eca7bba3ba5ac14aa25f3c3ecc112e80:0:3742430126,1.0
3082,1,282,1,legacy,0.00017333889816360603,0.0,2.676861440449822,46.1877073161304,0.00361977843567729,0.0134765625,0.0005589596927165985,0.0025093356845900415,0.001116668339818716,0.07078687846660614,0,0,0,512,0,0,512,0,0,,,,,,,,,,,,,,0.11299264896661043,0995f471de8c992a0460091a2ddbb45e:0:0,47ce6d5bdde3b7300c55e185270bef98:0:0,f9d0cbc724923bc395b584f2315cd661:0:0,7cee7eebaacdcd09b82d84f2be26fc8f:0:701915917,65993077ca7246b66df5cad8d186900a:1:4201340420,1.0
3083,1,283,1,legacy,0.0001728881469115192,0.0,2.679679028373129,46.37801487115212,0.0039211539551615715,0.0138671875,-0.00046641759108752013,0.002534292486961931,0.004025093745440245,0.07115361094474792,0,0,0,512,0,0,512,0,0,,,,,,,,,,,,,,0.10710176592692733,0995f471de8c992a0460091a2ddbb45e:0:0,f401f41b06921f954defe225f936f4db:0:0,71761fa38a4e028f9545ac5a62509e96:0:0,9d974afd53bf68ef92c933be6e277f8f:0:2256220206,1b8d2462b5430ce15a4d5a09f74a1ec1:1:2164720121,1.0
3084,1,284,1,legacy,0.00017243739565943238,0.0,2.6755085241070344,46.23065485502593,0.002200516639277339,0.0080078125,-3.481830935925245e-05,0.0026493090088479223,-0.005499576684087515,0.07270517200231552,0,0,0,512,0,0,512,0,0,,,,,,,,,,,,,,0.10698056197725236,0995f471de8c992a0460091a2ddbb45e:0:0,51364f5628232dc0c1c11d817dcf0d70:0:0,9d0bcd916cafb5c3ef3f440be4648c3a:0:0,f7611816fc7ed1ef58da49b9c35c028f:0:2111475065,d969acd9ed55bf73a3e63458e42e2967:0:1046610981,1.0
3085,1,285,1,legacy,0.00017198664440734558,0.0,2.68314724423363,46.03211011271924,0.003085219766944647,0.0048828125,0.00018276865594089032,0.0021578056388534606,0.00701480358839035,0.06559495627880096,0,0,0,512,0,0,512,0,0,,,,,,,,,,,,,,0.10457845299970359,0995f471de8c992a0460091a2ddbb45e:0:0,de587e8f5b75b44e8a981fbb11c44aa8:0:0,9554805d43433b427d05c440c6173745:0:0,0a13ceacc468a127b7032de2edc4858f:0:793000147,f04af0fc0ca8270d3d88a4858afb3df7:0:3693430680,1.0
3086,1,286,1,legacy,0.00017153589315525877,0.0,2.674194385008299,45.65497942385264,0.0031789480708539486,0.0001953125,0.0004992251517251134,0.0026859227451495825,-0.008295725099742413,0.07314765453338623,0,0,0,512,0,0,512,0,0,,,,,,,,,,,,,,0.10546553891617805,0995f471de8c992a0460091a2ddbb45e:0:0,ec318f9ca1b0284b721b8e814dc082be:0:0,346a91bd252ce8c5a2917bb4f129a5dd:0:0,e0687b05678890dd5b9742781d61088f:0:4281957754,6beda689906d49746aafa59389ed3578:0:1612645120,1.0
3087,1,287,1,legacy,0.00017108514190317196,0.0,2.68197760083643,45.5056571168825,0.011778141371905804,0.05703125,-0.00020250328816473484,0.0024646476027555763,0.010680289007723331,0.06999040395021439,0,0,0,512,0,0,512,0,0,,,,,,,,,,,,,,0.10418190597556531,0995f471de8c992a0460091a2ddbb45e:0:0,3c8b84f32c1733689e6ebccab9fa7faa:0:0,4fa25b56c072510df864838022f42888:0:0,a2b619919356b89ca1dde4f782318b8f:0:1712416563,b69303048b3e5c7f69ec85a608dd7f27:1:890511129,1.0
3088,1,288,1,legacy,0.00017063439065108512,0.0,2.6800365655803486,45.266419858671725,4.327157512307167e-07,0.086328125,0.002539254678413272,0.0024007410160265864,-0.00531337596476078,0.06923522055149078,0,0,0,512,0,0,512,0,0,,,,,,,,,,,,,,0.10632231703493744,0995f471de8c992a0460091a2ddbb45e:0:0,e94757f1f3120b69ce83e86e7f78536f:0:0,d7878c57fa5964fc11ecf37e1797d80d:0:0,9a77f69fa5ffa9a571556e1f4c360e8f:0:61286044,5bb588f11b0e6dd738ecb0debf16c754:0:1655311757,1.0
3089,1,289,1,legacy,0.00017018363939899834,0.0,2.6780629386138344,45.23539173533209,1.6973353922367096e-07,0.048828125,9.639947675168514e-05,0.002647098375018686,-0.0004012355348095298,0.07271521538496017,0,0,0,512,0,0,512,0,0,,,,,,,,,,,,,,0.12425306008663028,0995f471de8c992a0460091a2ddbb45e:0:0,4c1ca0123108a54844dace184ade3e39:0:0,118dda207547da9365c26ebcc20dea57:0:0,bbb01bd8afaa95d150f631edab6e918f:0:2832470800,ccf09eb7b7ace763c77bc072094a4e71:0:1809364956,1.0
3090,1,290,1,legacy,0.0001697328881469115,0.0,2.676854644732404,45.125729002757,0.01614629663527012,0.058203125,-0.0019070164300501347,0.0023092350922524927,-0.0007886540261097252,0.06792674213647842,0,0,0,512,0,0,512,0,0,,,,,,,,,,,,,,0.13825714599806815,0995f471de8c992a0460091a2ddbb45e:0:0,60b48c9b2bd71ce6ca4d3c31d53d1f2c:0:0,be5d1f3907f0fc1898c64a8c1cb8bca2:0:0,38ee4660227beb23ae757fa0cfdb148f:0:4273101420,c3a3aa0a4d204d0e3e2cdaf767c197bb:1:1895639777,1.0
3091,1,291,1,legacy,0.00016928213689482472,0.0,2.681993958399617,45.74281219393015,0.0030558407306671143,0.03671875,-0.0017700563999824225,0.00256902911933139,0.006654259283095598,0.07159922271966934,0,0,0,512,0,0,512,0,0,,,,,,,,,,,,,,0.11655345803592354,0995f471de8c992a0460091a2ddbb45e:0:0,9210f2822a6bb2529908da97ff2b2eee:0:0,7bcf3cb55582da79d6283e253feb0c4b:0:0,c0020d62365e0e345988a1b6e97b978f:0:2899631909,657a4e091326c1bc2435894cee3152fb:1:2345247648,1.0
3092,1,292,1,legacy,0.0001688313856427379,0.0,2.6740316755773215,45.922229799907655,0.0005008423468098044,0.0185546875,-0.0003404287388548255,0.0026818845071829855,-0.009828150272369385,0.07302884757518768,0,0,0,512,0,0,512,0,0,,,,,,,,,,,,,,0.10837092099245638,0995f471de8c992a0460091a2ddbb45e:0:0,79c0432d545355a1a5704fe14f532409:0:0,f2d9975b57e49f9da0a823e2628e20a3:0:0,6e756989a0e51da43327ddee28501a8f:0:379643243,56e014ab2d5cd868142b166cbe881231:1:2790443542,1.0
3093,1,293,1,legacy,0.0001683806343906511,0.0,2.6846226221775322,45.90797595446929,0.0005156585248187184,0.0328125,-0.0017710388638079166,0.0023704210296273233,0.011303520761430264,0.06858866661787033,0,0,0,512,0,0,512,0,0,,,,,,,,,,,,,,0.10611030401196331,0995f471de8c992a0460091a2ddbb45e:0:0,e78379683f4d3a0de62875943bcf3dde:0:0,ed289ff449a6070baaa4df416b79c933:0:0,7692116fdfede8cc10d17544bc589d8f:0:497789467,ac787a6449fbed38b2e60836fb18ab83:1:1247173736,1.0
3094,1,294,1,legacy,0.00016792988313856427,0.0,2.675920838207457,46.06666282052174,0.021207811310887337,0.1146484375,0.0011188169941306115,0.002409084013197571,-0.010025864467024803,0.06917916238307953,0,0,0,512,0,0,512,0,0,,,,,,,,,,,,,,0.10440954205114394,0995f471de8c992a0460091a2ddbb45e:0:0,270de16d570f52e668f6eedff40cbd77:0:0,50d218e6140071751d3e48bcab899379:0:0,fe34acd7f6e383d5d3cca3f8d595208f:0:1542463070,df72aee68c37cd21b2298f1a3741ff06:0:3057908086,1.0
3095,1,295,1,legacy,0.00016747913188647746,0.0,2.6784289548922127,46.56466616434045,0.0031253586057573557,0.10078125,0.0021104061510413886,0.0023573531187139453,0.004350966773927212,0.06857828050851822,0,0,0,512,0,0,512,0,0,,,,,,,,,,,,,,0.10781488695647568,0995f471de8c992a0460091a2ddbb45e:0:0,245117e797d334b3baf65f6e6ecf96f3:0:0,859221b3278dd421d1c023c405f568f8:0:0,cf2f779622e2236fb46ca188a405a38f:0:2059653340,a249daf3f6f6213b2d7be000b96e1fd7:0:4082079806,1.0
3096,1,296,1,legacy,0.00016702838063439065,0.0,2.6753424466403395,46.70380991301499,0.001933082239702344,0.021484375,0.0005057396832853555,0.002413028327282518,-0.0020061666145920753,0.06940282136201859,0,0,0,512,0,0,512,0,0,,,,,,,,,,,,,,0.11531462101265788,0995f471de8c992a0460091a2ddbb45e:0:0,86474d516d81a859565f03fce32a1ae5:0:0,ff7628b4291c6c97622d8a66de103b73:0:0,18b37ca3b1392a49c153a0b257aa268f:0:459768688,29da9f27789667ec207e8f122c2941c7:0:2327996676,1.0
3097,1,297,1,legacy,0.00016657762938230382,0.0,2.6754460804194347,46.739376097684726,0.00019272405188530684,0.0119140625,0.00019781668670475482,0.0026966604054905474,-0.00100703292991966,0.0733521357178688,0,0,0,512,0,0,512,0,0,,,,,,,,,,,,,,0.10811096604447812,0995f471de8c992a0460091a2ddbb45e:0:0,7a16815709b4800ae197ec8e4c1e2fb1:0:0,56d077f9aa9c7e655fa3d20f18b05587:0:0,bcb33938ce19928d92b5cf742082a98f:0:3969506614,c541226b9b717565cabff853796884d1:1:1830580492,1.0
3098,1,298,1,legacy,0.00016612687813021703,0.0,2.6771224778437794,46.943857095902786,0.0034286510199308395,0.0890625,-0.0036188260186463595,0.0024700848036445676,0.003977422136813402,0.07024063915014267,0,0,0,512,0,0,512,0,0,,,,,,,,,,,,,,0.10871765401680022,0995f471de8c992a0460091a2ddbb45e:0:0,9cc2d676753dda8da81a52f232d9f95a:0:0,c77c13996a3ea20e4c3959c96418ec7a:0:0,e8988612ce891d80319c570c2e8f2c8f:0:1093945272,73bfd40112b7b0d6034122a2f19b4acc:0:852468135,1.0
3099,1,299,1,legacy,0.0001656761268781302,0.0,2.6763147552301234,47.102580906357616,1.728767529129982e-06,0.090625,0.0035347489174455404,0.002595001051668078,-0.0018902582814916968,0.07201272249221802,0,0,0,512,0,0,512,0,0,,,,,,,,,,,,,,0.11790136992931366,0995f471de8c992a0460091a2ddbb45e:0:0,20cb8dd4f334f9968362d052da0d9780:0:0,0449e85634fa69a1665a00538470c87b:0:0,90f5998028fdf37e33285bf8b1cfaf8f:0:2308122063,33945dcdf2219e538ba9654c36b08a06:0:1163625427,1.0
3100,1,300,1,legacy,0.00016522537562604342,0.0,2.67790440980567,47.063060745131224,0.004877024330198765,0.05078125,0.0013689333107322454,0.0025881944806315006,0.0038164081051945686,0.07191061228513718,0,0,0,512,0,0,512,0,0,,,,,,,,,,,,,,0.12182285496965051,0995f471de8c992a0460091a2ddbb45e:0:0,af369d08c5627586948b48f0bf40efa4:0:0,9352061e7cdbbc2bcbe0e5541423db57:0:0,101f7e9803519e8207d5fdf7da44328f:0:3514607670,71cc9f57dcab3e321dfa73b8c8bfba64:0:1095255398,1.0
3101,1,301,1,legacy,0.00016477462437395658,0.0,2.669210932719734,46.85392229584977,0.0003555773291736841,0.0431640625,0.001232284912839532,0.0023074796656146644,-0.010849214158952236,0.06775523722171783,0,0,0,512,0,0,512,0,0,,,,,,,,,,,,,,0.10997150803450495,0995f471de8c992a0460091a2ddbb45e:0:0,2e6ce47f3d3d2de11233e546f07248a6:0:0,900f317b02328c7523f5d81e5cd6317c:0:0,28475c5df30589647ebf5807d7ecb58f:0:987086337,28a20ea3d5d998fe72cdfc7c8add0631:1:3017186300,1.0
3102,1,302,1,legacy,0.0001643238731218698,0.0,2.6619517199555967,47.00873811962083,0.01351911760866642,0.0833984375,0.0012342811562120915,0.002386496856343001,-0.006136000156402588,0.06897198408842087,0,0,0,512,0,0,512,0,0,,,,,,,,,,,,,,0.1187013901071623,0995f471de8c992a0460091a2ddbb45e:0:0,cddab22cd733af7db3292790940ffd46:0:0,273f97c33f55306c15699e57cab3f039:0:0,72ad69af461e6e077cdf8066dac9388f:0:3447023744,0ac987357903e51f8ccd3991cbed6ce5:1:2709598121,1.0
3103,1,303,1,legacy,0.00016387312186978296,0.0,2.666010470836298,47.43392157834023,0.008320285938680172,0.101171875,-0.0026612690882757304,0.0027095147292129696,0.003784033004194498,0.07354981452226639,0,0,0,512,0,0,512,0,0,,,,,,,,,,,,,,0.14456173893995583,0995f471de8c992a0460091a2ddbb45e:0:0,8967160abe99edb01be8080f8cc403f5:0:0,d19cb35899b11daac6305b0aa1973126:0:0,c9c0afe9e7275c9ae855889312d9bb8f:0:1239334271,9fbbbf6af4b3e55c9be4c5581d061b78:1:1708354556,1.0
3104,1,304,1,legacy,0.00016342237061769615,0.0,2.6631199861739914,47.023456991882995,0.013424399308860302,0.0537109375,-7.991250604391097e-05,0.002643194980919361,-0.0036950563080608845,0.07266710698604584,0,0,0,512,0,0,512,0,0,,,,,,,,,,,,,,0.16919298202265054,0995f471de8c992a0460091a2ddbb45e:0:0,51daa983033923ae1e4a0d108a4a072a:0:0,d00844052e893445e0aaef6a4c5706c3:0:0,8c543579ae38462bc7a77d4ab01e3e8f:0:1673842452,f1dc5296ae8cd1039ef5261231c27c35:1:4070000713,1.0
3105,1,305,1,legacy,0.00016297161936560935,0.0,2.6665729981778656,47.34704289585352,0.005260959267616272,0.07421875,-0.0005909871775656939,0.0025002921931445597,0.004034708254039288,0.07067614048719406,0,0,0,512,0,0,512,0,0,,,,,,,,,,,,,,0.16843575495295227,0995f471de8c992a0460091a2ddbb45e:0:0,ff2995101cc02807888a9c3e9b97e52e:0:0,231624d798fdf5e21aa332bfb1f940b4:0:0,7ec57213b32734ad9505668be296c18f:0:2741234245,6009cab0163bf9b2d2f2d9ac426423f2:0:1608138930,1.0
3106,1,306,1,legacy,0.00016252086811352254,0.0,2.670040978429167,47.13961480301805,0.000958146178163588,0.025,0.00046445936895906926,0.002753844775725156,0.000382317288313061,0.074180968105793,0,0,0,512,0,0,512,0,0,,,,,,,,,,,,,,0.16849836998153478,0995f471de8c992a0460091a2ddbb45e:0:0,028079bdaaf19bc6d2b8dd59023e9da0:0:0,da631f26af880ef18002e2a108cd0904:0:0,aad7d793fa569aadc58c4794da43448f:0:29885815,af1fc83c61dedc2e6cdde63d1cfee672:0:3224347655,1.0
3107,1,307,1,legacy,0.00016207011686143573,0.0,2.6634311052176103,47.363764652982354,0.004862464964389801,0.1265625,-0.005776369152590633,0.0027808359824120998,-0.006043734960258007,0.07445323467254639,0,0,0,512,0,0,512,0,0,,,,,,,,,,,,,,0.1688426670152694,0995f471de8c992a0460091a2ddbb45e:0:0,dcd9be0df017c2ce457b72263e298297:0:0,19260f43f6676c70efd2d5efa8f4a570:0:0,fed2c3649dde64e184891ee3c723c78f:0:4105681678,62c619a03b4ce3d0e94cb9d33f08f8b3:0:1142645643,1.0
3108,1,308,1,legacy,0.00016161936560934892,0.0,2.658644440749449,47.11896671215072,0.0027383072301745415,0.0115234375,-0.00022786424960941076,0.002624082914553583,-0.004024741239845753,0.07239052653312683,0,0,0,512,0,0,512,0,0,,,,,,,,,,,,,,0.1784305740147829,0995f471de8c992a0460091a2ddbb45e:0:0,ac0ca3c2c9d65e6b6ccd2d9fc720df10:0:0,71caf07ec2a98ea9db166241549348b9:0:0,29dd84426018b7bda2bbe636d9384a8f:0:1285740952,0aaa28a83771c35b742cad8d9762845a:1:1604428105,1.0
3109,1,309,1,legacy,0.0001611686143572621,0.0,2.6614337837172237,46.609044598881155,5.057081580162048e-07,0.1615234375,0.007132850540801883,0.0024830732378177344,0.0057397764176130295,0.07038313895463943,0,0,0,512,0,0,512,0,0,,,,,,,,,,,,,,0.1711122130509466,0995f471de8c992a0460091a2ddbb45e:0:0,d52f108b807a2c276f024668e4b70048:0:0,abfee1020899fb3526027ff5d90382ec:0:0,0ec1a64d62e68348b99a928c4080cd8f:0:4142622360,a5b026cea32c7757c80376a62de47e54:1:877093892,1.0
3110,1,310,1,legacy,0.00016071786310517528,0.0,2.6698249266807,46.86304869246669,0.0004523155512288213,0.0650390625,-0.0005594963906332851,0.0024559581303037702,0.008569328114390373,0.06995793431997299,0,0,0,512,0,0,512,0,0,,,,,,,,,,,,,,0.16756751597858965,0995f471de8c992a0460091a2ddbb45e:0:0,a763a16ea3ecd2db6a03c8f111e08fd4:0:0,20e19bfeb73a2e2c5cf8fe20138765d8:0:0,a0d5fad1904b5757829414222cfd508f:0:4089230855,bfbbd4c17cd2a348b356bd8473fb8713:1:3532267090,1.0
3111,1,311,1,legacy,0.0001602671118530885,0.0,2.6685673807015045,46.91791341174394,0.003261035308241844,0.07109375,0.00021229949779808522,0.0025360836647450925,-0.003015556838363409,0.07117859274148941,0,0,0,512,0,0,512,0,0,,,,,,,,,,,,,,0.16628112900070846,0995f471de8c992a0460091a2ddbb45e:0:0,94429cf3abe2ee0a1cde7ffc810a3f5b:0:0,32bf7f15f9f5d566b32c8a6f8a724da5:0:0,f7629145154b226362535676ceadd38f:0:2844670366,a97ea9e271e10cefe5a38a1359bf449c:0:4232714130,1.0
3112,1,312,1,legacy,0.00015981636060100166,0.0,2.66521547390254,46.59473737119697,0.0010787403443828225,0.073046875,0.00027885641902685164,0.0024854805204086007,-0.0033340640366077423,0.07043252885341644,0,0,0,512,0,0,512,0,0,,,,,,,,,,,,,,0.1696997609687969,0995f471de8c992a0460091a2ddbb45e:0:0,ab062a46fb01ed32bc1650b7824b084e:0:0,ac31e821bf7d6cc4e234ce5d3649d011:0:0,b0eb02d8273fc52b280240485592568f:0:688335577,e8709bc0edf7411a3d3b2151c5e22b6a:1:1391371338,1.0
3113,1,313,1,legacy,0.00015936560934891488,0.0,2.6574500750027106,46.654206566745415,0.003015597816556692,0.027734375,-0.0011593216098845006,0.002398185455240309,-0.004228716250509024,0.06920624524354935,0,0,0,512,0,0,512,0,0,,,,,,,,,,,,,,0.14595061307772994,0995f471de8c992a0460091a2ddbb45e:0:0,30b45905d7375c73181740fd03173eea:0:0,f987b66d06eedfba53bfcbbd0a918318:0:0,cb6b28cc2627a54e008cb394f1aad98f:0:3872798179,1fa53037691404810282cb9ac22b39a0:1:1111117815,1.0
3114,1,314,1,legacy,0.00015891485809682804,0.0,2.6679317004344334,46.41470640199259,0.017483951523900032,0.0591796875,-0.000953036267310381,0.0024349055835045873,0.01231017243117094,0.069503054022789,0,0,0,512,0,0,512,0,0,,,,,,,,,,,,,,0.15554913703817874,0995f471de8c992a0460091a2ddbb45e:0:0,380968e380191202785683790a197e79:0:0,fb73f125cd55b939a0aad462ec935a97:0:0,793ae6d50bb9a9109de38d9ad2f75c8f:0:1698420351,4d5b4a44a751caa5f207feddbdf297ec:1:1806252011,1.0
3115,1,315,1,legacy,0.00015846410684474123,0.0,2.6622166385624,45.883638865780085,0.006330360658466816,0.0513671875,-0.003156664036214352,0.0022641985793597995,-0.006958032958209515,0.06716892123222351,0,0,0,512,0,0,512,0,0,,,,,,,,,,,,,,0.16545435599982738,0995f471de8c992a0460091a2ddbb45e:0:0,45ed4fa706c6f2a28a2b858e70072451:0:0,06ffff255ab7d4bcddf04a24598127bc:0:0,965e9d3af756467c923fa6d82977df8f:0:384896207,bcf96cd6a9a74aba1f212931d76e5397:1:2345598354,1.0
3116,1,316,1,legacy,0.00015801335559265442,0.0,2.6652323309851287,45.631588296964765,0.0023746760562062263,0.10546875,-0.0026863130275160073,0.0025629231822676957,0.003137976163998246,0.07154957950115204,0,0,0,512,0,0,512,0,0,,,,,,,,,,,,,,0.15910215803887695,0995f471de8c992a0460091a2ddbb45e:0:0,a58400726974e43706750c4e27db9cd0:0:0,e994fa2be856af911d83023390989db4:0:0,fef7c97e8a389009df64d30b252c628f:0:1126577387,bc85a158b7bb4d79324d0da543772bed:1:1509681560,1.0
3117,1,317,1,legacy,0.00015756260434056761,0.0,2.66328465335374,45.85311945993453,0.001031209365464747,0.075,-0.003265204420313239,0.0024431836674921213,-0.0015682043740525842,0.06987195461988449,0,0,0,512,0,0,512,0,0,,,,,,,,,,,,,,0.13213337096385658,0995f471de8c992a0460091a2ddbb45e:0:0,40e777cfa94bf4d7c22d214e1054a3f4:0:0,8cbe967d1a6d956f6308e95bdd09cc67:0:0,ed1f371dad956902b9e4e131f614e58f:0:2675623307,b1da7c44863a745b1d3ba70a398c8302:0:3035364207,1.0
3118,1,318,1,legacy,0.0001571118530884808,0.0,2.6669384115715165,45.543324027676135,0.0029065923299640417,0.0408203125,-0.002111995778977871,0.0022761559695936738,0.0030039427801966667,0.06741238385438919,0,0,0,512,0,0,512,0,0,,,,,,,,,,,,,,0.14996701898053288,0995f471de8c992a0460091a2ddbb45e:0:0,22ffe5e4142a4fe068f40132a8047b97:0:0,7a0c634db73bad0388367f85907def87:0:0,1610f3f345a24bd180629b8acc31688f:0:4105409347,358828b7865792903282de240e70aaba:0:3243259991,1.0
3119,1,319,1,legacy,0.000156661101836394,0.0,2.668536113990161,45.76321049244143,0.0065721385180950165,0.0744140625,-0.0026180745102465154,0.002549009514041245,0.00010650127660483122,0.07137298583984375,0,0,0,512,0,0,512,0,0,,,,,,,,,,,,,,0.10494167695287615,0995f471de8c992a0460091a2ddbb45e:0:0,4d3d677522397a65653fb2c2b6341421:0:0,cf55c3aaf0d0dcfcf2ffd13183ce5cd1:0:0,167143bf40c84c68e6d4c793d781eb8f:0:1065692193,ea5b7b1a800b5f4002a5e06574d22706:0:1067900925,1.0
3120,1,320,1,legacy,0.0001562103505843072,0.0,2.6646360226249133,46.28966267919168,0.00016979023348540068,0.1177734375,0.0019003455992788077,0.0022807021625339983,-0.004206293262541294,0.06747399270534515,0,0,0,512,0,0,512,0,0,,,,,,,,,,,,,,0.10839543398469687,0995f471de8c992a0460091a2ddbb45e:0:0,ee8c9ba0b9a5d3e2bdc813c678d64975:0:0,6e9e0840be876b7435958595072e85c7:0:0,47de7be1619340f655c9260b48066e8f:0:2537326859,c1291d90a402748cca6c4fde12b6fe70:1:1380890292,1.0
3121,1,321,1,legacy,0.00015575959933222038,0.0,2.6830192921036335,46.2061426776927,0.0012453105300664902,0.027734375,-0.0010752025758847595,0.0025201220298185943,0.01811422035098076,0.0704699233174324,0,0,0,512,0,0,512,0,0,,,,,,,,,,,,,,0.10475546098314226,0995f471de8c992a0460091a2ddbb45e:0:0,73b18ea537818fed6ec22c2b69c68e4f:0:0,c9c0f2e44c36c6ac1569de0006c8c1ba:0:0,30a1a26c14383b0e7da772ef4dbef18f:0:2819936365,948a99a59b62adb3770745427f3b24f9:1:1059245130,1.0
3122,1,322,1,legacy,0.00015530884808013357,0.0,2.686579387480971,46.131564269308,0.0018134090350940824,0.008203125,-0.0004942916333675384,0.0024498104932717977,-0.0013037514872848988,0.06994941085577011,0,0,0,512,0,0,512,0,0,,,,,,,,,,,,,,0.1094357690308243,0995f471de8c992a0460091a2ddbb45e:0:0,d89b70c1d68123466dbad3bb3494e980:0:0,051985ce65335ad096eeaaae361f693d:0:0,4358b1a195d9bb841df4657e18ab748f:0:3473628844,9ab24e723f99189682848038d8bc67a9:0:731682300,1.0
3123,1,323,1,legacy,0.00015485809682804673,0.0,2.687300360561875,46.44526602933183,0.00664494140073657,0.0138671875,0.0003198903053998947,0.0023327839327976106,0.0005458955420181155,0.06819835305213928,0,0,0,512,0,0,512,0,0,,,,,,,,,,,,,,0.1069807440508157,0995f471de8c992a0460091a2ddbb45e:0:0,4ee92353965208c3a373c43ab968305b:0:0,28895f86f90db51fdf4eff313bc87f68:0:0,1df979e0abfb4b190094b035d8cbf78f:0:742054803,9c0456ba21e365fb0ddce6a42d520595:1:1008296640,1.0
3124,1,324,1,legacy,0.00015440734557595993,0.0,2.685668037017905,46.82223565177992,0.00039318634662777185,0.015625,0.0006233631866052747,0.0024673273903317748,0.00028137979097664356,0.07021024078130722,0,0,0,512,0,0,512,0,0,,,,,,,,,,,,,,0.13444037700537592,0995f471de8c992a0460091a2ddbb45e:0:0,b8551c281ed4f97edbc08696256f3711:0:0,a9b53be0e1c2a45abf87480281d09549:0:0,aab1773325e16239291000d4be207a8f:0:4192661574,fd3d2972fee6b9c669d668a468f40e20:0:701924269,1.0
3125,1,325,1,legacy,0.00015395659432387312,0.0,2.682989268576055,46.796260320115834,0.014012143947184086,0.1220703125,0.0010612352984026075,0.002111010177759454,-0.004927487578243017,0.06489395350217819,0,0,0,512,0,0,512,0,0,,,,,,,,,,,,,,0.14241720596328378,0995f471de8c992a0460091a2ddbb45e:0:0,2e6ccb73f5b6e0762b40b840531fc3e9:0:0,5f1a436db04dcca93f06473f46757261:0:0,1169ec4b5fe5c9f037d40058f8a8fd8f:0:4067155649,fc8766e36f38af55a7e8a6ecaeb97199:0:3068100639,1.0
3126,1,326,1,legacy,0.0001535058430717863,0.0,2.686378887493913,46.42242222907953,0.01080236118286848,0.11484375,-0.002158844843506813,0.002531419089064002,0.003518751123920083,0.0711137130856514,0,0,0,512,0,0,512,0,0,,,,,,,,,,,,,,0.14164070005062968,0995f471de8c992a0460091a2ddbb45e:0:0,8a6e3978bd483db3bdef6c8913d26dda:0:0,eb6a7f2601917313f98827293dc1818b:0:0,632ac1fb0213e04901775300b865808f:0:1986053730,53e8df5343fa73199c417d9f02b8fea0:0:685481210,1.0
3127,1,327,1,legacy,0.0001530550918196995,0.0,2.6830152543752757,46.6264542657882,4.3995678424835205e-06,0.0158203125,0.0002847529482096434,0.0023143514874391256,-0.0020974602084606886,0.06797235459089279,0,0,0,512,0,0,512,0,0,,,,,,,,,,,,,,0.1631862580543384,0995f471de8c992a0460091a2ddbb45e:0:0,bcab03b4ec933269773f3f6fc15233a5:0:0,c5e304091784144b616d10631a5c5152:0:0,7722c74037ab6a4759fc984a2d56038f:0:3622522433,f590105da9de8b6ef088a924d93d79b3:0:684051403,1.0
3128,1,328,1,legacy,0.0001526043405676127,0.0,2.6843546479807223,46.84052229858935,0.015629839152097702,0.0556640625,-0.0022229816066101195,0.0024646992096677423,-0.0010997203644365072,0.07019025087356567,0,0,0,512,0,0,512,0,0,,,,,,,,,,,,,,0.16743193299043924,0995f471de8c992a0460091a2ddbb45e:0:0,195e4ffdfcdcee3e2fb56523c30f2b08:0:0,071c9a7c26cf7e2a068520c64310d770:0:0,65bfea23a473ddac14156af3877a868f:0:2225967544,0b20f8c35e12335757a3fc1fa8f3a1d7:0:388022583,1.0
3129,1,329,1,legacy,0.00015215358931552588,0.0,2.6857565374209305,47.29302231571637,0.0033961799927055836,0.1029296875,-0.0015152205480262638,0.0026928899809718133,0.002495143096894026,0.07334809005260468,0,0,0,512,0,0,512,0,0,,,,,,,,,,,,,,0.1567958970554173,0995f471de8c992a0460091a2ddbb45e:0:0,601d99c529dab646150eb2eaf0b3eca7:0:0,34afae2daa7397741695fb2dd551d3f4:0:0,8252fbfc67154cb3346560faf6d3098f:0:2445690172,ef55ef1cc3ddb25ed9e748407e24ee8c:0:3595889559,1.0
3130,1,330,1,legacy,0.00015170283806343907,0.0,2.68502037631652,47.50826956005767,0.0004556496860459447,0.074609375,0.000913666863925755,0.0027019370696507393,-0.0018637882312759757,0.07348064333200455,0,0,0,512,0,0,512,0,0,,,,,,,,,,,,,,0.1163968819892034,0995f471de8c992a0460091a2ddbb45e:0:0,b4ac5d7c16394c92acfef1151c13510a:0:0,1177b614c3c250bc2cd1c7b602d103ed:0:0,a323db7c84f75dfc58c50b9eab5f8c8f:0:3794774225,0268d2b0db90d93669885fa9d2a009e4:0:1809878297,1.0
3131,1,331,1,legacy,0.00015125208681135226,0.0,2.6813536645929728,47.585869318572804,0.006869512610137463,0.007421875,0.00020054401829838753,0.002484428393654525,-0.003536843927577138,0.07035713642835617,0,0,0,512,0,0,512,0,0,,,,,,,,,,,,,,0.11318564193788916,0995f471de8c992a0460091a2ddbb45e:0:0,8323d5cd4401a60de1ead3700939b3aa:0:0,473d4bcd2222884062f8d3f6d1449d46:0:0,6c5df35b2c71facd5384f75cd5200f8f:0:708749383,83dc17a8126df86e2555eb7aa94754cc:0:3140136098,1.0
3132,1,332,1,legacy,0.00015080133555926545,0.0,2.6833969955975867,47.036780655616894,0.01439378596842289,0.115625,0.0004499069880694151,0.002633494639303535,0.007620991673320532,0.07244081795215607,0,0,0,512,0,0,512,0,0,,,,,,,,,,,,,,0.11017431097570807,0995f471de8c992a0460091a2ddbb45e:0:0,12e4ac62c42c4a569312386118d222ed:0:0,9c0448964976426ad1f43266fbec2fd2:0:0,beb18cbf4d669ddefab0abf3a414928f:0:1318703844,4517c6531b581d740c2065424bf355b1:0:2757928091,1.0
3133,1,333,1,legacy,0.00015035058430717862,0.0,2.689730958897778,46.91379445139319,0.0012239451752975583,0.0314453125,0.0006063875742256641,0.002579474647063762,0.0056114960461854935,0.07173483073711395,0,0,0,512,0,0,512,0,0,,,,,,,,,,,,,,0.11299723596312106,0995f471de8c992a0460091a2ddbb45e:0:0,ecdc2883aac0108430c1e2208ef4c907:0:0,d6a0d85ec4c1f336d5cba5eee7b5d2f3:0:0,a61a5fe81ea46ce42b51ac61483d158f:0:3299560636,d7ccd6ad42180d2aebc4d9a26efb7a61:0:1081637223,1.0
3134,1,334,1,legacy,0.0001498998330550918,0.0,2.6843762389597474,46.47339718067087,0.0023501336108893156,0.0349609375,0.0009139302186667919,0.002645178837701678,-0.007017374504357576,0.07264547049999237,0,0,0,512,0,0,512,0,0,,,,,,,,,,,,,,0.10918786900583655,0995f471de8c992a0460091a2ddbb45e:0:0,c88fb4dd278c0336bdda9d587582a444:0:0,eea316219e6e55eccffb7edb07d5484b:0:0,c6b3232e3fc486fb00b276e3f199988f:0:2867259182,65e905e2345bc16876e9118e590bf1f0:0:2820164617,1.0
3135,1,335,1,legacy,0.000149449081803005,0.0,2.6861993040973022,46.43951834877953,0.0001487948466092348,0.025,0.0009569247718900442,0.0025726107531227173,0.002275582868605852,0.0717017725110054,0,0,0,512,0,0,512,0,0,,,,,,,,,,,,,,0.10954084899276495,0995f471de8c992a0460091a2ddbb45e:0:0,7368c1cf997d164cf0c9c641e9b41d28:0:0,bd54929d213b43606088ebd9868eb46f:0:0,ce72d78b437732383fa184f9d02a1b8f:0:1785614955,8290617b9ca3ef476b4673f11710460d:1:2343807306,1.0
3136,1,336,1,legacy,0.0001489983305509182,0.0,2.6769372450420716,46.339547814568505,0.0032547684386372566,0.0759765625,-0.00012805894948542118,0.0022564490558579565,-0.00798950344324112,0.06706485897302628,0,0,0,512,0,0,512,0,0,,,,,,,,,,,,,,0.12226729898247868,0995f471de8c992a0460091a2ddbb45e:0:0,7f202b604c38aa622fa28c19e0e246f5:0:0,2e4fcf292345bf5c13fc1d8d18b87080:0:0,ead3a9928d85d27cf5b44b6113ee9e8f:0:3656957159,d33426c0a84ed56fda317a87d5fb22fa:1:1438939099,1.0
3137,1,337,1,legacy,0.00014854757929883138,0.0,2.681455235426511,46.581328252796084,0.0012238395866006613,0.0337890625,-0.00017015698831528424,0.00235546852927655,0.005919794552028179,0.0685298815369606,0,0,0,512,0,0,512,0,0,,,,,,,,,,,,,,0.15199142799247056,0995f471de8c992a0460091a2ddbb45e:0:0,f5bb2a9a379ad0032ae7bc1e542d0e4d:0:0,dce6568d63e84fcb0696fba749c0b835:0:0,d1bb0d619218d3c64c8a3a17ece7218f:0:326592495,199a57eeb7bac15ff8fc0dbb23173c77:0:2743441769,1.0
3138,1,338,1,legacy,0.00014809682804674458,0.0,2.6808324107255626,46.61663632723503,0.0020131305791437626,0.014453125,0.0008420432917773723,0.0025937977130524813,0.0006916769780218601,0.07199762761592865,0,0,0,512,0,0,512,0,0,,,,,,,,,,,,,,0.1490613240748644,0995f471de8c992a0460091a2ddbb45e:0:0,13a2061d3289a7a11c76705fa2a638dd:0:0,118a116a7c52343bb298f4959b7fb83f:0:0,7b2412baa91bf227910fbc5c8b13a48f:0:2283887267,5fa812ebcd52387cd7fa88a47107e7d0:1:2881444112,1.0
3139,1,339,1,legacy,0.00014764607679465777,0.0,2.6896179880307,46.53297621989623,0.0155296940356493,0.03515625,7.372694090008735e-05,0.0025235204142518342,0.008583899587392807,0.07088398188352585,0,0,0,512,0,0,512,0,0,,,,,,,,,,,,,,0.1608012110227719,0995f471de8c992a0460091a2ddbb45e:0:0,6564849f71e79520842b261ed3fc2935:0:0,c75c3456516dbf3cf09d53ab735f08f4:0:0,727acb70d0e6899e6ec138ad1e74278f:0:3911901457,ce25d9b5a645b42f96011dbc80db403d:0:2558600403,1.0
3140,1,340,1,legacy,0.00014719532554257096,0.0,2.6787136961430655,47.07993412739597,0.0001305900514125824,0.0015625,0.00019095339812338352,0.0024527931003831328,-0.0133961271494627,0.06972433626651764,0,0,0,512,0,0,512,0,0,,,,,,,,,,,,,,0.107789181987755,0995f471de8c992a0460091a2ddbb45e:0:0,a8e2a06dac466276ad44a31216b507d8:0:0,b638f04f1eea23998a29b666e12da9ec:0:0,dbd330b7e698d7f15eee10c7d708aa8f:0:4102144198,df5ba2c97f129ad12fb010a7633e1ee9:1:3613711416,1.0
3141,1,341,1,legacy,0.00014674457429048415,0.0,2.65449728432812,46.86961658881046,0.004450551699846983,0.0064453125,0.000465012202039361,0.002657687326427549,-0.022190909832715988,0.07212576270103455,0,0,0,512,0,0,512,0,0,,,,,,,,,,,,,,0.10711060091853142,0995f471de8c992a0460091a2ddbb45e:0:0,40b42023c621be6aa7986b93857566e5:0:0,a437853d362ec7bc67a0c829694752fd:0:0,a90e9b0808ea5ac84bfba1aae4d12d8f:0:2830831325,c4f1e04b99baa2891a11c59f7d523e5a:1:317354612,1.0
3142,1,342,1,legacy,0.00014629382303839734,0.0,2.6581238107050877,46.81343883858062,0.003988787531852722,0.0189453125,-0.001275029219686985,0.002768843178637326,0.010686952620744705,0.07416923344135284,0,0,0,512,0,0,512,0,0,,,,,,,,,,,,,,0.11041534796822816,0995f471de8c992a0460091a2ddbb45e:0:0,d5dc52e86f6ffd99b18f34932d5d743d:0:0,b0184d2cdf3d649f7219196088c3f8ea:0:0,ee0e2b400b70b42f68a8439477cdb08f:0:3570211471,4ca6c96c240f8f4906bb3806a4d8c627:0:3912091971,1.0
3143,1,343,1,legacy,0.00014584307178631053,0.0,2.660681481586365,46.62247126107104,0.0009958944283425808,0.0025390625,0.0003060229122638702,0.0026054791756905614,0.00239610206335783,0.07208903878927231,0,0,0,512,0,0,512,0,0,,,,,,,,,,,,,,0.12731280003208667,0995f471de8c992a0460091a2ddbb45e:0:0,666b1bd4f19ec6225890408e5a614843:0:0,aa0655e3e132b813377c13916442d57c:0:0,768a31c614b1bfb43b4e4a02bffe338f:0:1518100954,6e4aafae7dbf1144e9c93ab2569bbb2b:0:1687506416,1.0
3144,1,344,1,legacy,0.0001453923205342237,0.0,2.6600876920417624,46.669074532110244,7.789477240294218e-05,0.020703125,4.7261500731110574e-05,0.0025298050371930004,-0.003212583716958761,0.07109986990690231,0,0,0,512,0,0,512,0,0,,,,,,,,,,,,,,0.11399560805875808,0995f471de8c992a0460091a2ddbb45e:0:0,52529d5f350d8403c3df05f7a2c10d53:0:0,dfc981c4d0505e609d852778587ef9ee:0:0,c170a0c2b89ec24cdd2703b3ed62b68f:0:2742113788,afd82821123a94d37d8724ef7180851a:1:2580313922,1.0
3145,1,345,1,legacy,0.00014494156928213691,0.0,2.6647784539501282,46.256994298892096,1.4835502952337265e-05,0.00546875,0.0002894822508096695,0.0024272535112686454,0.00569461053237319,0.06956102699041367,0,0,0,512,0,0,512,0,0,,,,,,,,,,,,,,0.1051357010146603,0995f471de8c992a0460091a2ddbb45e:0:0,fbbb0e9cd035810219f78be7d40e8e7d:0:0,fea226c4a58c979f390458436d18d46c:0:0,5d7f086e1b61df396d8dbaa62ffb398f:0:902655073,86872668322a5d66d50797c35925cfef:1:3045574980,1.0
3146,1,346,1,legacy,0.00014449081803005008,0.0,2.6621334048845786,46.47268553962931,0.008422130718827248,0.084375,0.0006366905407048761,0.0025141543010249734,-0.0032630469650030136,0.07086233794689178,0,0,0,512,0,0,512,0,0,,,,,,,,,,,,,,0.1110086590051651,0995f471de8c992a0460091a2ddbb45e:0:0,32c68e56596886ee8cc27c2a6bf8d911:0:0,55c6afd4fca35a2be44eb8f503836571:0:0,f075cef3e5b23c0fb942b417b7c7bc8f:0:2474094149,dfb895baca74013167989139792d8ef6:0:1074333542,1.0
3147,1,347,1,legacy,0.00014404006677796327,0.0,2.6628899083339586,45.9822706237901,0.009675715118646622,0.04296875,-0.0014113198267295957,0.0024824382504448294,0.0006076797726564109,0.07044398039579391,0,0,0,512,0,0,512,0,0,,,,,,,,,,,,,,0.1068845660192892,0995f471de8c992a0460091a2ddbb45e:0:0,7a559394c4a0cf100cf1c43b3ffdbd3a:0:0,5323d9d5440bfb975b8329c76fc7ba1f:0:0,c6e6c7e6142e7e2115ae3086b4c83f8f:0:2075152499,9992c1fee77a3fed6368754754320dbf:1:3872202953,1.0
3148,1,348,1,legacy,0.00014358931552587646,0.0,2.656148920024686,46.36836853460409,0.00016527296975255013,0.094140625,0.0025582825765013695,0.0025462409597821535,-0.006399145815521479,0.07124645262956619,0,0,0,512,0,0,512,0,0,,,,,,,,,,,,,,0.10595514404121786,0995f471de8c992a0460091a2ddbb45e:0:0,655103732ed9d836dacdd7e5c84f22a3:0:0,ca9ca9ec87a40b47bf2912163c91a422:0:0,447bb0c3ee888b6a70236bb156fcc28f:0:619878956,562da184008f68d60e4d56338429f4f2:1:887169731,1.0
3149,1,349,1,legacy,0.00014313856427378965,0.0,2.6610796613130403,46.344235667493194,0.001589267048984766,0.0837890625,0.00023883619578555227,0.00244914524955675,0.007634894922375679,0.06985337287187576,0,0,0,512,0,0,512,0,0,,,,,,,,,,,,,,0.11591346201021224,0995f471de8c992a0460091a2ddbb45e:0:0,12cc824ff815651830bf0deba9024c02:0:0,c3c88fd689908ddebbb826cd0a377bda:0:0,f23247f5b998b93e91239c95ce65458f:0:824030727,dd2fbc60e58ce7bc4b24d0f562b5b458:1:383331086,1.0
3150,1,350,1,legacy,0.00014268781302170284,0.0,2.6559093503382005,46.2676681287121,0.009331641718745232,0.0853515625,-0.005555229843594134,0.002596904314123094,-0.007044026628136635,0.07197138667106628,0,0,0,512,0,0,512,0,0,,,,,,,,,,,,,,0.1151496390812099,0995f471de8c992a0460091a2ddbb45e:0:0,633f3c48c7065ba4bfa8941080333a86:0:0,3533e17d332877f2e14c1b09249e6010:0:0,439ac0fb00b9d2da93a0f5724b01c88f:0:441831482,bbbb26f091165a8de4bfcfa5994ece21:1:2773754210,1.0
3151,1,351,1,legacy,0.00014223706176961603,0.0,2.656866023608674,46.908419620012864,0.00014410843141376972,0.0287109375,-0.00012249655555933713,0.002232037449721247,0.0018858411349356174,0.06679268926382065,0,0,0,512,0,0,512,0,0,,,,,,,,,,,,,,0.10780612996313721,0995f471de8c992a0460091a2ddbb45e:0:0,77da62c743dcadd86ddd62dbdf4c36e3:0:0,c06e91a180c860d5b63c41505c1c46d9:0:0,269f829c9f1aa2149041a3c4fcd24b8f:0:3453710096,9d7d9ee082f94062043063e958562fd2:0:330653407,1.0
3152,1,352,1,legacy,0.00014178631051752923,0.0,2.66040443772125,46.829811128554866,0.006835322827100754,0.004296875,0.0006841899361461401,0.002185910020489246,0.0017008718568831682,0.06606022268533707,0,0,0,512,0,0,512,0,0,,,,,,,,,,,,,,0.10947469307575375,0995f471de8c992a0460091a2ddbb45e:0:0,03dc38c34f9a0af44a08aba246f55bdc:0:0,44905955567d6304d6b963a65327b71a:0:0,edd5d1f100fce4547ca2d04c13d6ce8f:0:786446242,a57f81780c42bc4a411358ed9e8e6fa6:0:3402196585,1.0
3153,1,353,1,legacy,0.0001413355592654424,0.0,2.660977452565268,47.15384141309187,0.022072143852710724,0.047265625,0.0018706949427723884,0.0024831284186802804,-0.00016275091911666095,0.07043822854757309,0,0,0,512,0,0,512,0,0,,,,,,,,,,,,,,0.10667472798377275,0995f471de8c992a0460091a2ddbb45e:0:0,86135002f8d3fdf8bded72fd08498f21:0:0,7c73054a6d5318366f264ef40c58941d:0:0,dc37ee1c6724d6073e9b9f05c00f518f:0:1491219278,23c9ecbde4cc313180c429f2f0f95ecb:1:4204989893,1.0
3154,1,354,1,legacy,0.0001408848080133556,0.0,2.6624337598590015,47.79256000183523,0.00517404917627573,0.0197265625,-0.0011561223305761813,0.002517132950015366,-0.0003379420086275786,0.07093673199415207,0,0,0,512,0,0,512,0,0,,,,,,,,,,,,,,0.10951397602912039,0995f471de8c992a0460091a2ddbb45e:0:0,e90c8ea55f2c3b58075cc37328d7d475:0:0,44a18f106e1920c5f9397c12ab9d7bd4:0:0,b371fc244c07bebbf3802f30317bd48f:0:826791878,e21a482199e43f839e550d799ff4aebc:1:1329944582,1.0
3155,1,355,1,legacy,0.00014043405676126877,0.0,2.6626826822339202,47.42807800648734,0.004650954157114029,0.0626953125,-0.002583753550425172,0.0025931016774848104,0.001881987089291215,0.07199092954397202,0,0,0,512,0,0,512,0,0,,,,,,,,,,,,,,0.1089433670276776,0995f471de8c992a0460091a2ddbb45e:0:0,aac4002364c4550640dee36912d79833:0:0,f72a856b5c0d2926baf6f935c4b8e231:0:0,5871f7206293281b6b649b49981c578f:0:1040077004,e80d67d1c9946fe66ecd03e7da8ac934:1:2954431876,1.0
3156,1,356,1,legacy,0.000139983305509182,0.0,2.66122702053577,47.916604502825066,0.007566120475530624,0.085546875,-0.004959426878485829,0.0022583335055969657,-0.0013670593034476042,0.06718804687261581,0,0,0,512,0,0,512,0,0,,,,,,,,,,,,,,0.11282753699924797,0995f471de8c992a0460091a2ddbb45e:0:0,5edb9e2ddc716c4f2eb0cd6ba90d90bc:0:0,1f8099334657626d239fad84aa93ea90:0:0,c89bd6c101b1a9e9d85ff91023f0da8f:0:200558736,0f9984e251030bc9213d77aa52805458:0:634691177,1.0
3157,1,357,1,legacy,0.00013953255425709515,0.0,2.653408761727068,47.81104263965972,0.0010500123025849462,0.023828125,0.00012958291918039322,0.002697636978700757,-0.007298473734408617,0.0733543187379837,0,0,0,512,0,0,512,0,0,,,,,,,,,,,,,,0.11193200899288058,0995f471de8c992a0460091a2ddbb45e:0:0,11f69b38069ec54395f48d47e1c141a6:0:0,da960d0a098847b31ecfc63b97e192ca:0:0,5320a3be2dfd7542b1cf598204f95d8f:0:1116528174,b3d05f7f240759f1505c814fe77be578:1:3809228747,1.0
3158,1,358,1,legacy,0.00013908180300500837,0.0,2.6569829048309233,48.292222496820614,0.00908254086971283,0.146484375,-0.0073787215631455185,0.0026505892747081816,0.006212002132087946,0.07275692373514175,0,0,0,512,0,0,512,0,0,,,,,,,,,,,,,,0.10360008699353784,0995f471de8c992a0460091a2ddbb45e:0:0,576f5a92e6c482908667a9efc81bb29e:0:0,72e2a97fa21b538fc660ed9a1ee24e15:0:0,5159ce7fd45c093ecb98c8dd6b35e08f:0:2660964780,aca72a8ab3456e7f410a6c9369a7f000:1:3275447379,1.0
3159,1,359,1,legacy,0.00013863105175292154,0.0,2.660367903212445,47.89641739334911,0.0013449285179376602,0.0462890625,0.0011401853058487176,0.0024065625271759926,0.002367672510445118,0.0693516880273819,0,0,0,512,0,0,512,0,0,,,,,,,,,,,,,,0.10888516600243747,0995f471de8c992a0460091a2ddbb45e:0:0,129f3b1f8371a5c2cc61da386aafdee9:0:0,0d611017caca68b23f12315adc9b4a04:0:0,e3608f632c89bb34a16e4ea086a6638f:0:247579562,a4065bfc3eb9334fe0a8066a59400b60:1:3409181852,1.0
3160,1,360,1,legacy,0.00013818030050083473,0.0,2.6570437607196373,47.69109049811959,0.0059569645673036575,0.0828125,0.0015752924606204032,0.002578541135881096,-0.001611644634976983,0.07178588211536407,0,0,0,512,0,0,512,0,0,,,,,,,,,,,,,,0.13588538696058095,0995f471de8c992a0460091a2ddbb45e:0:0,324acb2c2fdc6c3410063d4ce31651bd:0:0,e4b9e4afcef0b86f42f05551681ff670:0:0,0c28509ea1e6fcc2d610ed89874ae68f:0:3141998498,2c143d312875ef69a77e39e455e957c3:1:357657920,1.0
3161,1,361,1,legacy,0.00013772954924874792,0.0,2.6504105695699782,47.46928796521388,0.006524630356580019,0.080859375,-0.004052264569327235,0.0024770658230409024,-0.006826245225965977,0.07028918713331223,0,0,0,512,0,0,512,0,0,,,,,,,,,,,,,,0.13956935796886683,0995f471de8c992a0460091a2ddbb45e:0:0,d768150148f3ad28f89ff8facb2a582a:0:0,ac49656302c11d9107e4a9c2523c05b9:0:0,22463f210b2489d4e693a3969d23698f:0:1539626396,95608da4516ff78d77c53b51afc89935:1:2952084341,1.0
3162,1,362,1,legacy,0.0001372787979966611,0.0,2.6449966210755855,47.256114543415606,0.00029276637360453606,0.026953125,-0.0005987312411889434,0.002344572695437819,-0.003648064797744155,0.06840628385543823,0,0,0,512,0,0,512,0,0,,,,,,,,,,,,,,0.10471867292653769,0995f471de8c992a0460091a2ddbb45e:0:0,8753093fc5805aa93b3acccb58993f86:0:0,c6e9c189af941dcbfe0d85591f41ba75:0:0,6af8711666b6e8d2119e6a05f82fec8f:0:2789283678,20e7744f2ce0c26d1001cd6486e838d2:0:3207653049,1.0
3163,1,363,1,legacy,0.0001368280467445743,0.0,2.656901239509142,46.88911974080838,0.002882429165765643,0.051953125,-0.0033795536495745183,0.0022934116248507054,0.011118054389953613,0.06749728322029114,0,0,0,512,0,0,512,0,0,,,,,,,,,,,,,,0.10791002807673067,0995f471de8c992a0460091a2ddbb45e:0:0,035a3ac0d771178d9314468b8b3c4771:0:0,41c21d02947b70a96c2a7fc1b5253446:0:0,4474152fc244e72672b13555c8706f8f:0:1146395490,886a1c1020422b6c677c1639bf7c23b5:0:1741652534,1.0
3164,1,364,1,legacy,0.00013637729549248747,0.0,2.6544482365405786,46.825690515106544,0.0038734269328415394,0.09453125,-0.0004461418837308884,0.0022989939781837164,-0.0037522658240050077,0.06771603971719742,0,0,0,512,0,0,512,0,0,,,,,,,,,,,,,,0.11227558692917228,0995f471de8c992a0460091a2ddbb45e:0:0,629ecc3a44d859f969b5d4dd54917870:0:0,3ccb1552cc18ed47238dd6335dfc844e:0:0,6ca18499668ffc565166f5443de4f28f:0:1835129639,b525b4f0dca5ddd942547288c3c9ea49:1:868285281,1.0
3165,1,365,1,legacy,0.00013592654424040068,0.0,2.6516524621278954,46.940319769782946,0.0003165822708979249,0.0482421875,0.0002491301391273737,0.0023773885448463263,-0.004369609989225864,0.06886110454797745,0,0,0,512,0,0,512,0,0,,,,,,,,,,,,,,0.11124123993795365,0995f471de8c992a0460091a2ddbb45e:0:0,ab9770218fe08f7a04462811b8bc0d94:0:0,3f1c98ae988696c0ffd4eef1e10f7124:0:0,b82ab9e5d7a0bdcba4b894cf888d758f:0:3031006391,3875e38e6f67a714f03e99094f6e59b9:1:4206305581,1.0
3166,1,366,1,legacy,0.00013547579298831385,0.0,2.65129069459915,46.92049635341391,0.009848464280366898,0.06328125,-0.0015934231225401164,0.002370365581009537,-0.0009772381745278835,0.06883898377418518,0,0,0,512,0,0,512,0,0,,,,,,,,,,,,,,0.10168597905430943,0995f471de8c992a0460091a2ddbb45e:0:0,f8dee1aea7031df682831d52145ecef9:0:0,87044ff936506295375a201416cc9212:0:0,b0a6a851b24ccd8dca3ffa35d869f88f:0:642163283,5b992b712e8d9c879fb2b45e80097de2:0:327522064,1.0
3167,1,367,1,legacy,0.00013502504173622707,0.0,2.6455484589733764,47.53229265916161,0.002158679533749819,0.096875,0.0019585961708799005,0.0025606613606214525,-0.0051471032202243805,0.07152681797742844,0,0,0,512,0,0,512,0,0,,,,,,,,,,,,,,0.10638333600945771,0995f471de8c992a0460091a2ddbb45e:0:0,1e3e7405cb4f843c9fc65e74b5428804:0:0,0d9a267c9bb06abfbfdaa9768880ef6d:0:0,201a77d7ec76ee13717b06f55d7a7b8f:0:2622579057,49f13c1788b62e94d6a91eefdf98629b:1:2466506710,1.0
3168,1,368,1,legacy,0.00013457429048414023,0.0,2.647445648597741,47.378479776671156,0.004763155244290829,0.037109375,0.0007112327497452497,0.0027453377610072494,0.0033917129039764404,0.07405609637498856,0,0,0,512,0,0,512,0,0,,,,,,,,,,,,,,0.10938352905213833,0995f471de8c992a0460091a2ddbb45e:0:0,7a6d88d334fe801ea17be2996bc15e61:0:0,11294ddfb1514ef6cc9fea9c89f80a9a:0:0,8a7732cb7cb5255ebb0e97cc47befe8f:0:3468883700,b74dbbd20fbe30b28e0718e7fa27d1cd:0:430943439,1.0
3169,1,369,1,legacy,0.00013412353923205345,0.0,2.6535678296152696,47.199744934914634,8.374592289328575e-05,0.0158203125,0.0005286527797579765,0.002439050888642669,0.0055756960064172745,0.06974705308675766,0,0,0,512,0,0,512,0,0,,,,,,,,,,,,,,0.10321299510542303,0995f471de8c992a0460091a2ddbb45e:0:0,b495dc8775257850a011231731af84b8:0:0,65245f3696a02e4ad139f3f07783a279:0:0,82f39846f05419938c0984b8c737818f:0:929273884,6d18ab27e2b02eed00c4f0c69f444047:1:3196966221,1.0
3170,1,370,1,legacy,0.0001336727879799666,0.0,2.648269362027181,47.16767175705172,0.011295362375676632,0.1630859375,-0.010154929803684353,0.0025353674427606165,-0.006760412361472845,0.07111434638500214,0,0,0,512,0,0,512,0,0,,,,,,,,,,,,,,0.11318195099011064,0995f471de8c992a0460091a2ddbb45e:0:0,20047b87936d01086506181ff67dbf0d:0:0,632b7206092c1a96128b38c941a22eab:0:0,57895aeffbfa11381527a0f90be4048f:0:4037917205,27a155ab350bd9844e9be173c1fb019c:1:204774746,1.0
3171,1,371,1,legacy,0.0001332220367278798,0.0,2.6524460659561626,47.70123966736719,0.005505529697984457,0.02109375,8.903800044208765e-05,0.00243077197810635,0.0051145898178219795,0.06964290887117386,0,0,0,512,0,0,512,0,0,,,,,,,,,,,,,,0.1451420000521466,0995f471de8c992a0460091a2ddbb45e:0:0,d17b3fa52a0857ad3db5548501581428:0:0,f04a68c0c0629b921f776fae19c585da:0:0,24ac14809b77414f8e14bb0b45c4878f:0:1616206935,5f997fdfdf8ab518b9e43f9d144c7f68:1:2375344588,1.0
3172,1,372,1,legacy,0.000132771285475793,0.0,2.648944823884259,47.28054203442298,8.874863851815462e-05,0.0275390625,-0.0018357059918344021,0.002376449469011277,-0.0037222218234091997,0.06888098269701004,0,0,0,512,0,0,512,0,0,,,,,,,,,,,,,,0.15813610597979277,0995f471de8c992a0460091a2ddbb45e:0:0,7f0db2ac34a6afaaa9db6356ca297c47:0:0,badbe4c4925c0e017534a9b71a6c95a6:0:0,cdd5d374e09c537f24af9cada4d90a8f:0:1241196680,1b6b873edaeb00654015270107a87111:0:3513645696,1.0
3173,1,373,1,legacy,0.00013232053422370616,0.0,2.650004054990522,47.43012659018859,0.007986566983163357,0.0404296875,-0.0016398984007537365,0.0025124865118414164,0.002152110915631056,0.07084733992815018,0,0,0,512,0,0,512,0,0,,,,,,,,,,,,,,0.16174223099369556,0995f471de8c992a0460091a2ddbb45e:0:0,fbd2f24e2f39f7e7cf8b2c517d2bd2bb:0:0,3c283353b3c9a6700b499787a6a10e32:0:0,5266c0581f3b4e6d204d0ade59218d8f:0:2889754402,7896d2f5c26ddab9dfcc74c1db376a8d:1:1701494994,1.0
3174,1,374,1,legacy,0.00013186978297161938,0.0,2.651148298910346,47.866278362926096,0.004062823485583067,0.091796875,0.002964986069127917,0.0028303585131652653,0.0019950661808252335,0.07521683722734451,0,0,0,512,0,0,512,0,0,,,,,,,,,,,,,,0.15441921004094183,0995f471de8c992a0460091a2ddbb45e:0:0,5e10f67f3b08bdc0bac3b4a471576067:0:0,cdc884c3acbce24d746f0fac34d3f2f9:0:0,d0ce7aa9b5c24a8a38fac5db929e108f:0:1274487413,556c179d6adc0b9be837139170d84de4:0:573832682,1.0
3175,1,375,1,legacy,0.00013141903171953254,0.0,2.6453901224043053,47.848878434160724,0.010328540578484535,0.0681640625,-0.0022427190095186235,0.0025815733941271903,-0.007103116251528263,0.0717722699046135,0,0,0,512,0,0,512,0,0,,,,,,,,,,,,,,0.1568926670588553,0995f471de8c992a0460091a2ddbb45e:0:0,cdc73752b826cb678e716c020ddb7a6d:0:0,bf5af9c0d1321afbdda9cfce7f50647c:0:0,c0183965462a9d7522c28923814e938f:0:2957428580,cf491fbd643b2ae15f1cf4faf3d6920a:1:3177771773,1.0
3176,1,376,1,legacy,0.00013096828046744576,0.0,2.650874356062767,47.406184050487354,0.0008312902646139264,0.1369140625,0.004179002717137337,0.0026948536629788577,0.007093409076333046,0.0733264908194542,0,0,0,512,0,0,512,0,0,,,,,,,,,,,,,,0.15615700895432383,0995f471de8c992a0460091a2ddbb45e:0:0,7fce3d05e970c5fa3db0317e9ba43cf4:0:0,bfdaa1a9521984c657c7a322b16e0907:0:0,bde66017ca4266284ced0b745533168f:0:3603381986,389631c8ebfcf9fd6c952207bba581bb:0:3776532492,1.0
3177,1,377,1,legacy,0.00013051752921535892,0.0,2.6552011518111174,47.51489033806138,0.0010201823897659779,0.066796875,-0.0015304292319342494,0.0023581945803016423,0.0027529739309102297,0.06863228231668472,0,0,0,512,0,0,512,0,0,,,,,,,,,,,,,,0.13818284403532743,0995f471de8c992a0460091a2ddbb45e:0:0,61d8d18315ab3d3ce215df0073f579c4:0:0,cb366e06d41a3f353cf4a1cba7a9b712:0:0,6c2d364688a1a421d544fecc3e4b998f:0:3712464343,22b2402b9fac0dce9bdfaf3209843f56:0:2562289135,1.0
3178,1,378,1,legacy,0.00013006677796327214,0.0,2.6530765862639054,47.518197528552264,7.491558790206909e-06,0.0728515625,0.0014791717752814294,0.002379918296355754,-0.003954472951591015,0.06892069429159164,0,0,0,512,0,0,512,0,0,,,,,,,,,,,,,,0.10782591497991234,0995f471de8c992a0460091a2ddbb45e:0:0,2a614b260069d548c13e334bcbf0c294:0:0,e0ba007f6638b607b52e49ac9ab2e3fb:0:0,e4a312fa8ce743b5af5a10696c981c8f:0:4236331504,9eec60e9c5c71ed524476fbfd0f6fd02:0:2888459207,1.0
3179,1,379,1,legacy,0.0001296160267111853,0.0,2.6518452639191494,47.510853852145374,2.889661118388176e-06,0.0171875,0.000700592971406877,0.0027126602246426044,0.0009110451210290194,0.07362285256385803,0,0,0,512,0,0,512,0,0,,,,,,,,,,,,,,0.11195088108070195,0995f471de8c992a0460091a2ddbb45e:0:0,40bb7e3c873de4e7346d6a3864739a78:0:0,6d30babfce2a64d12aed4fa87026c1fe:0:0,7fd118b6e625c9b9ffc3e8ca10189f8f:0:3967462509,a37a000f78118d753cc0b61e4c9a00e4:1:288656269,1.0
3180,1,380,1,legacy,0.0001291652754590985,0.0,2.651745075322977,47.66879929229617,0.005847770255059004,0.177734375,0.005355781083926559,0.0022528045112267135,0.0017487951554358006,0.06708331406116486,0,0,0,512,0,0,512,0,0,,,,,,,,,,,,,,0.11402158800046891,0995f471de8c992a0460091a2ddbb45e:0:0,43a59d41f0b32b06fa313b995f9e9c5a:0:0,b07be0478f8ea52cd089ed8c7cfc1ebd:0:0,87f33e2d91b288bdab652bac58cd228f:0:3837777177,f2771614c097e323d8002e15682e9ae1:1:2809364506,1.0
3181,1,381,1,legacy,0.0001287145242070117,0.0,2.65720917239514,47.2243212396279,1.4437711797654629e-05,0.0197265625,0.00071553448215127,0.002428434055764228,0.002820744412019849,0.06965990364551544,0,0,0,512,0,0,512,0,0,,,,,,,,,,,,,,0.11728849192149937,0995f471de8c992a0460091a2ddbb45e:0:0,351d61edbbc27e89b849082bf96afa4b:0:0,fb7944456774cfe028849fb6e2ccd0a9:0:0,31bfb4e29ed589f91aae780e76b5a58f:0:3345133852,a47982bc6c7fa005e48f46a475e89c03:1:202165150,1.0
3182,1,382,1,legacy,0.00012826377295492488,0.0,2.653743620171908,47.39549699588679,0.007339772302657366,0.067578125,-0.00034154539462178947,0.0022347565507516267,-0.003787164343520999,0.06682537496089935,0,0,0,512,0,0,512,0,0,,,,,,,,,,,,,,0.1213107310468331,0995f471de8c992a0460091a2ddbb45e:0:0,2efe0d7b093bcbd92f1651392e18917d:0:0,85cf89f1883d24f7db5fd3a4a904c79c:0:0,8fa9d7cac123942930e1682e99d2288f:0:2334013332,2db78141e82d63bf2cbba9bd789732a5:1:591405445,1.0
3183,1,383,1,legacy,0.00012781302170283807,0.0,2.6554080579802277,46.86949388706125,0.0036396398209035397,0.0640625,-0.0002500259317457676,0.00242653985042125,0.0001577471848577261,0.0696474090218544,0,0,0,512,0,0,512,0,0,,,,,,,,,,,,,,0.13215105899143964,0995f471de8c992a0460091a2ddbb45e:0:0,d94129380f46d43634740f7b9da8c558:0:0,d13ae54483b15c69bab270e8cba355b3:0:0,df06e8063396fa847753918af222ab8f:0:2868058499,5aefacaebc7a9bc311def07e206cd88c:1:1494039852,1.0
3184,1,384,1,legacy,0.00012736227045075126,0.0,2.6590431769766516,46.82466952363029,0.015155963599681854,0.1041015625,-0.0020276092691347003,0.0024485024041496217,0.003370150225237012,0.06994355469942093,0,0,0,512,0,0,512,0,0,,,,,,,,,,,,,,0.12619314494077116,0995f471de8c992a0460091a2ddbb45e:0:0,7645e62fb070f395d87fd397da084baf:0:0,840d7fbc9870d5127b7c977f52cb7a16:0:0,e37c6c567dc71dfa7cb184e1afa72e8f:0:3454580690,2156aeaa887b6fa656494dea91229e22:0:2222399459,1.0
3185,1,385,1,legacy,0.00012691151919866445,0.0,2.652524234647688,47.2011846199166,0.005840100813657045,0.0345703125,-0.0010502831079065799,0.0025772553868591785,-0.0072553143836557865,0.07171694189310074,0,0,0,512,0,0,512,0,0,,,,,,,,,,,,,,0.11608395399525762,0995f471de8c992a0460091a2ddbb45e:0:0,f323aebce588e957c97aa9a53027f6b4:0:0,f5e5bbc5ce26ab2855044c9a2aae742b:0:0,9b80a8095ee9caed6841ce31025fb18f:0:3782400493,08b2dee7721c9bb6993b52ea881b49e1:0:3831653123,1.0
3186,1,386,1,legacy,0.00012646076794657762,0.0,2.656493370447355,46.819951868383214,0.0050338744185864925,0.045703125,0.0008795988745987415,0.002352559193968773,0.005421345587819815,0.06851937621831894,0,0,0,512,0,0,512,0,0,,,,,,,,,,,,,,0.1156465969979763,0995f471de8c992a0460091a2ddbb45e:0:0,bea7b39dd2aff0b533d0c968ecd7bf99:0:0,2c0cf5ccedd603486e7cba868cd67207:0:0,e03b1f00d794dd95c127f4b71a4c348f:0:485210061,70950ee68c54d5ca18cf7f55e3dae47c:0:4175633254,1.0
3187,1,387,1,legacy,0.00012601001669449084,0.0,2.65673145094584,46.602102933684364,0.00408074539154768,0.041796875,-0.0020689893048256637,0.0025080490042455493,-0.0005077474634163082,0.07078991085290909,0,0,0,512,0,0,512,0,0,,,,,,,,,,,,,,0.10921888903249055,0995f471de8c992a0460091a2ddbb45e:0:0,ab09948f4ba0ef2c3acdcdb2cba4a038:0:0,61997dbea7e40559355391e58af41b51:0:0,5f597d740381d74069a77af2276cb78f:0:3670122093,d0a5a115eb345014c726edacaba620c1:0:885756937,1.0
3188,1,388,1,legacy,0.000125559265442404,0.0,2.6553147461930826,46.651385695440695,0.020048869773745537,0.0890625,-0.004284479515627026,0.0024289274122565986,-0.0035824154037982225,0.06966868788003922,0,0,0,512,0,0,512,0,0,,,,,,,,,,,,,,0.11632042098790407,0995f471de8c992a0460091a2ddbb45e:0:0,229dc3ae67e3399e6a2a6de7ffa05dc5:0:0,17b89ad8e7f85a9f12886f00cb6dec64:0:0,c126aa322fe04e96ce66dea059c13a8f:0:1955755553,ddf54866d3f86fc64d546f56e2691334:0:1112432739,1.0
3189,1,389,1,legacy,0.00012510851419031722,0.0,2.652759074319013,47.54443689016625,0.0027549141086637974,0.0078125,0.00023563848808407783,0.002601954061537981,-0.0012116446159780025,0.07211989909410477,0,0,0,512,0,0,512,0,0,,,,,,,,,,,,,,0.13610902801156044,0995f471de8c992a0460091a2ddbb45e:0:0,e2930e4c085712345b0994da6e9c1192:0:0,f481030f434369cdf4bf5eba3147d79d:0:0,5566a8cd590f652149b298bfe149bd8f:0:918909158,78f7954a5651ee13f25217d475236f11:1:2378826762,1.0
3190,1,390,1,legacy,0.00012465776293823038,0.0,2.650780809020405,47.19233650248498,0.005854122340679169,0.0025390625,0.00037760541308671234,0.002442835574038327,-0.0014465926215052605,0.06988298147916794,0,0,0,512,0,0,512,0,0,,,,,,,,,,,,,,0.11178513208869845,0995f471de8c992a0460091a2ddbb45e:0:0,4ef4ad4661d9018c82aa404299852db7:0:0,491b7b84a90413018699179e8ccd5020:0:0,30c8cd4efbe1ac33bac01d8eee06408f:0:3418923149,807027d5cff37585cabe7c790c8ca097:1:3279934738,1.0
3191,1,391,1,legacy,0.00012420701168614357,0.0,2.6541583759946397,46.862748346757144,0.010483290068805218,0.0958984375,-0.0015854646451771259,0.002313577476888895,0.005547784268856049,0.06792712211608887,0,0,0,512,0,0,512,0,0,,,,,,,,,,,,,,0.10800245497375727,0995f471de8c992a0460091a2ddbb45e:0:0,010eabdb1c3d17153555d4f197d64e1c:0:0,ef5b01c9308d39c7e26050374846bd3f:0:0,fe9f5c2deada237450f0dc8baff6c38f:0:1558118732,9ef49ff5d1c776b882b54b7330602990:0:230903486,1.0
3192,1,392,1,legacy,0.00012375626043405677,0.0,2.6533138187638636,46.592842548852786,0.003688581520691514,0.05546875,-3.533512353897095e-05,0.0023699467536062004,-0.0011811822187155485,0.06882549077272415,0,0,0,512,0,0,512,0,0,,,,,,,,,,,,,,0.11021845589857548,0995f471de8c992a0460091a2ddbb45e:0:0,31cc1d1bcdad8ec256abeea0ce6b26d2:0:0,e661c3487168108bc40ae0d844549565:0:0,2e82f6599f1c3b2c8b154074571b468f:0:3027546870,37f99ca17b2d4ecf413b8b9ff41e7bd9:1:2830349840,1.0
3193,1,393,1,legacy,0.00012330550918196996,0.0,2.657474759015048,46.88508517574519,0.0011860657250508666,0.0224609375,-0.0011865970445796847,0.002633717563003302,0.004060986451804638,0.07252529263496399,0,0,0,512,0,0,512,0,0,,,,,,,,,,,,,,0.10454548907000571,0995f471de8c992a0460091a2ddbb45e:0:0,88764a0dc679502c4f234a803862374a:0:0,ea318b31e181073988225931f0e90376:0:0,ea7a418b471404946aafaf471373c98f:0:897299221,f1ac78cdd821197435e42dc5eb3169ec:0:1149587587,1.0
3194,1,394,1,legacy,0.00012285475792988315,0.0,2.6548663670045807,46.92883365787566,0.00311019504442811,0.0103515625,-0.0003712428268045187,0.0024592595058493317,-0.0017109818290919065,0.07011746615171432,0,0,0,512,0,0,512,0,0,,,,,,,,,,,,,,0.11279542499687523,0995f471de8c992a0460091a2ddbb45e:0:0,294fc77e5fac6abf715ccaa289676c8f:0:0,4927d27cfe010e30cfc08c4643b72dd8:0:0,71a267daa226fa47db378a4215004c8f:0:1919642762,fe1e246e40fa24a0a3b8624d2b85ce64:0:3142356038,1.0
3195,1,395,1,legacy,0.00012240400667779634,0.0,2.6539674984113297,46.54648487921804,0.00891056377440691,0.0671875,-0.002188455360010266,0.0023814691230654716,-0.0006874807295389473,0.06899818032979965,0,0,0,512,0,0,512,0,0,,,,,,,,,,,,,,0.10427455499302596,0995f471de8c992a0460091a2ddbb45e:0:0,7a3e246c49a7bb1c13fe3d9be89b46a1:0:0,cc91de696fe2519d89cc93412c1df5a5:0:0,6478ce0889090b164d5c2de38bc0cf8f:0:1692552340,0ab00e684db125b472eeda817a8dfb77:0:3726095674,1.0
3196,1,396,1,legacy,0.00012195325542570953,0.0,2.6555406432294104,46.323085797484964,0.006823573727160692,0.061328125,-0.0028030409943312407,0.0024738820269703866,0.002414403250440955,0.07030943781137466,0,0,0,512,0,0,512,0,0,,,,,,,,,,,,,,0.11815003410447389,0995f471de8c992a0460091a2ddbb45e:0:0,71a3085c02c9fa3058899dbbcd33fdcc:0:0,35dfef325aaf001076de81326a55f3bb:0:0,832d6d3ed59cd15c8647f1e9a7b5528f:0:1915323347,0f1508383e2e4b1fe50990e5a0b0101c:0:2101580571,1.0
3197,1,397,1,legacy,0.00012150250417362272,0.0,2.6517164792098646,46.03719170554541,0.0014683264307677746,0.0001953125,0.00024603172205388545,0.0022035759408026933,-0.005383482202887535,0.0662626177072525,0,0,0,512,0,0,512,0,0,,,,,,,,,,,,,,0.11528917297255248,0995f471de8c992a0460091a2ddbb45e:0:0,c4b0867459bfd5b5bd559a384169e884:0:0,04cbb44b6bfb4153f7583aaac57cfa97:0:0,1889726133912118a2e3295298ddd58f:0:1592371564,dab8a95d4940ff1f9d952200289a045c:0:3056432519,1.0
3198,1,398,1,legacy,0.00012105175292153591,0.0,2.654750859801389,45.88444373803213,0.0023999204859137535,0.06015625,0.0019189300946891308,0.0023150957422330976,0.004735744558274746,0.06796082854270935,0,0,0,512,0,0,512,0,0,,,,,,,,,,,,,,0.13878726097755134,0995f471de8c992a0460091a2ddbb45e:0:0,9f10e3367ca40ad674c27940d1103bcb:0:0,7422cdfc59723526404a78fe36f2c26f:0:0,b14731a83c3956e84f17225c8f3a588f:0:1061892144,2bab21a3148bb42464db651d596c57f4:1:4094942225,1.0
3199,1,399,1,legacy,0.00012060100166944908,0.0,2.65117743011575,45.89475329266861,0.009213069453835487,0.01875,-0.00030470923520624637,0.0024625291698612273,-0.0024461504071950912,0.0701468214392662,0,0,0,512,0,0,512,0,0,,,,,,,,,,,,,,0.10453299107030034,0995f471de8c992a0460091a2ddbb45e:0:0,cebff0c196c5f10769d1622c4d776b7e:0:0,9a8b7bf2aa744606a7f3e72eb817d9c6:0:0,6f5d60541c69122131112685bacadb8f:0:3564713419,af5be59ff80012b5810d25a682559683:0:120539824,1.0
3200,1,400,1,legacy,0.00012015025041736227,0.0,2.6643653789697592,46.21962085948326,0.0011304155923426151,0.0013671875,1.2592377606779337e-05,0.0024929633014835416,0.01300009898841381,0.0703335627913475,0,0,0,512,0,0,512,0,0,,,,,,,,,,,,,,0.10790575703140348,0995f471de8c992a0460091a2ddbb45e:0:0,00c7f8bcbe2beb5ed2fa5c9eae327297:0:0,5f892294de036e8fa0e5ca0e4c7048d7:0:0,37f44f01e267443388857a8c4b8f5e8f:0:3588619145,9275ad61f1c8212aa855ea426b6a40cb:0:967452190,1.0
3201,1,401,1,legacy,0.00011969949916527546,0.0,2.677331572416347,46.511307335458696,0.00497177429497242,0.0078125,6.370649207383394e-05,0.0026067907689139246,0.011057740077376366,0.07194149494171143,0,0,0,512,0,0,512,0,0,,,,,,,,,,,,,,0.10574696795083582,0995f471de8c992a0460091a2ddbb45e:0:0,ff41dcc9541289822466e8cb82e4be13:0:0,5c8184109a9a3a6e52cb66b2826ffa54:0:0,10132cca7457bf8701f25e6e7187e18f:0:2166232874,181b0d591c11aecffcc2650413abe3ea:0:2543019425,1.0
3202,1,402,1,legacy,0.00011924874791318865,0.0,2.6748830848695113,46.75909683573991,0.011862238869071007,0.0408203125,-0.0002824045717716217,0.0025629990384913983,-0.00468067592009902,0.07150077074766159,0,0,0,512,0,0,512,0,0,,,,,,,,,,,,,,0.10502461111173034,0995f471de8c992a0460091a2ddbb45e:0:0,4f6a889a93053b9f272e6e80b0e43048:0:0,7cb812de1dc242fedc4d9b517b145787:0:0,aab5fd0014c5b001bde30d6a5cb4648f:0:445783157,528176acb31aa5b91bf6d65897386f70:0:749507735,1.0
3203,1,403,1,legacy,0.00011879799666110184,0.0,2.679402704171797,46.31891426979564,0.001027140999212861,0.0021484375,-0.00028504524379968643,0.002705084811896086,0.006546373013406992,0.07340731471776962,0,0,0,512,0,0,512,0,0,,,,,,,,,,,,,,0.10736384894698858,0995f471de8c992a0460091a2ddbb45e:0:0,de6f6cd6d0a8201a4ac388ffab36d2d7:0:0,f99574e164bdec9154c1b79ace3af792:0:0,0de9de534344a7698c32bdfe3d14e78f:0:3493555317,8226181b33f910e586367be0f5a984d2:1:3327169591,1.0
3204,1,404,1,legacy,0.00011834724540901503,0.0,2.6778827096432147,46.33811230887659,0.0012832351494580507,0.005859375,9.941775351762771e-06,0.002551904402207583,-0.00037451699608936906,0.07138818502426147,0,0,0,512,0,0,512,0,0,,,,,,,,,,,,,,0.11276349297259003,0995f471de8c992a0460091a2ddbb45e:0:0,37fbbf5d42e6c692242c90305a1d6253:0:0,6214b93f4b6a4b37438920ca3076d0fd:0:0,a9d9b995b26927cf5b4fa1e842a96a8f:0:528232467,5962f4e6db08054ae5c0985f5670dd33:1:3814844146,1.0
3205,1,405,1,legacy,0.00011789649415692822,0.0,2.6795051445962614,46.4430108491797,0.002908186987042427,0.11875,-0.0012231567176058888,0.0024938196991570296,0.00031212461180984974,0.07060882449150085,0,0,0,512,0,0,512,0,0,,,,,,,,,,,,,,0.1079563619568944,0995f471de8c992a0460091a2ddbb45e:0:0,98a7593f49d006736552e6d001364f07:0:0,2fc6ef81a9a8649fa93e07ae38408b0d:0:0,00ccc76dfaa4d634db7de6269d71ed8f:0:3685818699,f5ccb7317349cb1a76f655163078a4f5:0:433525050,1.0
3206,1,406,1,legacy,0.00011744574290484142,0.0,2.675108783447185,46.14353438955732,0.0005989656783640385,0.021484375,-0.0003120646346360445,0.002250165760051459,-0.004263527691364288,0.0670328214764595,0,0,0,512,0,0,512,0,0,,,,,,,,,,,,,,0.104978914023377,0995f471de8c992a0460091a2ddbb45e:0:0,d34a0226f4e37e1ee894dd388eadac9d:0:0,667977e8368cff52a025dad0594b9650:0:0,c7fc264ca2ddbf9c561ab2f77d6e708f:0:1247670233,9c7d2ba9c029318383da6cfcba1d9f89:0:2868144476,1.0
3207,1,407,1,legacy,0.0001169949916527546,0.0,2.6738182895741076,46.40412858570926,0.013440472073853016,0.1029296875,-0.004959746543318033,0.0021098959958180787,-0.0013769275974482298,0.06493734568357468,0,0,0,512,0,0,512,0,0,,,,,,,,,,,,,,0.13173907902091742,0995f471de8c992a0460091a2ddbb45e:0:0,6f34692ef9b25df5a69d886dae57bd90:0:0,2774bb42dd22e21bf7b94bdb145f7cf0:0:0,81acb4070be35ab2b8df2bd9129ef38f:0:427665725,4627e50c33cd0dadead52dfc9cfdc687:1:1704285817,1.0
3208,1,408,1,legacy,0.0001165442404006678,0.0,2.672162416622159,46.701113000744954,0.00633833184838295,0.0513671875,-0.0029500186443328857,0.002418560499791056,-0.0003493991098366678,0.06953449547290802,0,0,0,512,0,0,512,0,0,,,,,,,,,,,,,,0.1368247070349753,0995f471de8c992a0460091a2ddbb45e:0:0,b18b6afa665bf86c3c219557eef396e6:0:0,72c103a6e46932b59c56c9382428644f:0:0,741477dac32f3043d5236f898d03768f:0:1902261861,bc7992e3d5d15a4120029ec9a70227ce:1:408216998,1.0
3209,1,409,1,legacy,0.00011609348914858096,0.0,2.6714371316266377,46.25126305036247,0.00018050812650471926,0.0185546875,-0.00015178858302533627,0.0025497821276076137,-0.0007068045670166612,0.07139088958501816,0,0,0,512,0,0,512,0,0,,,,,,,,,,,,,,0.13489850296173245,0995f471de8c992a0460091a2ddbb45e:0:0,d029b24eddc6c40aa795e401a0824b00:0:0,7db2bfc16fcfe9a084a6ec030a368f8e:0:0,d4834177bbaa54a8d32198071c9bf98f:0:382436665,345366c8aa18b1b31940bb2ca5cd2206:0:2645125278,1.0
3210,1,410,1,legacy,0.00011564273789649418,0.0,2.674317074679961,46.67474377783947,0.003455178812146187,0.0294921875,0.0008568292018026113,0.0026680500246584415,0.003067923476919532,0.07303644716739655,0,0,0,512,0,0,512,0,0,,,,,,,,,,,,,,0.1358372149989009,0995f471de8c992a0460091a2ddbb45e:0:0,7161633987008f8aac3606fa2453feca:0:0,fd4ba5e171cd9b352a83b9d927f12261:0:0,afe7073de87c1c60d938ba8ff1687c8f:0:3057853068,d2aabb4e8cb6d448e775e49384b619af:0:4127051904,1.0
3211,1,411,1,legacy,0.00011519198664440734,0.0,2.6724352661984434,46.59383104299195,0.0038973160553723574,0.0173828125,-0.0001524318940937519,0.0024953264975920318,-0.0017609769711270928,0.07062964886426926,0,0,0,512,0,0,512,0,0,,,,,,,,,,,,,,0.14021058497019112,0995f471de8c992a0460091a2ddbb45e:0:0,57d40069b50322acd03f2b109dcb4c49:0:0,35d6ba2f57171eea1fefadd854735b15:0:0,37c6804eb631b603e72fe7a23b68ff8f:0:1281787723,13d22bf6e2fc981ff743f789296a624a:0:1581850055,1.0
3212,1,412,1,legacy,0.00011474123539232054,0.0,2.6768222438466927,46.92447555717081,0.00014422251842916012,0.01328125,0.00014727346133440732,0.002377049531787634,0.004830418154597282,0.06887814402580261,0,0,0,512,0,0,512,0,0,,,,,,,,,,,,,,0.14412137609906495,0995f471de8c992a0460091a2ddbb45e:0:0,18935ad6f862cc82d8d5c4f772248cc6:0:0,0d46064c534a246c6f824e7de8dca0d0:0:0,f0f625a0e1d993bfe5792afc2a9d828f:0:1492186572,07515129e40678449bb92f1605523783:1:3463724831,1.0
3213,1,413,1,legacy,0.00011429048414023373,0.0,2.679033729752672,46.81769243325107,0.009093645960092545,0.051953125,-0.0038192104315385223,0.0025246267789043484,2.9061047825962305e-05,0.07103770226240158,0,0,0,512,0,0,512,0,0,,,,,,,,,,,,,,0.14094076491892338,0995f471de8c992a0460091a2ddbb45e:0:0,316ee67bbd2a726bb39f17854686e9e0:0:0,a745fa663603de160f1d738bcdf8670a:0:0,53ba0f2133f8ce8fe8748b9bef06058f:0:3970960316,7cb41f9fdf226a698fed5373c9750cd4:1:749653371,1.0
3214,1,414,1,legacy,0.00011383973288814692,0.0,2.6748880673328417,47.31133892782964,0.0021250355057418346,0.02265625,-0.0014931079931557178,0.002399779309052974,-0.003472632961347699,0.06923899054527283,0,0,0,512,0,0,512,0,0,,,,,,,,,,,,,,0.14968563395086676,0995f471de8c992a0460091a2ddbb45e:0:0,db5e8f802c2af0a02784633bed923180:0:0,e9a48d38f0977eb600cfd38e8c431298:0:0,136d1648ae8bed5da7b30bbfb8a2888f:0:726524383,7161d2c491497205e73fb32a7725c743:0:1724601449,1.0
3215,1,415,1,legacy,0.00011338898163606011,0.0,2.6723893715487423,47.04649924533442,0.0025323042646050453,0.02890625,-0.0019951751455664635,0.0025813532876782118,-0.0018679065397009254,0.07181442528963089,0,0,0,512,0,0,512,0,0,,,,,,,,,,,,,,0.14842144900467247,0995f471de8c992a0460091a2ddbb45e:0:0,016e65758600b384182f046bd80ec5a9:0:0,21f72249d51f6db25d1b5cf46a5f8492:0:0,44ac85a4c98fba3d2939a8e5b7730b8f:0:1490630346,11d81ad034f7ecedc6470b7bf58fa22d:1:226095386,1.0
3216,1,416,1,legacy,0.0001129382303839733,0.0,2.675889098647601,46.879601397085935,0.0005130619974806905,0.0017578125,0.0005335772875696421,0.0024874572176486255,0.004540526308119297,0.07047572731971741,0,0,0,512,0,0,512,0,0,,,,,,,,,,,,,,0.14826644293498248,0995f471de8c992a0460091a2ddbb45e:0:0,c2bd611c8b1fec1523f04ebb9aa3909a:0:0,ba2e7332a7ebf0dc222e705791f75dd1:0:0,c50ed3cc68da0ff2a0c45bcc1b778e8f:0:1140865494,75f182bfb262a0c0d4d686cb73bbf179:1:248155597,1.0
3217,1,417,1,legacy,0.00011248747913188649,0.0,2.674967663242976,47.16380254831165,2.3120082914829254e-06,0.0298828125,-0.0005735785700380803,0.0024755202466621995,-0.0024052688386291265,0.07034575194120407,0,0,0,512,0,0,512,0,0,,,,,,,,,,,,,,0.1394007260678336,0995f471de8c992a0460091a2ddbb45e:0:0,064afd09f1ca260daa780c2821a5bbea:0:0,496c1cbad4c88a83d4b471331e143d43:0:0,148917584855c9f28309187114b0118f:0:3971743865,3de56f2a71e037a6e24916d3999bfc92:1:2523512664,1.0
3218,1,418,1,legacy,0.00011203672787979968,0.0,2.6772993847306905,46.93205889197998,0.007660966832190752,0.16328125,-0.003947487473487854,0.0026145368232391776,0.0027838991954922676,0.07228533923625946,0,0,0,512,0,0,512,0,0,,,,,,,,,,,,,,0.1384449799079448,0995f471de8c992a0460091a2ddbb45e:0:0,aae4f06fc7aa686c7c00421cc9951eaf:0:0,c6b7b648197e59260837274c34675278:0:0,f565d7e3b100410bccface12d31c948f:0:3438858123,cbd07d4800babdc7e6ee8bec4ac62205:1:3181974175,1.0
3219,1,419,1,legacy,0.00011158597662771287,0.0,2.6694089939412082,46.54511986300349,0.009234878234565258,0.1447265625,-0.002297401241958141,0.0024291452835313978,-0.00938539020717144,0.06956914067268372,0,0,0,512,0,0,512,0,0,,,,,,,,,,,,,,0.13784225191920996,0995f471de8c992a0460091a2ddbb45e:0:0,b58bce15dc9ed6e1cd62e43b5d1b8db4:0:0,76291d51b3952051442d14c4001074b6:0:0,36729d0e6151feec7f0c672f86bd178f:0:1260014583,8da92fa6f170f3a8f5497075adf9bc27:1:1804675569,1.0
3220,1,420,1,legacy,0.00011113522537562604,0.0,2.668186084115139,46.15914203459397,0.00416284566745162,0.005859375,-6.724675185978412e-05,0.002400969143491238,0.000898257305379957,0.06926977634429932,0,0,0,512,0,0,512,0,0,,,,,,,,,,,,,,0.14357849501539022,0995f471de8c992a0460091a2ddbb45e:0:0,b6562a084c42fe12545b3a470d950ebb:0:0,2461a93f948ab51533d68895350a685a:0:0,0d484f26af0792b04c73c9855f919a8f:0:3894898900,20453c9052c9c4d1d533ec7d98bd046e:0:3220534992,1.0
3221,1,421,1,legacy,0.00011068447412353926,0.0,2.6736112184056133,46.43932231119834,0.00012075959239155054,0.0,0.00024929787032306193,0.0022029129671864212,0.006229455582797527,0.06630869209766388,0,0,0,512,0,0,512,0,0,,,,,,,,,,,,,,0.15920941799413413,0995f471de8c992a0460091a2ddbb45e:0:0,b45fca05d668d47e9778d9d7827d2077:0:0,e3e1678fc3f2a27fcdb7b399a5454a5d:0:0,781b84bf068ab0a97e6cd6128d9a1d8f:0:742569112,d10b77ebb88484a49d45c94b9cea4b83:0:3957981766,1.0
3222,1,422,1,legacy,0.00011023372287145242,0.0,2.6711185360556433,46.49564745486714,0.004609016235917807,0.0552734375,-0.002463444974273443,0.0023343620006926356,-0.0035662269219756126,0.06829730421304703,0,0,0,512,0,0,512,0,0,,,,,,,,,,,,,,0.11797035799827427,0995f471de8c992a0460091a2ddbb45e:0:0,a0ba989df1bba16ab306db1263223d49:0:0,2729e0e23b84b5597648be72672133e2:0:0,08b9c4300d8707940b7c691540d6a08f:0:3237047113,a36590842f432f46d9945f7b1146cbc5:1:4282254820,1.0
3223,1,423,1,legacy,0.00010978297161936564,0.0,2.6711777774823906,46.82792707462795,0.00016990373842418194,0.0140625,0.0001436589052900672,0.0024405244505032895,0.0007592765614390373,0.06984715163707733,0,0,0,512,0,0,512,0,0,,,,,,,,,,,,,,0.12915495201013982,0995f471de8c992a0460091a2ddbb45e:0:0,4d1f3b7e3c107fbf11fb42e4d013be94:0:0,3000908fa75d7a9589e32652e47a3080:0:0,4f7a4f1cd2817562e2b35a0ba947238f:0:3403527609,65750dbd56c653332133a0aae3aa92dc:0:3059808162,1.0
3224,1,424,1,legacy,0.0001093322203672788,0.0,2.6711263474061795,46.72642637742683,0.008197487331926823,0.09921875,-0.006810506014153362,0.002612347970716655,0.001270991051569581,0.07225418090820312,0,0,0,512,0,0,512,0,0,,,,,,,,,,,,,,0.14214234007522464,0995f471de8c992a0460091a2ddbb45e:0:0,17c36a6dbc853afb19c4741d52c8a13f:0:0,104d4ad6914c09609f54874f40ca7289:0:0,d3452fac9a9385d76af17bb3f6eba68f:0:1161950919,b6f5c8b30edc1749685f37fb6a8c7d8b:1:4198703747,1.0
3225,1,425,1,legacy,0.000108881469115192,0.0,2.674672526614543,47.17359890346415,0.0017609974602237344,0.033984375,-0.0010530123952776193,0.0025359962368384005,0.0021902744192630053,0.07119859755039215,0,0,0,512,0,0,512,0,0,,,,,,,,,,,,,,0.1363236290635541,0995f471de8c992a0460091a2ddbb45e:0:0,d8913fda3be3f305d95aa4946cba1218:0:0,0f542396130cf741c2a4b7991f37dc70:0:0,9111128a08b8651336289c0c59c4298f:0:1696056521,372f07d6527742e62090ecff9a315523:0:3190341119,1.0
3226,1,426,1,legacy,0.00010843071786310519,0.0,2.674416778342611,46.8927895242814,0.0058783069252967834,0.030078125,-0.0005598790477961302,0.002399329817853868,-0.00046158034820109606,0.06925325840711594,0,0,0,512,0,0,512,0,0,,,,,,,,,,,,,,0.1144264159956947,0995f471de8c992a0460091a2ddbb45e:0:0,86544c5fc5696920e60065ec70ac0ea4:0:0,1499a7b59a214736d9ea2c36645ad2dd:0:0,f1954d058763b053e89f845301d0ac8f:0:2427229544,72d5588d932b0691118a63deb95bf462:0:2802790198,1.0
3227,1,427,1,legacy,0.00010797996661101838,0.0,2.672511847617518,46.6980357945431,0.00026112236082553864,0.020703125,-0.001313018798828125,0.0025196886621415616,-0.0007509870920330286,0.07097601145505905,0,0,0,512,0,0,512,0,0,,,,,,,,,,,,,,0.12695295503363013,0995f471de8c992a0460091a2ddbb45e:0:0,d4bb8e253db5eab8a3093af5cde40fa6:0:0,b93cdb9d3225b819b03bfe9e936f58ef:0:0,457cc32d0d65cf095434f9061f112f8f:0:1883441316,994b1804a6e1058e4625fbbcca05e7d8:0:3786642313,1.0
3228,1,428,1,legacy,0.00010752921535893157,0.0,2.6788293795210443,46.74329959671013,0.0012179726036265492,0.0298828125,0.0007462894311174751,0.002768086362630129,0.006768890656530857,0.07427767664194107,0,0,0,512,0,0,512,0,0,,,,,,,,,,,,,,0.11235549708362669,0995f471de8c992a0460091a2ddbb45e:0:0,3b5a6be2c5fb4ed6523e20154b7dcb2c:0:0,6739c712abbc4029ef878905031d470b:0:0,be51e5798a6cbe75c7a2b9e3e185b28f:0:3107248082,22a472714f566bf3763105eec547e0db:1:676631927,1.0
3229,1,429,1,legacy,0.00010707846410684473,0.0,2.6780706428916092,46.838867326732725,0.002514439634978771,0.0341796875,0.0005774067249149084,0.002447313873562962,-0.003127953503280878,0.069913849234581,0,0,0,512,0,0,512,0,0,,,,,,,,,,,,,,0.10685495706275105,0995f471de8c992a0460091a2ddbb45e:0:0,cbecbe9788d1b1ea99c480349388b7af:0:0,c44a17fe672221fd45a2d0f95151ca84:0:0,0823900e7dbb7a0891c081ea792e358f:0:3866674297,1b5089d507c1ed4da343569ee2354b57:1:1793085309,1.0
3230,1,430,1,legacy,0.00010662771285475795,0.0,2.67472286749725,46.73703207517974,0.004408018197864294,0.0279296875,-0.0008882046211510896,0.002358492219354957,-0.0030510849319398403,0.06864918023347855,0,0,0,512,0,0,512,0,0,,,,,,,,,,,,,,0.10809644300024956,0995f471de8c992a0460091a2ddbb45e:0:0,37b54d4ace1cb86c04dcee31bb31acab:0:0,fd4b2ee45f1e8f1a4588652da8228a19:0:0,289c45a672fd6aa2b8c70758160ab88f:0:2338592464,377cc2f7abfd7046dbf44f32c838c09c:1:2262262852,1.0
3231,1,431,1,legacy,0.00010617696160267111,0.0,2.6807703751618797,47.03927739756182,0.0010137403151020408,0.012890625,-0.00026253834366798403,0.0024946062010712923,0.005975939799100161,0.07052145153284073,0,0,0,512,0,0,512,0,0,,,,,,,,,,,,,,0.10604870703537017,0995f471de8c992a0460091a2ddbb45e:0:0,902d9c7ce7975a0acad2777c8026c557:0:0,c490b974b4ea889b28f60c9e9a2604c5:0:0,49dd4d5b5d6686f5e592fbaae81b3b8f:0:1868475155,5c9dbc40b72f627b8fdf22de945cdcf9:0:3883730342,1.0
3232,1,432,1,legacy,0.00010572621035058433,0.0,2.6776277378750377,47.366855782456696,0.0007139542140066624,0.0541015625,-0.0009223249740898609,0.00247803449165076,-0.0033789323642849922,0.07036401331424713,0,0,0,512,0,0,512,0,0,,,,,,,,,,,,,,0.10446031508035958,0995f471de8c992a0460091a2ddbb45e:0:0,eb7603b60700794a5e16e5e97ff4d329:0:0,17aa055758789b92a867d7ece0689113:0:0,85e813b8089c0f2d82e80ba11f5fbe8f:0:2346834129,ed06299ccf3b4127bb72b14df1952788:0:3465746983,1.0
3233,1,433,1,legacy,0.0001052754590984975,0.0,2.673314176914579,47.24386233719997,0.015301689505577087,0.116796875,-0.005263855075463652,0.0026177506893873214,-0.00218192464672029,0.07232070714235306,0,0,0,512,0,0,512,0,0,,,,,,,,,,,,,,0.10316249495372176,0995f471de8c992a0460091a2ddbb45e:0:0,376456ef371b28320a6762a915d105f4:0:0,37cddcd0d8a78b347c9de101064bdda3:0:0,e812741c192d0e1210b3df38ebd8418f:0:678086972,63e03cdf226f39f04db0352fe3958958:0:4205881390,1.0
3234,1,434,1,legacy,0.00010482470784641072,0.0,2.673429365122714,46.869918721495196,0.0014246354112401605,0.021875,3.153593279421329e-05,0.0024608046282082797,0.002290124772116542,0.07013848423957825,0,0,0,512,0,0,512,0,0,,,,,,,,,,,,,,0.1421591159887612,0995f471de8c992a0460091a2ddbb45e:0:0,639cc6b17f6d9d056d61550aa9ebc36a:0:0,43aeeeeb0390600982e6c52ae45f28c6:0:0,e6dd0eaa5bad09d6ab5119b07d84c48f:0:3322645779,92b714363dfdc6d5008e2c915c464795:0:1981528084,1.0
3235,1,435,1,legacy,0.00010437395659432388,0.0,2.6797715387381755,47.05440293182619,0.0014168627094477415,0.0478515625,-0.0026336797513067723,0.002568672935012728,0.006348247639834881,0.07157668471336365,0,0,0,512,0,0,512,0,0,,,,,,,,,,,,,,0.1279911119490862,0995f471de8c992a0460091a2ddbb45e:0:0,d25f5757912a5fca6d940a107168b07c:0:0,52df566fa45a752839c58b8ef2f397e3:0:0,5b4a87ed69ce8ec0c6ca59860465478f:0:2938453622,650ebf80b4c0c275219a8b3660e8ad53:0:339186466,1.0
3236,1,436,1,legacy,0.00010392320534223707,0.0,2.674536123784571,46.910980792017654,0.0026301993057131767,0.0046875,4.405081272125244e-05,0.002420661994256079,-0.00578104006126523,0.06949456036090851,0,0,0,512,0,0,512,0,0,,,,,,,,,,,,,,0.10320510505698621,0995f471de8c992a0460091a2ddbb45e:0:0,1b5971cc5fb5112006e53e6ffb373be0:0:0,a8ed19103f6164493a7da6d58bd1c93f:0:0,6866b14cf8267dda1e1d3877b079ca8f:0:401462621,1bf182888e614fb9af15f77b64bba629:1:1121161687,1.0
3237,1,437,1,legacy,0.00010347245409015026,0.0,2.6744066819879957,46.581235772464424,0.006006073672324419,0.0021484375,-0.0008230751613155007,0.0025669360533356667,0.001991426106542349,0.07161987572908401,0,0,0,512,0,0,512,0,0,,,,,,,,,,,,,,0.10286271199584007,0995f471de8c992a0460091a2ddbb45e:0:0,946d15d7ccc5540ade90cf043ed79acd:0:0,db52f5e3ab6bbf64d330472635894bd6:0:0,9936838a6d8c49dcd67d4b83b1c24d8f:0:661731345,a81b6043efd04521d368d655e02e60cd:0:2240020361,1.0
3238,1,438,1,legacy,0.00010302170283806345,0.0,2.669740013252562,46.400954300770536,0.0027946466580033302,0.0505859375,-0.002710944600403309,0.0025235897046513855,-0.004725642502307892,0.07098818570375443,0,0,0,512,0,0,512,0,0,,,,,,,,,,,,,,0.10467566410079598,0995f471de8c992a0460091a2ddbb45e:0:0,8bc91da3bdd179c96af977d08ef1e461:0:0,fbb21def3d7f1e1a8f99d467a2465a23:0:0,d19515f9b6568c89d69722e8383ed08f:0:594614502,6efb30bce9e8d0801e89aec5b84d88b1:1:883623470,1.0
3239,1,439,1,legacy,0.00010257095158597664,0.0,2.676804672965681,46.64849640103057,0.00413536885753274,0.032421875,-0.0017375083407387137,0.002102980262134224,0.009886395186185837,0.06459224969148636,0,0,0,512,0,0,512,0,0,,,,,,,,,,,,,,0.10760315298102796,0995f471de8c992a0460091a2ddbb45e:0:0,a4e2b9d252bd738fa3f78b4564299688:0:0,fd9b317cacbd53e238a873a83ac38537:0:0,a12c153f99fe9e9951d34a2373ef538f:0:485102029,767ba72a8374ca6411c760e5c0914b3a:1:522980083,1.0
3240,1,440,1,legacy,0.00010212020033388981,0.0,2.6760733341793967,46.17055369890295,0.0008307867683470249,0.0869140625,-0.0018321834038943052,0.002530832320917398,-0.0025360367726534605,0.0711108148097992,0,0,0,512,0,0,512,0,0,,,,,,,,,,,,,,0.14081471704412252,0995f471de8c992a0460091a2ddbb45e:0:0,d3eb0118f02d91f9ead2d3ac0870ca14:0:0,fbfa3a21a2c195cce9b5973db777f595:0:0,c8739a3d31011c75879947f394d3d68f:0:3077810548,5ee37175734150157a82dce43e77a314:0:1843790408,1.0
3241,1,441,1,legacy,0.00010166944908180303,0.0,2.6763211135400002,46.42082342179492,0.005904690362513065,0.0650390625,-0.004347329214215279,0.002515224856324494,0.00046213867608457804,0.07090238481760025,0,0,0,512,0,0,512,0,0,,,,,,,,,,,,,,0.11874056200031191,0995f471de8c992a0460091a2ddbb45e:0:0,9c3021cabc5ed6c88e7259abc82c3831:0:0,220ff935431f0bb920a2952838e611b5:0:0,337fc4ac731c81efb6929e56caec598f:0:2248695509,c229282dbb8f2c016b671fcdfc8fe360:1:937445120,1.0
3242,1,442,1,legacy,0.00010121869782971619,0.0,2.6740624791909386,46.894984785467386,0.004641551058739424,0.04375,-0.0023669547168537973,0.0025012224679812787,-0.0005805604159832001,0.07072027027606964,0,0,0,512,0,0,512,0,0,,,,,,,,,,,,,,0.10396941401995718,0995f471de8c992a0460091a2ddbb45e:0:0,701b9fca887de853e4ec60fbfc4df9c1:0:0,67614cb5aa538e545f57e2da7f7e5540:0:0,08fa7400335a471f43edca8b4638dc8f:0:314961826,6a011f808e55cf5db21cc59a48031c52:0:2511651830,1.0
3243,1,443,1,legacy,0.00010076794657762941,0.0,2.6638216161322728,46.410422009648755,0.0026970927137881517,0.017578125,6.609694100916386e-05,0.0022799888276495038,-0.010222039185464382,0.06729871779680252,0,0,0,512,0,0,512,0,0,,,,,,,,,,,,,,0.10794965096283704,0995f471de8c992a0460091a2ddbb45e:0:0,6ce1d46062ba77bc4abae87bda6d2968:0:0,28f86e04926d8a1a45fdc43051de4e97:0:0,ca73638e3f9a289b16a1450f36b95f8f:0:2308981320,ca3a1751fe9952ef875e33fe1e774ef1:0:153876539,1.0
3244,1,444,1,legacy,0.00010031719532554257,0.0,2.674754546639762,46.4598054823,0.0005184817127883434,0.0505859375,-0.00028337256517261265,0.0024300110701005904,0.015546011738479137,0.06925386190414429,0,0,0,512,0,0,512,0,0,,,,,,,,,,,,,,0.10784184699878097,0995f471de8c992a0460091a2ddbb45e:0:0,89ffb2a069ef7588928626c986c0e2ff:0:0,cf30661c709a132b58c6f03e55d11ea3:0:0,08bd7c18bca2853d26ae81a0cc6de28f:0:2340749166,97382f9dcba13ce9be0715b7e797448e:1:1365357507,1.0
3245,1,445,1,legacy,9.986644407345579e-05,0.0,2.6792549421126743,46.39781232108362,0.0010641473345458508,0.122265625,-0.00028023403137922287,0.002468680962920189,-0.0006714535411447287,0.0702424868941307,0,0,0,512,0,0,512,0,0,,,,,,,,,,,,,,0.14829076803289354,0995f471de8c992a0460091a2ddbb45e:0:0,fb6757f9811d58f574127625ba96c3f3:0:0,913e47ca1a30faeb6d2cea01173271fb:0:0,9e403ba83e03fba04064ef3e3756658f:0:739420988,fea19712f7082157e8d42695a833db8c:0:753623822,1.0
3246,1,446,1,legacy,9.941569282136896e-05,0.0,2.673350982862858,45.88394763995893,5.61209162697196e-05,0.0955078125,0.001498421747237444,0.0025770335691049696,-0.005312747322022915,0.07170367240905762,0,0,0,512,0,0,512,0,0,,,,,,,,,,,,,,0.12153329607099295,0995f471de8c992a0460091a2ddbb45e:0:0,4c02027f871ba079dec0e4b181d5c8a8:0:0,4ce69587717d6906956f542e6253649d:0:0,b870b4868269b187fba4f825a772e88f:0:848073837,cb32b9f9c6956b5d8336b52be8a6d980:1:53775244,1.0
3247,1,447,1,legacy,9.896494156928215e-05,0.0,2.6727524864463517,46.23078277800232,0.0003773169592022896,0.1009765625,0.0005254417192190886,0.0020033616048749535,0.0017462839605286717,0.06325273215770721,0,0,0,512,0,0,512,0,0,,,,,,,,,,,,,,0.1084542270982638,0995f471de8c992a0460091a2ddbb45e:0:0,2c6c0151cd4cbea309d5d5e3f983cfe2:0:0,4a962e3b5c912d9193158cd6e431bcbd:0:0,0e5e143e293aef62e72301d54cc36b8f:0:3174015677,09900f50a09294e9d17cdf6cd962edfb:0:3057333263,1.0
3248,1,448,1,legacy,9.851419031719534e-05,0.0,2.6820617203141617,46.61372732371092,0.001136811450123787,0.04921875,-0.0020120798610150812,0.0022914999921340496,0.009134101681411266,0.06753509491682053,0,0,0,512,0,0,512,0,0,,,,,,,,,,,,,,0.1226442368933931,0995f471de8c992a0460091a2ddbb45e:0:0,e6bb3f49d2184fa36e3feef2ddfe0df9:0:0,a603eaf8548324596373997a9c12ab87:0:0,bbc7530225bdfa16e7aa6d0b5747ee8f:0:4163226600,dc21ca2ce88ddf7d7f764108c8b41a02:1:2937473088,1.0
3249,1,449,1,legacy,9.80634390651085e-05,0.0,2.672329989706033,46.20666143600829,0.00581047497689724,0.041015625,-0.0015258287545293569,0.00235790831502527,-0.012646110728383064,0.06843911856412888,0,0,0,512,0,0,512,0,0,,,,,,,,,,,,,,0.10682255204301327,0995f471de8c992a0460091a2ddbb45e:0:0,a8868380c7a603d92c6593a800ea8119:0:0,37aa4be2ad0643a87879954cdcd18265:0:0,ab4639fc26375547cb6095c5f700718f:0:242503113,8f2283145d52fd6efb42b245a55ddede:0:1057088630,1.0
3250,1,450,1,legacy,9.761268781302172e-05,0.0,2.6736957537430337,46.176668955013156,0.0005066525191068649,0.0173828125,1.8803635612130165e-05,0.0024573146016336977,0.0052623264491558075,0.07006490230560303,0,0,0,512,0,0,512,0,0,,,,,,,,,,,,,,0.11300997296348214,0995f471de8c992a0460091a2ddbb45e:0:0,3a0b8e776d294c62d35beaa7d38a9653:0:0,0fabcd482e8acadbdd25029663841b88:0:0,44112aef9acbd8481107d3435becf48f:0:2523114123,746697fa36954f5b4a8e2dbf01dcefa7:0:3125610465,1.0
3251,1,451,1,legacy,9.716193656093488e-05,0.0,2.6788330911428586,45.7474434224423,0.010568181052803993,0.0736328125,-0.00422587851062417,0.002439223788678646,0.003779256483539939,0.06981346756219864,0,0,0,512,0,0,512,0,0,,,,,,,,,,,,,,0.11296498193405569,0995f471de8c992a0460091a2ddbb45e:0:0,e2eea5f493e5f586eaeb13712a9d2bc2:0:0,6b0a01d75fe185b870bb5959338942ea:0:0,71d0fc9380373fe3e3427801b60d778f:0:1671726793,fdf2b976f7f48ed4170477a2e8ccf67c:0:3589119400,1.0
3252,1,452,1,legacy,9.67111853088481e-05,0.0,2.6707754782668625,45.58268127730116,0.0002248350065201521,0.01875,-0.0005858634132891894,0.0024457500549033284,-0.00994151271879673,0.06975527107715607,0,0,0,512,0,0,512,0,0,,,,,,,,,,,,,,0.11002827901393175,0995f471de8c992a0460091a2ddbb45e:0:0,3be2afab1e603f074a40535dc7f04e46:0:0,4eed431cc05349bdcb4ab69c0c67efa2:0:0,374904338db4273647d5d1bf3561fa8f:0:3989538022,1beecfa0222f9be683f30c4079ad3f70:0:1516271375,1.0
3253,1,453,1,legacy,9.626043405676127e-05,0.0,2.6759391403506627,45.533669978613034,0.0003648352576419711,0.06171875,7.716496475040913e-05,0.0021529378951527177,0.008980093523859978,0.06545280665159225,0,0,0,512,0,0,512,0,0,,,,,,,,,,,,,,0.11274586408399045,0995f471de8c992a0460091a2ddbb45e:0:0,30e80a844bc7d2a86ab030f3c8838bbf:0:0,eeb7ac6e56c61a2364dbc1e632a5bf29:0:0,69a965c5e3bd91b882ed297a09ea7d8f:0:2516258298,3f960b0e1b6e89fcfb9678dfe5c08939:0:25921536,1.0
3254,1,454,1,legacy,9.580968280467449e-05,0.0,2.675975271528852,45.56755074299872,0.006100683007389307,0.0861328125,-0.005631410283967853,0.0022467893897555767,-0.0022178213112056255,0.06701643764972687,0,0,0,512,0,0,512,0,0,,,,,,,,,,,,,,0.1276711589889601,0995f471de8c992a0460091a2ddbb45e:0:0,f83267bb1f16c1b6a8ff474e59670eab:0:0,43d28b5961510d7a537343c3dee39f56:0:0,a2818ee0da9d70bbae5cc37063a7008f:0:2428058224,0cc3051858d3572bafe4b65c6382aa23:1:342161000,1.0
3255,1,455,1,legacy,9.535893155258765e-05,0.0,2.6715013871725004,45.85829090792686,0.01779959164559841,0.06484375,-0.0021657937206327913,0.002480050374288112,-0.004030237905681133,0.0703606903553009,0,0,0,512,0,0,512,0,0,,,,,,,,,,,,,,0.13397901807911694,0995f471de8c992a0460091a2ddbb45e:0:0,bf6ad8625562991dfcbe6272357bc252:0:0,49e09f584e584ac2ac659eab875fb76d:0:0,4a6b16111406ce7c84e4df207297838f:0:1400697763,275ebbddc9197b7aa425b21839c61036:0:2789326212,1.0
3256,1,456,1,legacy,9.490818030050084e-05,0.0,2.673014863699806,45.290424063568935,0.009108716621994972,0.09453125,-0.002666023629717529,0.0024506275076419115,0.003424867521971464,0.06998757272958755,0,0,0,512,0,0,512,0,0,,,,,,,,,,,,,,0.1513102169847116,0995f471de8c992a0460091a2ddbb45e:0:0,ba95dd2fa607ef3eac72d9c2b2c68fd6:0:0,11eab5ae9d46ddd0950b105dffaa4833:0:0,83c3062e7a4589016174b74866bc068f:0:486117262,15db684c843cd3ed11ea77a0c5e7613f:1:2418116863,1.0
3257,1,457,1,legacy,9.445742904841403e-05,0.0,2.6776660081894272,45.11270794318989,0.006532070226967335,0.0841796875,-0.0065954481717199085,0.002526980801485479,0.003694593906402588,0.07106135040521622,0,0,0,512,0,0,512,0,0,,,,,,,,,,,,,,0.10842360591050237,0995f471de8c992a0460091a2ddbb45e:0:0,78f99ac42bb1f50b67162321bf2feece:0:0,7dbf343d1d1097ec8aa1839c48d2f958:0:0,478e03ab61d8c6f2726d81e67014898f:0:666802929,b9f3bfedf0515cfb31f8dc4f2ea02a0e:0:2391505861,1.0
3258,1,458,1,legacy,9.400667779632722e-05,0.0,2.674891797318148,45.179555559298024,0.0004737096605822444,0.0224609375,-0.0001602310687303543,0.0024495220626704396,-0.003524931613355875,0.06994539499282837,0,0,0,512,0,0,512,0,0,,,,,,,,,,,,,,0.11656313494313508,0995f471de8c992a0460091a2ddbb45e:0:0,d6c515ba9de9335a479f275842f955fb:0:0,c926b5c1f66ab7fb5664bc45f66bb666:0:0,4df607a78f98909c20e57038bea10c8f:0:864185762,0ecc89c4daf82c8fc4d02cb4de7db6f4:1:2034472110,1.0
3259,1,459,1,legacy,9.355592654424041e-05,0.0,2.668333159778463,45.31344882561825,0.003232031362131238,0.0333984375,-0.001755147334188223,0.002279941487358883,-0.005908383056521416,0.06744369119405746,0,0,0,512,0,0,512,0,0,,,,,,,,,,,,,,0.11537920194678009,0995f471de8c992a0460091a2ddbb45e:0:0,fecca7e91bce49ce6a9e59e76e5bd264:0:0,be391822d78b9ee559fc613789e6e206:0:0,9488210575d2374babeaaebd82618f8f:0:3351092678,4ccad85c2a8c2bb704ddb9fb14c08ba5:0:2483177730,1.0
3260,1,460,1,legacy,9.31051752921536e-05,0.0,2.670985371623585,45.30184072791599,0.0005897855153307319,0.042578125,-0.0005698308581486344,0.0026210500625893475,0.004571586847305298,0.0723295733332634,0,0,0,512,0,0,512,0,0,,,,,,,,,,,,,,0.11998858803417534,0995f471de8c992a0460091a2ddbb45e:0:0,1183586ab0472f5cd748aa1f9ca1e72b:0:0,2b9b379a3281cf14a2f94b70085204aa:0:0,6c65760e8e127535f7c66532eb56128f:0:2827810643,422e50a5d9e3109150dbc8de800e7efc:0:1852642037,1.0
3261,1,461,1,legacy,9.26544240400668e-05,0.0,2.7085385663819186,45.185673516243696,0.0021889652125537395,0.0001953125,0.0001430524978786707,0.0025865913950838147,0.03443435579538345,0.06993415206670761,0,0,0,512,0,0,512,0,0,,,,,,,,,,,,,,0.12019182508811355,0995f471de8c992a0460091a2ddbb45e:0:0,142bdb817563c602ac8029eddb686fe7:0:0,c33a6f0d4c81cce1db8a62eea6e50962:0:0,344280904b9f7018913fb697297e958f:0:750595049,f5b9828b42c7ea59d2e3354c65a8d174:0:987086393,1.0
3262,1,462,1,legacy,9.220367278797996e-05,0.0,2.6999418306429415,45.154931757133454,0.0002541657304391265,0.026171875,0.00048330067656934263,0.002733218332286924,-0.02009992115199566,0.07317820191383362,0,0,0,512,0,0,512,0,0,,,,,,,,,,,,,,0.1218713189009577,0995f471de8c992a0460091a2ddbb45e:0:0,e7debcdc7d63d47d0f20d7a92da5988c:0:0,22f45d133b50d41287e06808df1d580d:0:0,6f2e41f9bbf008c4e4dec1286cdb188f:0:3848407409,e989e4fc85a0a1638ae5d949a7a89cea:1:3675221320,1.0
3263,1,463,1,legacy,9.175292153589318e-05,0.0,2.7029122843770894,45.058865466853604,0.0035964546259492636,0.0349609375,0.0008214717730879783,0.0024220148683525623,0.007028771564364433,0.06944047659635544,0,0,0,512,0,0,512,0,0,,,,,,,,,,,,,,0.11887814092915505,0995f471de8c992a0460091a2ddbb45e:0:0,730aac2b65e3ad3d813515ff70c5e14e:0:0,db5914bd16a7b1495770b87c2a762a2c:0:0,8663341686b921c5aa2f9e64e56b9b8f:0:837377317,9ce683666a6bd4721018ea51526afd66:0:1852834386,1.0
3264,1,464,1,legacy,9.130217028380634e-05,0.0,2.7065713451849547,45.26677535031922,0.0001332079991698265,0.0025390625,1.840272452682257e-05,0.002236693853046745,0.004080300219357014,0.06683732569217682,0,0,0,512,0,0,512,0,0,,,,,,,,,,,,,,0.10737923299893737,0995f471de8c992a0460091a2ddbb45e:0:0,97dd2518529bf53706909b0a10a48027:0:0,a6e388618f5a0487128410bee25696f3:0:0,149d74c29e74c74e8305630ac3301e8f:0:213696702,5a351a74d3043cffa5a5cab5d6b633e3:0:3359405054,1.0
3265,1,465,1,legacy,9.085141903171956e-05,0.0,2.711084380414454,45.32833730918355,0.0028532722499221563,0.0203125,-0.0007473135367035866,0.0023823654744774105,0.00266815721988678,0.06899551302194595,0,0,0,512,0,0,512,0,0,,,,,,,,,,,,,,0.12354556494392455,0995f471de8c992a0460091a2ddbb45e:0:0,1703c2e78370c1260d58fe16df5b6a85:0:0,cf9c9fdd14747bfab7e447469692e45a:0:0,c0bbb68e949262a5cebd1f183628a18f:0:2845221562,a7796a2f30ba58e8e2deb9bd9bcb2960:0:3377838264,1.0
3266,1,466,1,legacy,9.040066777963275e-05,0.0,2.7087779427725587,45.14092138851993,0.0077826473861932755,0.0423828125,-0.002825334155932069,0.002526265976484865,-0.0037994005251675844,0.07104099541902542,0,0,0,512,0,0,512,0,0,,,,,,,,,,,,,,0.1414279689779505,0995f471de8c992a0460091a2ddbb45e:0:0,3e446291fc02c0809c5e4d065900456c:0:0,04c1423e1568f0dd081dadcbda0bb65d:0:0,6c7facfb29ca6338b180ddcb6e55248f:0:4092131067,6e102b30a73b954d03facbee673d6be6:0:14669165,1.0
3267,1,467,1,legacy,8.994991652754592e-05,0.0,2.7103163587236927,45.67692156997509,0.0010529578430578113,0.0009765625,0.0008372956886887551,0.002230800862889737,0.0033058514818549156,0.06673163175582886,0,0,0,512,0,0,512,0,0,,,,,,,,,,,,,,0.12025859300047159,0995f471de8c992a0460091a2ddbb45e:0:0,53f6cca1d4ac673fab1b554a2863a26d:0:0,eedbe83037a3d0e777a615442cbcede0:0:0,cba1f7e75b5b07894f8aa5a29bb5a78f:0:3566301243,87278113fd31d57cfd67244a85864837:0:3160133285,1.0
3268,1,468,1,legacy,8.949916527545911e-05,0.0,2.7072154924509686,45.350113383028656,0.001372206723317504,0.0802734375,0.0012565289624035358,0.0024463625624775885,-0.0038557606749236584,0.06991702318191528,0,0,0,512,0,0,512,0,0,,,,,,,,,,,,,,0.13164912501815706,0995f471de8c992a0460091a2ddbb45e:0:0,10ec4f46736f523e9c5934b8bb4444fd:0:0,0e21e22b7cdf1cf91103281bc5fc8815:0:0,e2be2e3ad93f30273c67785bee4a2a8f:0:3646316855,325825e4946c7e15806f2727220fd248:0:3319473008,1.0
3269,1,469,1,legacy,8.90484140233723e-05,0.0,2.7056531404856266,45.39844715036452,0.0019364431500434875,0.0154296875,-0.00044278954155743124,0.002543049573432654,-0.0013745329342782497,0.0713023766875267,0,0,0,512,0,0,512,0,0,,,,,,,,,,,,,,0.15118156804237515,0995f471de8c992a0460091a2ddbb45e:0:0,a9adc3f44cf66b2eebdd19bf7e5a4791:0:0,4f3ea5492e8d9aa061d70287534dafce:0:0,2ed4f2f37fbb66e21e3a52f59612ad8f:0:1839603156,4bd168dc3a6bb45fa38d6ae106285bd1:1:4226005527,1.0
3270,1,470,1,legacy,8.859766277128552e-05,0.0,2.706809032798441,45.22725808783434,0.0007143864640966058,0.043359375,-0.0011022766586393118,0.002336001372896135,-7.845018990337849e-05,0.06834261864423752,0,0,0,512,0,0,512,0,0,,,,,,,,,,,,,,0.1670415480621159,0995f471de8c992a0460091a2ddbb45e:0:0,3c3e6d723cc855b29f31de17c660b1e5:0:0,14910fa97aca5c12feb1793cfe91bb73:0:0,d0d188bb1fe8846684ff2dadc30f308f:0:3931205070,1b1503aa8eb1e9056d15234fb8062a25:0:2178416771,1.0
3271,1,471,1,legacy,8.814691151919866e-05,0.0,2.709660487519968,45.26566707645543,0.008847357705235481,0.0537109375,-0.004653107235208153,0.0024336662434507163,0.0034789610654115677,0.06973765790462494,0,0,0,512,0,0,512,0,0,,,,,,,,,,,,,,0.1709342689719051,0995f471de8c992a0460091a2ddbb45e:0:0,8924acf4bed2ab7c227e202a54fb37f9:0:0,6e2392db518ebda9b86c7865c52681c0:0:0,f509de3f972e9e74f5cdfc02a53fb38f:0:102830569,582cbe1e601762712d43bf542b32d7c0:0:2530657749,1.0
3272,1,472,1,legacy,8.769616026711187e-05,0.0,2.705615073438624,45.814398693619296,0.004763094708323479,0.02265625,0.00041966151911765337,0.0024710462894290686,-0.004349201917648315,0.0702550858259201,0,0,0,512,0,0,512,0,0,,,,,,,,,,,,,,0.16805841599125415,0995f471de8c992a0460091a2ddbb45e:0:0,3cfc28d9e7b2a13ab3f21c78f770ab95:0:0,202fe3a036518a2fe43c8715bfa1e638:0:0,b58d7fe5ecee28e32a1dacb26ca4368f:0:2596012624,4e929903036148f76cf332bd3ecbb087:1:1594754124,1.0
3273,1,473,1,legacy,8.724540901502506e-05,0.0,2.703781780181276,45.50699040410109,0.00030033790972083807,0.05,-0.0016167839523404837,0.0027073812438175083,-0.0005927712190896273,0.07354356348514557,0,0,0,512,0,0,512,0,0,,,,,,,,,,,,,,0.1697706679115072,0995f471de8c992a0460091a2ddbb45e:0:0,057094822da17ab932aa6067f3693053:0:0,3ed03c17984eef337395ea69dbd990de:0:0,6b19594de7e07397830729bb493cb98f:0:3073541690,3e5e27d608f63b45ea293a71fa8e6b43:0:2685249774,1.0
3274,1,474,1,legacy,8.679465776293826e-05,0.0,2.708397583023591,45.64949769410305,0.008104340173304081,0.019921875,0.0004409290151670575,0.0026214891113340855,0.007276014890521765,0.07232721149921417,0,0,0,512,0,0,512,0,0,,,,,,,,,,,,,,0.16473683901131153,0995f471de8c992a0460091a2ddbb45e:0:0,4035b56b8e27c9acdcb98cd652f16b74:0:0,5779ced535c8710addbcf10e0df1a402:0:0,7e1209aa4a03efaeb088585b6b093c8f:0:1108715075,e700f193a26c0850a539a025fc3778b5:1:480828207,1.0
3275,1,475,1,legacy,8.634390651085142e-05,0.0,2.7065085921746577,45.01617258647457,0.014393625780940056,0.1421875,-0.009771098662167788,0.0024103654315695165,-0.004008337389677763,0.0693870484828949,0,0,0,512,0,0,512,0,0,,,,,,,,,,,,,,0.1668364719953388,0995f471de8c992a0460091a2ddbb45e:0:0,c7ad019e970e249afd1b25b44c070d58:0:0,362aaf47aea180e827f17b1a0fcf5709:0:0,db394066a233e5fb8cc719110209bf8f:0:4184202880,76e5c41be1f30c5ad079041b78d99262:0:3377787333,1.0
3276,1,476,1,legacy,8.589315525876461e-05,0.0,2.7098331503024347,45.48990780604072,0.0003649881109595299,0.1251953125,0.0015968331834301352,0.002304088999517262,0.0031607206910848618,0.06783134490251541,0,0,0,512,0,0,512,0,0,,,,,,,,,,,,,,0.1688472859095782,0995f471de8c992a0460091a2ddbb45e:0:0,c339f844044917d3586c15e66a44d8f8:0:0,f1ab0be4224cc10f018200cc33a63e19:0:0,303ed32265d689112b54479a3e3e428f:0:3118577321,7313efd4e3a576761f73f2d6221bc84e:0:468444038,1.0
3277,1,477,1,legacy,8.544240400667783e-05,0.0,2.715001936231742,45.71255294722505,0.0031200649682432413,0.046875,-0.002157081454060972,0.0024523811880499125,0.0039664460346102715,0.06999661028385162,0,0,0,512,0,0,512,0,0,,,,,,,,,,,,,,0.16710998804774135,0995f471de8c992a0460091a2ddbb45e:0:0,fedaec1e80e8236378d49350f8b2d251:0:0,c67c531cde4f2a624924c4670e958fcc:0:0,047ce1e5cb578d071c6ebaf54fa6c58f:0:201928072,e0cba1c4ff34d59241382e4d34de0183:1:4086270411,1.0
3278,1,478,1,legacy,8.499165275459097e-05,0.0,2.7034355478740086,45.97920080414042,0.008324596099555492,0.042578125,-0.0028177944477647543,0.0027637108345516027,-0.012858978472650051,0.07406739145517349,0,0,0,512,0,0,512,0,0,,,,,,,,,,,,,,0.16536610899493098,0995f471de8c992a0460091a2ddbb45e:0:0,38f29bcc032b79128aba84b890fa5971:0:0,1b4a1712d2879237a223481798768fdf:0:0,475e79d3a770af27e44645606643488f:0:4090777996,d1082bf91e8eea830d24095a042177c0:1:3257545130,1.0
3279,1,479,1,legacy,8.454090150250418e-05,0.0,2.703486569342285,46.38645324157551,0.011714765802025795,0.090234375,-0.0066652348265051845,0.0026078652474097906,0.001153595745563507,0.07216446846723557,0,0,0,512,0,0,512,0,0,,,,,,,,,,,,,,0.16530634392984211,0995f471de8c992a0460091a2ddbb45e:0:0,46b7b4a5ed0f15c7f691eb6dbab542dc:0:0,8fd048ae66dfea2a947f32f4141d3f5e:0:0,ec36f8b05b8cd7b9a63eb459b213cb8f:0:1091149117,c8ef55896cc4f6fd3ffc59477c00d3a2:1:3274933297,1.0
3280,1,480,1,legacy,8.409015025041738e-05,0.0,2.7147884026809557,46.780662931269035,0.004900538828223944,0.0365234375,-0.0018269114661961794,0.0026208890485577285,0.010195459239184856,0.07220634818077087,0,0,0,512,0,0,512,0,0,,,,,,,,,,,,,,0.165596392005682,0995f471de8c992a0460091a2ddbb45e:0:0,51ea304c7703bad7a4da40f0b4440794:0:0,1eee43560a2dfc2a33c6820b5530c2a8:0:0,60d96b94b2ddc0110432d09f63184e8f:0:3314458212,854948d1f9f08d3143cbf33a4713c9ff:0:3748766311,1.0
3281,1,481,1,legacy,8.36393989983306e-05,0.0,2.663483207342263,46.85976796899922,0.0015030807117000222,0.107421875,-0.0021149641717784105,0.002970306889619678,-0.053986482322216034,0.07235464453697205,0,0,0,512,0,0,512,0,0,,,,,,,,,,,,,,0.16354175005108118,0995f471de8c992a0460091a2ddbb45e:0:0,fe2b99a562974e6f6def2a3091becf78:0:0,30cec985904d91f93bbe0d7109e9a1ac:0:0,4c8be0405e07471e31b75e2fa950d18f:0:4073861031,10a5cd89a47a6e5e01a316f9994ae717:0:2433772983,1.0
3282,1,482,1,legacy,8.318864774624373e-05,0.0,2.6665227203786657,46.71269434620626,0.008004940114915371,0.06953125,0.0013859005412086844,0.00253651503007859,-0.0025036546867340803,0.07082202285528183,0,0,0,512,0,0,512,0,0,,,,,,,,,,,,,,0.16537689696997404,0995f471de8c992a0460091a2ddbb45e:0:0,61eeac1b8125c2499b510779b334244f:0:0,037834b088e90bc7728cbf26f9fa9d3f:0:0,541af1ee928edea43b5e1c48b4bd548f:0:2622577530,3a81e5b11aa65b42a630797e52b83ddf:1:2591453894,1.0
3283,1,483,1,legacy,8.273789649415695e-05,0.0,2.668082690164898,46.5661158086732,0.003357148729264736,0.0072265625,-0.000718968128785491,0.002413862897083163,0.0061833616346120834,0.06934981793165207,0,0,0,512,0,0,512,0,0,,,,,,,,,,,,,,0.16302144690416753,0995f471de8c992a0460091a2ddbb45e:0:0,f9ebf3a70ed56da2a19dbaed63a3965f:0:0,a577e92d4357ad8f298bcdaa600b0fe8:0:0,8dc3bf842b88bb4a81f8c568b55dd78f:0:2480582040,521eb90c0839670a5db0afc0ed8d47f5:1:1108340986,1.0
3284,1,484,1,legacy,8.228714524207014e-05,0.0,2.6613242398436086,46.568089874926955,0.008858732879161835,0.116015625,-0.0034652854781597854,0.0024545214721001683,-0.004948877263814211,0.06999067962169647,0,0,0,512,0,0,512,0,0,,,,,,,,,,,,,,0.1648221000796184,0995f471de8c992a0460091a2ddbb45e:0:0,22969393f6c9ade76f9e0fb0950f7150:0:0,17d9c69ca09bc8de1f47f4de126dee23:0:0,136a209d8447b1b869dc0f4ddb325a8f:0:2007720701,a41afb3b0df99a728dbc2de25d7ab60a:1:1822966166,1.0
3285,1,485,1,legacy,8.183639398998333e-05,0.0,2.660882843444921,47.094587271567434,0.0034569757990539074,0.0892578125,-0.0012118891347199679,0.0024807173176668584,-0.0030568712390959263,0.07041843235492706,0,0,0,512,0,0,512,0,0,,,,,,,,,,,,,,0.16411289595998824,0995f471de8c992a0460091a2ddbb45e:0:0,48e099e94eb47f2f319737dde9a02245:0:0,da5e883a1ec6efd7883d3092d863bd75:0:0,d478b89f241feaeb3e22aaf6563add8f:0:3499314065,2300ae37105ec18b136849521947494b:0:3224398055,1.0
3286,1,486,1,legacy,8.13856427378965e-05,0.0,2.666748644512412,46.974745992338285,1.4658784493803978e-05,0.009765625,0.0004091010661795735,0.0024432704434730113,0.0057226442731916904,0.06983958184719086,0,0,0,512,0,0,512,0,0,,,,,,,,,,,,,,0.16521333798300475,0995f471de8c992a0460091a2ddbb45e:0:0,2816c3badeda770cdb8fc7019e946883:0:0,2d5c1b52ab0f496a874d27f5d1aa75e9:0:0,01c901ab3397d9f647f044a05677608f:0:1178158347,031b78dc9de4e3359c288f27f934ad71:0:2670983163,1.0
3287,1,487,1,legacy,8.093489148580969e-05,0.0,2.6614027671698235,46.93106504273601,3.1990930438041687e-06,0.001171875,2.791627775877714e-05,0.0023183868499472736,-0.003970558289438486,0.06802570819854736,0,0,0,512,0,0,512,0,0,,,,,,,,,,,,,,0.16496683901641518,0995f471de8c992a0460091a2ddbb45e:0:0,195787e2e0a31668f403bdddbf695dcc:0:0,9c6a940af58705e4098d1f89fb09d01d:0:0,dcd1547297ae1d5d19b483ca0be7e38f:0:3417272632,2c4f6aa91f354784fdbb98a1fad174ec:1:1830436510,1.0
3288,1,488,1,legacy,8.04841402337229e-05,0.0,2.6588357979985107,47.098831087350845,0.0040080007165670395,0.084375,-0.003571896580979228,0.002422373881563544,-0.005027861334383488,0.06955165416002274,0,0,0,512,0,0,512,0,0,,,,,,,,,,,,,,0.16626249498222023,0995f471de8c992a0460091a2ddbb45e:0:0,880d4fdbe4bc11f0e3bd2e36be932998:0:0,d2c3d615b4a52539a5797e06caaa27d4:0:0,bbf33c77772636380e6e0b31a68c668f:0:3709552297,30f40e58db3f6ea2a406a6607809ef14:0:459886378,1.0
3289,1,489,1,legacy,8.003338898163604e-05,0.0,2.6644982065293528,46.90329149016179,0.008233901113271713,0.0572265625,-0.003921027900651098,0.0024530688184313475,0.005219574552029371,0.0699525848031044,0,0,0,512,0,0,512,0,0,,,,,,,,,,,,,,0.1663182880729437,0995f471de8c992a0460091a2ddbb45e:0:0,2ff500085d39a36eac002b83184881a5:0:0,a3f7d54a1bf530c03bfbcce3a4bc4b07:0:0,6b5031b3d8193f52fced78d55664e98f:0:2675292005,39a9aed3d3ef69550125c4e8316dfde5:0:1388372529,1.0
3290,1,490,1,legacy,7.958263772954926e-05,0.0,2.6642095900611578,46.846734546124935,0.0006873144302517176,0.0294921875,-0.000704765715636313,0.0023335639853030443,0.0005965091986581683,0.0682998076081276,0,0,0,512,0,0,512,0,0,,,,,,,,,,,,,,0.1704416429856792,0995f471de8c992a0460091a2ddbb45e:0:0,63ae5eed898f6302ca71420ab9397326:0:0,d33fbe26986d492081b5f6a420347d6c:0:0,51cf67e5f1530e761f1865f34b716c8f:0:640652525,394a06a81afc6502608e0b392df8ddda:1:3814811408,1.0
3291,1,491,1,legacy,7.913188647746245e-05,0.0,2.665555166710006,46.520540927303955,0.007572379428893328,0.0373046875,-0.0025497113820165396,0.0024508200702257456,0.001651691971346736,0.0699995681643486,0,0,0,512,0,0,512,0,0,,,,,,,,,,,,,,0.1710296489764005,0995f471de8c992a0460091a2ddbb45e:0:0,a1ee77669c2ee11851935a1dce9e98d8:0:0,17de607d39b2f11592d6c6393d5e7205:0:0,109c4838bb4f6a092d2c6709b5b1ef8f:0:1675297523,f64c88843304e9a76943c5378968e01a:1:4168773021,1.0
3292,1,492,1,legacy,7.868113522537564e-05,0.0,2.665301281977019,46.676390775246546,0.007668565958738327,0.052734375,-0.0029330385848879816,0.0025064891087822616,4.488509148359299e-06,0.07079316675662994,0,0,0,512,0,0,512,0,0,,,,,,,,,,,,,,0.1385555020533502,0995f471de8c992a0460091a2ddbb45e:0:0,40e6a5b5a8bd9c40f29977ac619e86b7:0:0,41db550106f3adbdeef40d4815bc5782:0:0,f5100ace3ff63d40ad020bd6c526728f:0:3230664903,515b0658ca62eef519f2131760048490:0:1722176650,1.0
3293,1,493,1,legacy,7.823038397328881e-05,0.0,2.6656537612023303,46.778315491974354,0.0012006841134279966,0.0,9.092791005969048e-05,0.0021884517278522252,0.00043159350752830505,0.06614497303962708,0,0,0,512,0,0,512,0,0,,,,,,,,,,,,,,0.11140828905627131,0995f471de8c992a0460091a2ddbb45e:0:0,5c837e471f750f3ef7f4c811a6284189:0:0,32ebe8a2203dd8ad39fc74aa3a2b6b3a:0:0,8abda20e1e80f505754fdf58a9cef58f:0:2916319266,947d1f4f5bf060a925373dc9d0015bfd:0:878676442,1.0
3294,1,494,1,legacy,7.777963272120203e-05,0.0,2.664312917420962,46.50482515571639,0.000764753669500351,0.0375,-0.0006724616046994925,0.002496710361447185,-0.0017413317691534758,0.07065325975418091,0,0,0,512,0,0,512,0,0,,,,,,,,,,,,,,0.13001637998968363,0995f471de8c992a0460091a2ddbb45e:0:0,5552ce63e33a313410393ff77226dc80:0:0,f205613761bb16836f43a08baf9e2598:0:0,3dd7d0b9b23e6fc664ed67cd93ab788f:0:781365877,416690b16b8bef68232ab0352e5d2c23:0:3276497484,1.0
3295,1,495,1,legacy,7.732888146911522e-05,0.0,2.663324818208935,46.42734863446094,9.475986007601023e-05,0.0583984375,-0.0009874856565147637,0.002347174845635891,-0.001960053574293852,0.06848437339067459,0,0,0,512,0,0,512,0,0,,,,,,,,,,,,,,0.12708836200181395,0995f471de8c992a0460091a2ddbb45e:0:0,2e0c9b30b8cf6470b71871ecee35b6f1:0:0,1364d5d178647613f3f6f70ad62a2d5f:0:0,98de14dc47362a644e1626b3b2bbfb8f:0:3218487111,1b59989ff77bdec87551b05c6c2a64e1:0:2780307619,1.0
3296,1,496,1,legacy,7.687813021702841e-05,0.0,2.667072453505194,46.41246059909463,0.007154582533985376,0.062890625,-0.002545398403890431,0.002378196141216904,0.004041829612106085,0.06893546134233475,0,0,0,512,0,0,512,0,0,,,,,,,,,,,,,,0.1123290789546445,0995f471de8c992a0460091a2ddbb45e:0:0,9c9ca12c6ad3b3f4245a88ef66b087c2:0:0,624e49177e43cb37f6d6fe5d63236b0d:0:0,14f47becc6f6946815ac98c937007e8f:0:940230425,98616e048914810bd3750c8b0eb91147:0:1042200129,1.0
3297,1,497,1,legacy,7.642737896494157e-05,0.0,2.6694575386234183,46.70843510539271,0.003137325868010521,0.0595703125,-0.0032580439234152435,0.0024249483598396183,0.0038984850980341434,0.0696054995059967,0,0,0,512,0,0,512,0,0,,,,,,,,,,,,,,0.11151651199907064,0995f471de8c992a0460091a2ddbb45e:0:0,4c3f130d76d262a540f1d10efe478c9d:0:0,dc35cf346ed1d2153bc8c1c12260c884:0:0,b56917134a25b5b3067d360c5079018f:0:150524645,34e158c1d249830368af966a421d0363:0:50520694,1.0
3298,1,498,1,legacy,7.597662771285476e-05,0.0,2.6622285122499267,47.16186865698546,0.0029696449637413025,0.0310546875,9.433026425540448e-05,0.002337967325001955,-0.007269931957125664,0.06829019635915756,0,0,0,512,0,0,512,0,0,,,,,,,,,,,,,,0.14316954195965081,0995f471de8c992a0460091a2ddbb45e:0:0,04bfde1074167ffc8bf8f38efaa2ce79:0:0,86b3e4d75921bb2f55142e6ae1d9f524:0:0,842a70b400b68fd9588171bb2f25848f:0:2546566571,c88de86ccb5c4cf1e5ddffcfd56b3191:0:99141517,1.0
3299,1,499,1,legacy,7.552587646076798e-05,0.0,2.6617906331151278,46.93930508219637,0.004261331632733345,0.0861328125,-0.00416769664734602,0.0022363349096849562,-0.0018386601004749537,0.06685614585876465,0,0,0,512,0,0,512,0,0,,,,,,,,,,,,,,0.13457717199344188,0995f471de8c992a0460091a2ddbb45e:0:0,a4f7a06797fa49087c2055af61bf1e09:0:0,4916b1888ce7f495ebc19be9d4d0df13:0:0,a5a61555eaf0e556ec22ba540306078f:0:2163538801,5665f093fefb96daadf6c709677100b5:1:1421049820,1.0
3300,1,500,1,legacy,7.507512520868117e-05,0.0,2.6667555335294226,46.97056072182022,0.003672404680401087,0.0287109375,-0.0019010348711162805,0.0026294625946320592,0.00566492136567831,0.07246842980384827,0,0,0,512,0,0,512,0,0,,,,,,,,,,,,,,0.10829708096571267,0995f471de8c992a0460091a2ddbb45e:0:0,1f13989746bd45ff5bdd35fecdb6322e:0:0,739e096227ce7318a55f38a73f2b236d:0:0,411428eae8c450ce397d7994fc1a8a8f:0:3661723753,c60ad95fd8400cf64a3ba21df0a0da0e:1:3181450352,1.0
3301,1,501,1,legacy,7.462437395659434e-05,0.0,2.656401152619408,47.4072017124854,0.0012948977528139949,0.0486328125,-0.0009924743324518203,0.0025548846228048206,-0.009449725970625877,0.07130412012338638,0,0,0,512,0,0,512,0,0,,,,,,,,,,,,,,0.10492972598876804,0995f471de8c992a0460091a2ddbb45e:0:0,b31a2330c146a564651c88c3583b161a:0:0,c2f657c48030ca44621435943cbc017d:0:0,9f5a7d9bb32ad68173a4147c4a630d8f:0:3488781238,f418cd406bef2f092cc70cc72d886d70:1:3338538042,1.0
3302,1,502,1,legacy,7.417362270450753e-05,0.0,2.6496402011575593,47.16134949121624,0.0031396327540278435,0.091796875,-0.005076601705513895,0.0026347702601924538,-0.008606793358922005,0.07245967537164688,0,0,0,512,0,0,512,0,0,,,,,,,,,,,,,,0.10597773198969662,0995f471de8c992a0460091a2ddbb45e:0:0,131cc5e00a3c69efd46336bb9bc2cb92:0:0,293afa2ca148b19c50b3df059c82dca8:0:0,90c241b964aa5a35dfe1eb481ddf908f:0:395795627,7ddc38670d623bd62b52445fa092f2d2:1:1541509640,1.0
3303,1,503,1,legacy,7.372287145242072e-05,0.0,2.6544371032970506,46.937687357421964,0.003719952190294862,0.003125,0.000616535497829318,0.002442105603404343,0.004106083419173956,0.06984782963991165,0,0,0,512,0,0,512,0,0,,,,,,,,,,,,,,0.10661449399776757,0995f471de8c992a0460091a2ddbb45e:0:0,f85c6fd7d2d8e7b6000f059da69d2713:0:0,25be57cead3a590f055410d3c3efc567:0:0,17e0de8b4a4fa3b160fe5976a690138f:0:4088984639,0083a6ef0b8f51d2525691bf07649ddc:1:1389705040,1.0
3304,1,504,1,legacy,7.327212020033388e-05,0.0,2.65382859550276,47.390506585361436,0.0010523161618039012,0.0359375,-0.0014241216704249382,0.002329509099945426,0.0009295686613768339,0.06824930757284164,0,0,0,512,0,0,512,0,0,,,,,,,,,,,,,,0.1089253380196169,0995f471de8c992a0460091a2ddbb45e:0:0,1a7091e9f461cf31e539f2a587199166:0:0,f93ec60e926eaf968147a0607e491e06:0:0,a58ef88ecdc8dc02367fb5c61474968f:0:2758598181,59cd97c37f6bd087db4bbf232429a357:0:164577802,1.0
3305,1,505,1,legacy,7.282136894824708e-05,0.0,2.6514056081293997,46.882254705997184,0.0011536948150023818,0.027734375,-0.002181014232337475,0.002463679341599345,-0.0023095253854990005,0.07016890496015549,0,0,0,512,0,0,512,0,0,,,,,,,,,,,,,,0.12917935498990119,0995f471de8c992a0460091a2ddbb45e:0:0,25d1c2a04fba6d496ace30924c04c0d1:0:0,6286e095f61d75e2c90f33a17cf64d38:0:0,012dca9c6390adc0efee5234978d198f:0:4005796008,a0e0f32937f7e617be674ee2d724ddad:1:3420508987,1.0
3306,1,506,1,legacy,7.23706176961603e-05,0.0,2.6553149888572594,47.199080110294744,0.0015100621385499835,0.0541015625,0.00046560685150325297,0.002142301754793152,0.00355512578971684,0.06543102860450745,0,0,0,512,0,0,512,0,0,,,,,,,,,,,,,,0.13134046900086105,0995f471de8c992a0460091a2ddbb45e:0:0,055063a81dd0019f61d0b9b4d652da61:0:0,a3f03e4d7e17715558eefe3c6e8cf337:0:0,0af79f738566727c94177c005fd99c8f:0:3887610076,397b65ede25ce9fbc6d71a586c88db37:1:3409182385,1.0
3307,1,507,1,legacy,7.191986644407348e-05,0.0,2.6529334780026255,46.97933853021823,0.004338144324719906,0.0265625,-0.0002579146530479193,0.002745691093150526,-0.00189220963511616,0.07408638298511505,0,0,0,512,0,0,512,0,0,,,,,,,,,,,,,,0.10609525698237121,0995f471de8c992a0460091a2ddbb45e:0:0,e544f4a6c25fddf4dcdefd689f21607f:0:0,22138c3901a95eb1db0651958cfb8f28:0:0,d6ae77a4e19b1780fc507ba79d5a1f8f:0:4032830438,0a1a20f9bef9d2b750a3a7ca48ca8dd2:1:1454268876,1.0
3308,1,508,1,legacy,7.146911519198665e-05,0.0,2.6525804579040813,47.20102340215817,0.003719016909599304,0.0291015625,-0.0013869788497686386,0.002383713168092072,-0.001022380543872714,0.06903434544801712,0,0,0,512,0,0,512,0,0,,,,,,,,,,,,,,0.11643488705158234,0995f471de8c992a0460091a2ddbb45e:0:0,8d61686a3b9282f9c8e7cdb558b89cc2:0:0,bc1c4add13e5f8efee660a96c8fe96ba:0:0,fbc4a3e10b05a42763b994e8800ea28f:0:1643437094,f9307308ad7fb5387658bbaab66ca4d8:0:1034101384,1.0
3309,1,509,1,legacy,7.101836393989984e-05,0.0,2.6559693705763063,47.48713974840939,0.0020008140709251165,0.0224609375,0.001266789762303233,0.00271002440713346,0.003728855401277542,0.0735897496342659,0,0,0,512,0,0,512,0,0,,,,,,,,,,,,,,0.1480499890167266,0995f471de8c992a0460091a2ddbb45e:0:0,ece4d6963ec0b85a8d02f2d73bc2498b:0:0,a11f0ac1c893ee792444cddda4db83bf:0:0,a585248f1bbd8be12a8106c137f7258f:0:655762775,d8ca0b7493341a75eb9dcacfe6049840:0:1594289620,1.0
3310,1,510,1,legacy,7.056761268781306e-05,0.0,2.6549988254276675,47.25849015521817,0.003834232222288847,0.080859375,-0.003368663461878896,0.0025456930976361035,-5.4313335567712784e-05,0.0713462084531784,0,0,0,512,0,0,512,0,0,,,,,,,,,,,,,,0.11777897900901735,0995f471de8c992a0460091a2ddbb45e:0:0,bfad432f34faf1f0e91abcbae6c876bd:0:0,3e4881af7698d19d1a09cfd4bf8f554f:0:0,35d2066de604362ccd260b6ff513a88f:0:4112500640,f2be5c01be94eaf6f7783e5322d0c5ee:0:1550198057,1.0
3311,1,511,1,legacy,7.011686143572625e-05,0.0,2.652102347326669,47.667087079025805,0.0023397402837872505,0.071484375,-0.0034576060948893427,0.002472243132069707,-0.002282503992319107,0.07030034810304642,0,0,0,512,0,0,512,0,0,,,,,,,,,,,,,,0.10560161399189383,0995f471de8c992a0460091a2ddbb45e:0:0,394722d63a95dcc4b2f64ffe902ec16c:0:0,9a4b788134584718bb4a7de8dda5eca3:0:0,22a0f8177b1266a50fbbd872e7642b8f:0:707599136,a56f20bfa089105c4910d4e15c1b54f7:1:796805410,1.0
3312,1,512,1,legacy,6.966611018363941e-05,0.0,2.645063383797802,47.57712804712355,0.001818064134567976,0.0068359375,3.1610112637281416e-05,0.0025469735264778137,-0.007830635644495487,0.07123824954032898,0,0,0,512,0,0,512,0,0,,,,,,,,,,,,,,0.11263214598875493,0995f471de8c992a0460091a2ddbb45e:0:0,74a287ed15d64f2a4720a7110cd7972e:0:0,be7da24ffa3b238712b260fbb021fffb:0:0,4e6364bdfec96f5a5d2c9e883ee8ae8f:0:943366761,712cbc0bf3a2dc60c52f92483bbdcd21:1:2180060187,1.0
3313,1,513,1,legacy,6.92153589315526e-05,0.0,2.6538094600672477,47.48605412314646,0.00662114005535841,0.0529296875,-0.004339276347309351,0.002328055980615318,0.006928594782948494,0.06811091303825378,0,0,0,512,0,0,512,0,0,,,,,,,,,,,,,,0.11214719794224948,0995f471de8c992a0460091a2ddbb45e:0:0,8b0d349e62b15111afae5d26959f10fd:0:0,bbb1ffa20648b8d023a3e85a4de36b8f:0:0,88471c95f19357a65a7c89ae2ba1318f:0:4136409482,25f926bfa4fa7500c8ba7106ee1bd08b:0:3321274795,1.0
3314,1,514,1,legacy,6.87646076794658e-05,0.0,2.6523764042786677,46.92255980335176,0.004383203107863665,0.009375,0.0006711835507303476,0.0024795875302515923,0.0016820343444123864,0.07039640843868256,0,0,0,512,0,0,512,0,0,,,,,,,,,,,,,,0.10581819107756019,0995f471de8c992a0460091a2ddbb45e:0:0,a7ccbab370a4cf20f7e39773e8c22ad8:0:0,f869da012a71620fa5a36dc9ba474766:0:0,ad94ca514f0861a9ae0cc122dd8db48f:0:1852985530,6da7183b44289211fa7c3eab3f52f578:1:1867312434,1.0
3315,1,515,1,legacy,6.831385642737896e-05,0.0,2.652586102119744,47.32171519426629,0.005310156848281622,0.019140625,-0.0010308082913979889,0.0022366362100001425,0.0019186731660738587,0.06687075644731522,0,0,0,512,0,0,512,0,0,,,,,,,,,,,,,,0.14844327699393034,0995f471de8c992a0460091a2ddbb45e:0:0,a47d01fbd1d0c64a7504afc6fdbf4f2f:0:0,b775c22058094ea43c31ab216ddc959e:0:0,b0162604183b98a3fade676484ae378f:0:369740122,b9ac89eba7d5170eb271b760bfc813e9:1:4197212276,1.0
3316,1,516,1,legacy,6.786310517529215e-05,0.0,2.656252397729059,46.76461387425661,0.005482798907905817,0.0791015625,-0.0044172144494950775,0.0024119842797517776,0.004226698074489832,0.06941474229097366,0,0,0,512,0,0,512,0,0,,,,,,,,,,,,,,0.10894961201120168,0995f471de8c992a0460091a2ddbb45e:0:0,3343f52816f42dfaa399c398f673893f:0:0,a22f8dd639f8e2b4acfb47c3110541cf:0:0,dc292ffa1bdb52560fd59a315102ba8f:0:4184577685,5c22f16026ecc7d3e02dce62e77625b2:1:902087544,1.0
3317,1,517,1,legacy,6.741235392320537e-05,0.0,2.649568645613376,46.829572663409635,0.0039792610332369804,0.0416015625,-0.0016285267658531666,0.00260810034815222,-0.006719501689076424,0.07214810699224472,0,0,0,512,0,0,512,0,0,,,,,,,,,,,,,,0.10470139898825437,0995f471de8c992a0460091a2ddbb45e:0:0,1c15121c997220bc5bb410c1fece59d1:0:0,44831697754507102be713976712e87a:0:0,b41820a30c9dcd9e4afc7287728b3d8f:0:2435051703,2164ccdd0ef1a62af89dfb3b9806b496:0:3168401719,1.0
3318,1,518,1,legacy,6.696160267111856e-05,0.0,2.652689851238236,46.7853321111761,0.0014883053954690695,0.03203125,-0.0013350402470678091,0.0023980138008482753,0.000870383984874934,0.0692451223731041,0,0,0,512,0,0,512,0,0,,,,,,,,,,,,,,0.10436299699358642,0995f471de8c992a0460091a2ddbb45e:0:0,65bb4c1a05f8aaa8f2be0cc364e7b850:0:0,7556df1add0e64db306dd1296f9539b3:0:0,132db4f937bd587f30c604a51947c08f:0:37665541,f5ed8e7e1747cdf2a9c078d754dcb594:0:3782194506,1.0
3319,1,519,1,legacy,6.651085141903173e-05,0.0,2.656315448878627,46.80490750470199,0.004593442194163799,0.05703125,-0.002727499371394515,0.002420802821870893,0.004197719506919384,0.06954028457403183,0,0,0,512,0,0,512,0,0,,,,,,,,,,,,,,0.13888352899812162,0995f471de8c992a0460091a2ddbb45e:0:0,fc739fd9921d93523b92b8c030549f8f:0:0,2aa1f23bc6f2f7403b173f579734d80f:0:0,0857cfdc7192a7c0375160087538438f:0:3485576181,ed1cebd2d3f734d0efbb378b5de2ea5b:0:1425771313,1.0
3320,1,520,1,legacy,6.606010016694492e-05,0.0,2.6531923430222517,47.13725023902953,0.0033492459915578365,0.0357421875,-0.0008041809778660536,0.0022648182581178843,-0.0026139598339796066,0.06727443635463715,0,0,0,512,0,0,512,0,0,,,,,,,,,,,,,,0.14397444599308074,0995f471de8c992a0460091a2ddbb45e:0:0,542ea4eb0a02a9b7b34c022bb31cf28b:0:0,94ccd30e23cbf9b7fcfb4c2e53193311:0:0,10a1fffa15a74a58c5ac8f6fb65cc68f:0:2102449929,704b3d7c2463916a4363c44fe4003ea2:1:104529027,1.0
3321,1,521,1,legacy,6.560934891485813e-05,0.0,2.6539147924506032,47.34793054522015,0.0019179332302883267,0.1140625,-0.004167421907186508,0.0023917024373076856,-0.0007335111731663346,0.06914933770895004,0,0,0,512,0,0,512,0,0,,,,,,,,,,,,,,0.10697977792005986,0995f471de8c992a0460091a2ddbb45e:0:0,e2859fab4f39e7b5ccb91f61c41a8cab:0:0,7de93df44d5c21f0e8d3bf0faa7dda77:0:0,df5f763841e562d5671798d90cb5498f:0:2447229594,d976b164eb8d191a97e9c6e0eb8df0ff:0:2111705088,1.0
3322,1,522,1,legacy,6.515859766277133e-05,0.0,2.6595121760554146,47.033582808217034,0.00156508875079453,0.03046875,-0.0009128560312092304,0.0022071530343964695,0.005767954979091883,0.06637313961982727,0,0,0,512,0,0,512,0,0,,,,,,,,,,,,,,0.10940427298191935,0995f471de8c992a0460091a2ddbb45e:0:0,6d5fd7f170bb0541cefb88774849f415:0:0,be373ea41da2614989564547e79c3a18:0:0,d90fa969c1d510e732477d82a841cc8f:0:592686502,353c3a72f522c83e2c877c63ec929adb:0:2536033754,1.0
3323,1,523,1,legacy,6.470784641068449e-05,0.0,2.6605258174002326,46.975968580227345,0.00345146213658154,0.0087890625,-0.00015182141214609146,0.0025899977888911964,0.0020094113424420357,0.07195641845464706,0,0,0,512,0,0,512,0,0,,,,,,,,,,,,,,0.10550539393443614,0995f471de8c992a0460091a2ddbb45e:0:0,24cac3ad2a27b9f9e291fb19a1f89ecb:0:0,5716f020d4691ea451bf860595dffcb8:0:0,e147c8856f23354d64a939eab9024f8f:0:4008800214,cf44135481cc6b3a1a46f762f0366e28:0:1552338495,1.0
3324,1,524,1,legacy,6.425709515859768e-05,0.0,2.6579556404813642,47.32556213857606,0.0036176186986267567,0.041796875,-0.0029289214871823788,0.0023711299407295884,-0.002207523910328746,0.06883744150400162,0,0,0,512,0,0,512,0,0,,,,,,,,,,,,,,0.10515958303585649,0995f471de8c992a0460091a2ddbb45e:0:0,33d6db501bba453caf9589aa8a85b4a0:0:0,334041db05970bf362c503919bcf6dca:0:0,b6b0e3eb1ff87a4931a4c5cf6ef6d28f:0:824412277,e48613ea10afaed0c9bca11b2f5d97f8:0:2639886495,1.0
3325,1,525,1,legacy,6.380634390651087e-05,0.0,2.6553333872937035,47.35876445192844,0.0017964206635951996,0.0091796875,-0.00033664307557046413,0.0023762633674778042,-0.0023347262758761644,0.06891794502735138,0,0,0,512,0,0,512,0,0,,,,,,,,,,,,,,0.1092712270328775,0995f471de8c992a0460091a2ddbb45e:0:0,dde292b4972c8a2896743c5f4006a9d9:0:0,6ea818d2cf0fa39dd9c46fc21c328d71:0:0,92493f9d91f2cacbc5e0142efa1f558f:0:918477300,f9e524ca69e391d9702bc17f66b81041:1:658216660,1.0
3326,1,526,1,legacy,6.335559265442404e-05,0.0,2.650152446727317,47.46097821043804,0.006392379757016897,0.0587890625,-0.0035946004092693327,0.0022071031969971957,-0.006036517675966024,0.066335529088974,0,0,0,512,0,0,512,0,0,,,,,,,,,,,,,,0.1175423749955371,0995f471de8c992a0460091a2ddbb45e:0:0,909043499cadd18b15b72867cfa89ae2:0:0,5fd4bddd976de4a5cbaa33bb8590275c:0:0,97f69af819dea28e7e8213478a7bd88f:0:4238158800,416d9371a4567dfb8f3892da992cf40b:0:2314260053,1.0
3327,1,527,1,legacy,6.290484140233723e-05,0.0,2.654794834559125,47.799019527155906,0.00045508425682783127,0.0232421875,0.0001911381259560585,0.002325759665109217,0.0033065304160118103,0.06816232204437256,0,0,0,512,0,0,512,0,0,,,,,,,,,,,,,,0.11260695394594222,0995f471de8c992a0460091a2ddbb45e:0:0,716767e281b3719de3fcc6337922f4f9:0:0,38ae0ed4be5825c521a09d40230cb90a:0:0,b855a57c3c98e1455475ac97500c5b8f:0:665694802,cdaaa6fca186a1f34a759696149057f9:1:3859633826,1.0
3328,1,528,1,legacy,6.245409015025045e-05,0.0,2.6507381563688757,47.771485248813406,0.008524460718035698,0.0744140625,-0.006217612698674202,0.002692437788937241,-0.002379976911470294,0.07336902618408203,0,0,0,512,0,0,512,0,0,,,,,,,,,,,,,,0.10701839590910822,0995f471de8c992a0460091a2ddbb45e:0:0,bcc13f0866a08cc13d96a6aee8c97acd:0:0,31ccb0fd5de5d298681380029dd499c2:0:0,bee4c312b4cd0b1b7bacc4dc7ad0de8f:0:261987387,0ce20615cfef741e1346407dd5286848:1:3287582925,1.0
3329,1,529,1,legacy,6.200333889816364e-05,0.0,2.6518139715558275,47.373023082036525,0.006501906551420689,0.1171875,-0.009567252174019814,0.0025995126459747555,0.0005087726749479771,0.07209313660860062,0,0,0,512,0,0,512,0,0,,,,,,,,,,,,,,0.10577987704891711,0995f471de8c992a0460091a2ddbb45e:0:0,d077a73bdaaa5b2840c2d8b51549855d:0:0,ca2d60de074fbba548de2a3ea624fe44:0:0,cdd84bb8cb8f20aa36633c153ac9618f:0:1861598760,1224acc8afbd9e84b860eaeaa1c75399:1:3668198498,1.0
3330,1,530,1,legacy,6.15525876460768e-05,0.0,2.651022733139034,47.17157687409781,0.0033169975504279137,0.1083984375,-0.007768143550492823,0.0025158582138828933,-0.0006894457619637251,0.0709255114197731,0,0,0,512,0,0,512,0,0,,,,,,,,,,,,,,0.13498232199344784,0995f471de8c992a0460091a2ddbb45e:0:0,9edf27bc5ef991aeec69b4026874555c:0:0,f8bd295228ffc1195a9f526ca891a9de:0:0,08556a424f1b7899dc61ed7fbff5e48f:0:3037536719,0d034523cf98bbcf0e958a7449027f2b:0:2155010538,1.0
3331,1,531,1,legacy,6.110183639398999e-05,0.0,2.65132662421511,47.644257463980466,0.0010537762427702546,0.0560546875,5.753394216299057e-05,0.0025360727333463727,0.00029274594271555543,0.07121310383081436,0,0,0,512,0,0,512,0,0,,,,,,,,,,,,,,0.14003149699419737,0995f471de8c992a0460091a2ddbb45e:0:0,780282bee4e90fb4de8110412a0bcd3a:0:0,a41cb5a51c9cf977d35d0400f8d675f1:0:0,fa95a2cddb52451d1641af9a3a56678f:0:3008378207,439d1507a1dcc370215faf2269fc88b1:0:1270964930,1.0
3332,1,532,1,legacy,6.0651085141903184e-05,0.0,2.6566504703975773,47.60402447427623,0.004350984003394842,0.1279296875,-0.005891325278207659,0.0023791184299625455,0.004979060962796211,0.06892857700586319,0,0,0,512,0,0,512,0,0,,,,,,,,,,,,,,0.11108696099836379,0995f471de8c992a0460091a2ddbb45e:0:0,f29782f1e74d3efeac6b049475a3b7b4:0:0,64fc742477bcccfd283c17b0d3af22e6:0:0,26bd0af892cfaf764cae5422d9eaea8f:0:4239722927,4fc35007fe68ba203edc3aaa404d7a53:1:3087953443,1.0
3333,1,533,1,legacy,6.02003338898164e-05,0.0,2.6587856147732967,47.32074294006452,0.004208072554320097,0.034765625,-0.0027039381267968563,0.002393091912381351,0.0030780169181525707,0.06914981454610825,0,0,0,512,0,0,512,0,0,,,,,,,,,,,,,,0.113453948055394,0995f471de8c992a0460091a2ddbb45e:0:0,a4ed191e07664e3be7268b27be294484:0:0,4a0ce2160de907713a23ed5c9892d43d:0:0,b47bbafbd5ccb3b74ba9a817ceb36d8f:0:2539707390,31b38e89c59513845c1f40e03ea5d7bc:0:1132911308,1.0
3334,1,534,1,legacy,5.974958263772954e-05,0.0,2.664258406894172,47.15533151756972,0.003966950811445713,0.0041015625,-0.00019621760584414004,0.0023756026523187755,0.006074354983866215,0.06885236501693726,0,0,0,512,0,0,512,0,0,,,,,,,,,,,,,,0.1075504309264943,0995f471de8c992a0460091a2ddbb45e:0:0,3e52122a43c1642a292e4338fff647cb:0:0,35cb3adcce27c3a35175586144aa4983:0:0,ea0186def54026eb19ce73b748aff08f:0:4093467247,10288a1cd9825ee2816ae83f78fd37ae:0:3373540898,1.0
3335,1,535,1,legacy,5.929883138564276e-05,0.0,2.652143798061201,46.89395708264783,0.0005302503705024719,0.0220703125,-8.963281288743019e-05,0.002339399140328169,-0.010957874357700348,0.06812281161546707,0,0,0,512,0,0,512,0,0,,,,,,,,,,,,,,0.12173252296634018,0995f471de8c992a0460091a2ddbb45e:0:0,ecc47b4323a3951160628a3299dbe9a0:0:0,6376649749eb2edb1dc5e7bb127a645d:0:0,544960fc550291da03937a7f77e0738f:0:387099326,2b0c973af0ec78b32601e1639abc7195:0:1233339229,1.0
3336,1,536,1,legacy,5.884808013355595e-05,0.0,2.6554279566760473,47.00549602857791,0.003940874710679054,0.096484375,-0.0068462792783975605,0.0022017259267158805,-0.00034377514384686947,0.06633277237415314,0,0,0,512,0,0,512,0,0,,,,,,,,,,,,,,0.1501543290214613,0995f471de8c992a0460091a2ddbb45e:0:0,43e596b941435f39f410e704df64ebdc:0:0,cd3b8811102dbc30110b950c973a13bc:0:0,b155d278e702ca97da8e7b2e8c44f68f:0:2506536035,4f01483f1dd63db76e4cd83d4efa5baf:1:2361590825,1.0
3337,1,537,1,legacy,5.839732888146917e-05,0.0,2.6560419464831417,46.826996258459985,0.003655578475445509,0.046484375,-0.003032508888281882,0.0023984743747860193,0.0008510012994520366,0.06925157457590103,0,0,0,512,0,0,512,0,0,,,,,,,,,,,,,,0.14432076807133853,0995f471de8c992a0460091a2ddbb45e:0:0,b681d4f50ee2f8fbcbeeda7a5faf3940:0:0,134c9882bd17932ecd391fc747be449d:0:0,89fdda2a63e4770c68b72fc2b5dd798f:0:898515872,ec669e1cf68e704be9328d869fe2cdd8:1:2860675917,1.0
3338,1,538,1,legacy,5.7946577629382304e-05,0.0,2.6557735344124875,46.41533348476514,0.004944841377437115,0.013671875,-0.00038055372424423696,0.0021403699240181593,-0.0003734691417776048,0.06542055308818817,0,0,0,512,0,0,512,0,0,,,,,,,,,,,,,,0.11593993799760938,0995f471de8c992a0460091a2ddbb45e:0:0,f3f38237960fb9364feb67d588ab62ad:0:0,0b5a5fa130dce8d297494cf325f7e120:0:0,ba538df822ace2a617aa4d7a24a9fc8f:0:34084884,17116974ac8e71cc4098ea20a2046a86:0:1388071962,1.0
3339,1,539,1,legacy,5.749582637729552e-05,0.0,2.6534656150059384,46.74446157878265,0.004662716761231422,0.0931640625,-0.0027252739295363427,0.0022818407625891267,-0.0026949774473905563,0.06752462685108185,0,0,0,512,0,0,512,0,0,,,,,,,,,,,,,,0.12831809592898935,0995f471de8c992a0460091a2ddbb45e:0:0,58afdd633b633240cb42e93a31af4641:0:0,ec131d558ba47f82120c04abc012aea9:0:0,59448d37f16dd166cbec84d308aa7f8f:0:515614282,f774fd9d51b1c9b3748de23f5c247b71:1:533265680,1.0
3340,1,540,1,legacy,5.7045075125208714e-05,0.0,2.6584914582635997,46.47441051201895,0.0028327126055955887,0.0685546875,-0.002929315157234669,0.002252876095008105,0.004700983874499798,0.06707319617271423,0,0,0,512,0,0,512,0,0,,,,,,,,,,,,,,0.15303548402152956,0995f471de8c992a0460091a2ddbb45e:0:0,5b28990b432b871738f78e035943b7d2:0:0,6a303a78a004e700f407db289c0f9faa:0:0,28b65b17d4293a7af42d818b91df028f:0:1031218934,bc0cd20d9a61cf3e3b600a5372db5bb4:0:2965229941,1.0
3341,1,541,1,legacy,5.659432387312188e-05,0.0,2.672891767674029,46.56085203168914,0.006983144208788872,0.00546875,-0.0002831938676536083,0.0025920960470102727,0.015658291056752205,0.07157697528600693,0,0,0,512,0,0,512,0,0,,,,,,,,,,,,,,0.11120808299165219,0995f471de8c992a0460091a2ddbb45e:0:0,d51406cb682644de26e3b01f4c6bc35b:0:0,9be34eba2cea7f34a2a76b2ed66920d1:0:0,7642f6031574148acc8aeaa1f047858f:0:698124333,f34efa1838042ee3aaf2501c1161cdb2:1:2613747778,1.0
3342,1,542,1,legacy,5.614357262103507e-05,0.0,2.6660937703282874,46.51876142597757,0.0011405580444261432,0.019140625,-0.0007571415044367313,0.0022300331736914815,-0.0012837020913138986,0.06676392257213593,0,0,0,512,0,0,512,0,0,,,,,,,,,,,,,,0.16411951498594135,0995f471de8c992a0460091a2ddbb45e:0:0,881097e0d204cd373da2e26d205ff358:0:0,6bccf0f3370e3d3ffad7f6c15cc45932:0:0,0ca783509da99df5d5d3625453e4088f:0:1529781280,248dae15f55e77147358bf8b69cdf65e:0:2771118728,1.0
3343,1,543,1,legacy,5.569282136894826e-05,0.0,2.669025799513947,46.170904277823865,0.0003529334207996726,0.00078125,0.0005340049043297768,0.0023520595044828952,0.0018323869444429874,0.06857657432556152,0,0,0,512,0,0,512,0,0,,,,,,,,,,,,,,0.16858782002236694,0995f471de8c992a0460091a2ddbb45e:0:0,1229cec3443f0388b7cb6c4131365293:0:0,3b3ae1b7b7d2f7f64923862557261695:0:0,8890ec9e11cbcb2880c98620ecb48b8f:0:3210727465,37fe577302f1810f5c449ce1d9acbbd7:1:3603127766,1.0
3344,1,544,1,legacy,5.524207011686148e-05,0.0,2.6691486865382035,46.58982181572355,0.0026819114573299885,0.0419921875,-0.0015684761106967925,0.0023865175084210933,-0.00019192410400137305,0.06908032298088074,0,0,0,512,0,0,512,0,0,,,,,,,,,,,,,,0.17302107193972915,0995f471de8c992a0460091a2ddbb45e:0:0,855f9fc21c8852f13a1459b8440484b4:0:0,59aa4ad2dbbe5c9f3b0e5778c47bb2b5:0:0,bc70453aca78c53c0d66eec5eab90e8f:0:1476280707,e8940b363279ac33df30fdecf8b6f08c:1:3913135794,1.0
3345,1,545,1,legacy,5.479131886477464e-05,0.0,2.6689863411933255,45.93159152427688,0.002110311994329095,0.1119140625,-0.004341399855911731,0.002103564667049795,-0.0003425865725148469,0.06485263258218765,0,0,0,512,0,0,512,0,0,,,,,,,,,,,,,,0.1744632190093398,0995f471de8c992a0460091a2ddbb45e:0:0,8642c33da37cc6974f3b1578285a6700:0:0,cdfab439c43ad1a0d72861b04615cdcc:0:0,bf70592345a8a3109e1f30417df1918f:0:3536089266,5ce9d1bb6ad980a903f0535508e509df:1:2031283390,1.0
3346,1,546,1,legacy,5.434056761268781e-05,0.0,2.671811622786226,46.525837562512606,0.0016711173811927438,0.0189453125,-0.00019753174856305123,0.002602724847383797,0.001599830575287342,0.07212864607572556,0,0,0,512,0,0,512,0,0,,,,,,,,,,,,,,0.17264183110091835,0995f471de8c992a0460091a2ddbb45e:0:0,bfffcc120647a4e3700f1432e806ce38:0:0,390eaac7434794a86154001bee90bb13:0:0,9d2ab37d4b31c7117f22d9d1d65e148f:0:1497030567,8ce45b8adec6191fae1dfc7ceb3508fe:1:3334365756,1.0
3347,1,547,1,legacy,5.3889816360601025e-05,0.0,2.6711818258813755,46.04477874818258,0.0024940662551671267,0.0603515625,-0.004411354660987854,0.002436571568250656,-0.0006900746957398951,0.06980213522911072,0,0,0,512,0,0,512,0,0,,,,,,,,,,,,,,0.177997485967353,0995f471de8c992a0460091a2ddbb45e:0:0,648ed6844590f2d2666cfb8354aabb87:0:0,0610b414bdff23dcbd8eff6919d187a3:0:0,abceb77a945d8bd3a1a275f523fe978f:0:2750277831,f219f09a04046a76548755fe519b16f1:0:1776965189,1.0
3348,1,548,1,legacy,5.3439065108514244e-05,0.0,2.6638284557450485,46.242757473373786,0.0032568853348493576,0.072265625,-0.0022917366586625576,0.0022346401296090336,-0.007633126340806484,0.0667421892285347,0,0,0,512,0,0,512,0,0,,,,,,,,,,,,,,0.15168261097278446,0995f471de8c992a0460091a2ddbb45e:0:0,e5d713751ef633b13924e237ebcecf92:0:0,37019aff05ccdfb3ec663378f5be2cc3:0:0,b9a14337622229be4b118a6996d31a8f:0:628872132,afe6f0c639cc476b9d6e53db9853d58d:1:1672754162,1.0
3349,1,549,1,legacy,5.298831385642741e-05,0.0,2.6663338386295687,46.11145930830389,0.0015775620704516768,0.00078125,4.20071417465806e-05,0.002368486684281379,0.0005485257715918124,0.06880567222833633,0,0,0,512,0,0,512,0,0,,,,,,,,,,,,,,0.13762237806804478,0995f471de8c992a0460091a2ddbb45e:0:0,125b9e6fde11240b3d6fbb04c40e43ad:0:0,694fc66cf58ce0f886c3cddc0f879589:0:0,9ff51fc80be1ffedf869982d5edb9d8f:0:3400168644,2819d73ac64c292bf2caa90ffdb0c0a9:1:1622586591,1.0
3350,1,550,1,legacy,5.253756260434057e-05,0.0,2.670688394673605,46.075987024232745,0.0003870694199576974,0.0,9.290012530982494e-05,0.00251596492016688,0.005073074251413345,0.07089375704526901,0,0,0,512,0,0,512,0,0,,,,,,,,,,,,,,0.1096733680460602,0995f471de8c992a0460091a2ddbb45e:0:0,9bd4c1b6ed5a51f353659cb737152bc7:0:0,bb7a50957338a8c9af2c45408222133f:0:0,bd78cb6831dbaa81756d1b7eac18208f:0:2687318919,407ab8de2d9e8490c9965c600ffca90a:1:765102572,1.0
3351,1,551,1,legacy,5.208681135225379e-05,0.0,2.671117600383611,46.08100636396557,0.0031536160968244076,0.01796875,-0.0005688223987817764,0.0024991983780637385,0.0016613570041954517,0.07068774104118347,0,0,0,512,0,0,512,0,0,,,,,,,,,,,,,,0.11057694302871823,0995f471de8c992a0460091a2ddbb45e:0:0,05be6b8280731a5ba514991dc38eba43:0:0,b0037141c2e730ec7ad6b0d8d8e8cbc2:0:0,b147b1d3e2c1908127ea8bdbae88a38f:0:2693055635,6e416caf8a807e86b45ac9d1790af5fb:0:1901162427,1.0
3352,1,552,1,legacy,5.1636060100166954e-05,0.0,2.669348343717094,46.16877227090299,0.00975493062287569,0.0130859375,0.0002394815906882286,0.002118992537725717,-0.001191511983051896,0.06509039551019669,0,0,0,512,0,0,512,0,0,,,,,,,,,,,,,,0.11481043102685362,0995f471de8c992a0460091a2ddbb45e:0:0,2197ebfb5610d65cf944512ee0d4aea6:0:0,33391985a7b561c6dadec5cc3034fc3e:0:0,3cfc9a72ab3ad3908eff5c02962d268f:0:3930022919,b2ec352e2b377527153a2962f044ab60:0:3301816125,1.0
3353,1,553,1,legacy,5.118530884808012e-05,0.0,2.6651621741289904,46.654450782807544,0.001693017897196114,0.0201171875,-0.0002504142466932535,0.00264162584207952,-0.004858406260609627,0.07264065742492676,0,0,0,512,0,0,512,0,0,,,,,,,,,,,,,,0.11242141702678055,0995f471de8c992a0460091a2ddbb45e:0:0,44039b40c5503cf91bd4e5bb198888fc:0:0,c348233ce0037089f75f4bf1754648d9:0:0,66d0135a305acb99f65af9f19305a98f:0:2947615560,5c51187d2a1855d2e39641426e42ffec:1:3042213247,1.0
3354,1,554,1,legacy,5.073455759599334e-05,0.0,2.6707754193686526,46.56953613739461,0.005164362955838442,0.0130859375,-0.0002473840955644846,0.002602460386697203,0.0044355448335409164,0.0721004456281662,0,0,0,512,0,0,512,0,0,,,,,,,,,,,,,,0.12994923803489655,0995f471de8c992a0460091a2ddbb45e:0:0,86e9cd5b2d8913046ba830ebb60893f8:0:0,6c1d85d5f88f3b6a0059c65d6dc2498c:0:0,78ed3a7da36778a45d81cee6d5122c8f:0:3654635692,5a1fdd747e207459aff064c2a2b5de92:1:1454059479,1.0
3355,1,555,1,legacy,5.0283806343906555e-05,0.0,2.6706306723662836,46.55743152834475,0.002137595321983099,0.11328125,-0.006165307480841875,0.0025563075905665755,0.0019633560441434383,0.07148940116167068,0,0,0,512,0,0,512,0,0,,,,,,,,,,,,,,0.12775296799372882,0995f471de8c992a0460091a2ddbb45e:0:0,62877f76c3b067610bcaa78885ddca9c:0:0,b76b24d56218a54af757382723bd602d:0:0,51c4fad50d92950393103f608c52af8f:0:61393965,6b8cf0a9c953e1ab9c61fd577105a79f:1:361860413,1.0
3356,1,556,1,legacy,4.983305509181972e-05,0.0,2.6732108980028446,46.87413303763606,0.008120987564325333,0.015625,-0.0005846000742167235,0.00244575256947428,0.003560581710189581,0.06991762667894363,0,0,0,512,0,0,512,0,0,,,,,,,,,,,,,,0.11807378195226192,0995f471de8c992a0460091a2ddbb45e:0:0,172d256db06983559e0bcbd828595ca2:0:0,3f67472b02fd767f481228bd63e6f31e:0:0,948551172594321283fdab1ce8c7328f:0:1584044036,6f212bd09a29047337d4693950415574:0:1292509419,1.0
3357,1,557,1,legacy,4.938230383973288e-05,0.0,2.668460824694747,46.26076558488421,0.00031628075521439314,0.0451171875,-0.002563423803076148,0.0025011436664499342,-0.0036778661888092756,0.07069762796163559,0,0,0,512,0,0,512,0,0,,,,,,,,,,,,,,0.1077031729510054,0995f471de8c992a0460091a2ddbb45e:0:0,bd4af04450012d9e3e5e4290a76cbbce:0:0,ea0cb8fed7d71cd0fd30808d193e02be:0:0,278f51fe176109a7bedf6d1a1a6fb58f:0:340568094,5f4a05b851a0fcda624ef02707cb59e9:1:3611977338,1.0
3358,1,558,1,legacy,4.89315525876461e-05,0.0,2.6652139220511755,46.36851249379106,0.001343830837868154,0.0091796875,-0.0012181648518890143,0.0023228216916322706,-0.0053061447106301785,0.06810734421014786,0,0,0,512,0,0,512,0,0,,,,,,,,,,,,,,0.1458115769783035,0995f471de8c992a0460091a2ddbb45e:0:0,58ff66e262f037b4401eab704f8da8a7:0:0,6a7368308bc04aed421f309513f58fe2:0:0,b7018a2f5f81ee742b2bdb96514c388f:0:2378724974,8a2bf45b14dc17f18e51923f6f3fbfbc:0:519629331,1.0
3359,1,559,1,legacy,4.848080133555932e-05,0.0,2.6751713911761072,46.59112224471755,1.7383834347128868e-05,0.0,0.00010128379799425601,0.0025587513577193023,0.008074537850916386,0.07142852991819382,0,0,0,512,0,0,512,0,0,,,,,,,,,,,,,,0.13093991007190198,0995f471de8c992a0460091a2ddbb45e:0:0,77eb2959cd95311074c9157adff5a73d:0:0,a8d4e945fd1ab1f2267ec6b810d7ff9a:0:0,0c3124f497dd057bf47d480fbd5cbb8f:0:2668203423,735982255a30675f4989aacd48d44fef:1:776112899,1.0
3360,1,560,1,legacy,4.8030050083472484e-05,0.0,2.668067532930835,46.64367151563056,0.0034200255759060383,0.0865234375,-0.0009251815266907215,0.002403300593141466,-0.004331034142524004,0.06928320974111557,0,0,0,512,0,0,512,0,0,,,,,,,,,,,,,,0.1096544360043481,0995f471de8c992a0460091a2ddbb45e:0:0,87a79ab0807629c5c8dfdad61c6e55cd:0:0,bbe7b42c1640ae111ea33dd2b65a2a52:0:0,bf558232d30cb2d9a9d4ff448ea13e8f:0:4209818459,156b2abaf9c24642aed3972864bca7c6:0:635291116,1.0
3361,1,561,1,legacy,4.757929883138565e-05,0.0,2.680067936192127,46.3153951393906,0.005217141471803188,0.004296875,0.0003247241955250502,0.002449868293479085,0.01030294131487608,0.06981847435235977,0,0,0,512,0,0,512,0,0,,,,,,,,,,,,,,0.15314127202145755,0995f471de8c992a0460091a2ddbb45e:0:0,676ab39c609610f4b2e5539352083eed:0:0,2e2eb18e07f14c922231e61465e638a4:0:0,d72824abe5ab63fb90de4932f519c18f:0:3010250885,fa3ef54d7485b4cd59f7166f6b99bee9:1:2401733768,1.0
3362,1,562,1,legacy,4.7128547579298866e-05,0.0,2.6795957847992584,46.462194761261344,0.004753461107611656,0.0046875,-7.392072584480047e-05,0.00237272308440879,0.003191547002643347,0.06886319071054459,0,0,0,512,0,0,512,0,0,,,,,,,,,,,,,,0.15957845898810774,0995f471de8c992a0460091a2ddbb45e:0:0,ef9d45478a71aa6b2f341c832432fa20:0:0,666293c8620fba907faeb5041f7ed75b:0:0,a7d4f6c4c246a18b2d31691920c6448f:0:4008788082,4016adf100f0734edc77a68bca51d1a3:0:2733481057,1.0
3363,1,563,1,legacy,4.6677796327212085e-05,0.0,2.681210215916877,46.31809943821281,0.0014437565114349127,0.0130859375,-0.0005998691078275443,0.002394953346811235,0.002770122140645981,0.06919035315513611,0,0,0,512,0,0,512,0,0,,,,,,,,,,,,,,0.13998383900616318,0995f471de8c992a0460091a2ddbb45e:0:0,cebeca09c2fe04ef852f18304de53dc9:0:0,2c09ca4652d3aa7b93d1e10de3c0970e:0:0,3429cd01d4f7132efb969d7541a6c78f:0:2769190394,3de6d0728554e47b0d33ac6a228e212b:1:2325766570,1.0
3364,1,564,1,legacy,4.6227045075125195e-05,0.0,2.678454095550806,46.36799780419096,0.007028995547443628,0.0095703125,-0.0007269368972629309,0.002160326356533915,-0.0023751913104206324,0.06571822613477707,0,0,0,512,0,0,512,0,0,,,,,,,,,,,,,,0.1128491599811241,0995f471de8c992a0460091a2ddbb45e:0:0,56bd86ad23d45fc6599b31b1ffdf968b:0:0,925907ef675497ca9c3b839258d8fb4a:0:0,c972f95a16e65f566149200587bb4a8f:0:4132955223,045dc064a20518608aa80991a8f75be8:1:1199236346,1.0
3365,1,565,1,legacy,4.577629382303841e-05,0.0,2.682706784625595,46.67915421305224,0.0018452134681865573,0.0494140625,-0.0032282467000186443,0.0026535788201726973,0.003489922732114792,0.07281999289989471,0,0,0,512,0,0,512,0,0,,,,,,,,,,,,,,0.10696159501094371,0995f471de8c992a0460091a2ddbb45e:0:0,6855341e8887511ca61d6aab0c11cda3:0:0,6c5000f8765aee183b12898854539700:0:0,3e27109f6057113fcf3a25c82303cd8f:0:3110199866,792c118a4005e2c521c2de415348b821:0:1295346577,1.0
3366,1,566,1,legacy,4.532554257095163e-05,0.0,2.685999618091912,46.71502975397743,0.0023764693178236485,0.016796875,-0.0020472562639042733,0.002457219688221812,0.004977450706064701,0.07005222141742706,0,0,0,512,0,0,512,0,0,,,,,,,,,,,,,,0.10397600894793868,0995f471de8c992a0460091a2ddbb45e:0:0,89b3ac51b538c65baac65294d18aed36:0:0,cecf6ece43e5e9ece822fa19e4b3e99b:0:0,dd4d42ba510def691953defb4380508f:0:1027113509,7c5f2f1d8a952469554c85ccacc0b1a4:1:1286286234,1.0
3367,1,567,1,legacy,4.4874791318864795e-05,0.0,2.6780634463242627,46.87012053327635,0.004397764801979065,0.0873046875,-0.004811193258501589,0.0024207506561651827,-0.006134933326393366,0.06952263414859772,0,0,0,512,0,0,512,0,0,,,,,,,,,,,,,,0.11377412197180092,0995f471de8c992a0460091a2ddbb45e:0:0,e46b59b0d50fa612407170f6dd66d2d0:0:0,19b9deb7d6d52ef166f03d2195392e77:0:0,f11d968dfb476c9a01bc771d1930d38f:0:169744654,3b26f810aeabae287b2c391b1e07f588:1:1853947947,1.0
3368,1,568,1,legacy,4.442404006677796e-05,0.0,2.685258949875207,47.09706545108929,0.000515302293933928,0.0,7.40173738449812e-05,0.0026631347835063936,0.005185927730053663,0.0729304850101471,0,0,0,512,0,0,512,0,0,,,,,,,,,,,,,,0.15270270290784538,0995f471de8c992a0460091a2ddbb45e:0:0,580095816f5774976a34147a2a7dd2dc:0:0,4936234487529fa796e989b22db86d31:0:0,9b84ea3754af1db8f81914ebd415568f:0:1912793388,6376d99fa8344a467e481df30c96a87f:1:2732734749,1.0
3369,1,569,1,legacy,4.397328881469118e-05,0.0,2.6831302239707098,47.12659823708236,0.003425536211580038,0.097265625,-0.007747505465522409,0.0025235225446522238,-0.0002651618851814419,0.07103198766708374,0,0,0,512,0,0,512,0,0,,,,,,,,,,,,,,0.12550283793825656,0995f471de8c992a0460091a2ddbb45e:0:0,82e6cea733321a5519295d97e71f7fa8:0:0,49f4fe0ecf4cb86b9fe6e1c30ee073db:0:0,9b19e73a4b1a5e9a0cd0da65a42dd98f:0:2143084060,2e7c8371c558514bc335b2ab9fccbe2e:0:3971852582,1.0
3370,1,570,1,legacy,4.3522537562604396e-05,0.0,2.6873669818683847,47.19081486109644,3.391294740140438e-06,0.0078125,-0.000965144345536828,0.002616276848129928,0.0037675099447369576,0.07231224328279495,0,0,0,512,0,0,512,0,0,,,,,,,,,,,,,,0.10636938398238271,0995f471de8c992a0460091a2ddbb45e:0:0,1e0523e8b12b4902a8d882f95baf812b:0:0,2cb642937cae10c192afbf8d032cdce2:0:0,8d64773e38128ff8184fe4c8b97a5c8f:0:3492616814,c85e225bea0450d9ad94f46bd0cd1eab:0:3045854898,1.0
3371,1,571,1,legacy,4.307178631051756e-05,0.0,2.686701865139387,47.24268120480701,0.0012198586482554674,0.0,3.54688847437501e-05,0.00260381787084043,0.0008312179706990719,0.07215100526809692,0,0,0,512,0,0,512,0,0,,,,,,,,,,,,,,0.10847059392835945,0995f471de8c992a0460091a2ddbb45e:0:0,81f7aaddd760e483e32ded67f2ea5e5f:0:0,e91e04bb725d009ba2dcc3546977c98d:0:0,0cad30714e8698c8164a4c9343fadf8f:0:3814518684,9d44cb7c4d9e73e4403e8021246c86ef:0:3134449130,1.0
3372,1,572,1,legacy,4.2621035058430724e-05,0.0,2.6810071809033045,47.21999018220231,0.002656964585185051,0.059375,-0.0014619455207139254,0.0022416181047447024,-0.004533256869763136,0.06690522283315659,0,0,0,512,0,0,512,0,0,,,,,,,,,,,,,,0.11272645997814834,0995f471de8c992a0460091a2ddbb45e:0:0,2b2ad2ec69486a2e05e178e3cc921fed:0:0,f9ff7f70ac9b14bbd4b40619597bef89:0:0,2d8257ba81469516b4ff258373af628f:0:4080218030,d47aad6055cf8a135b255af35c6937f0:0:4290549837,1.0
3373,1,573,1,legacy,4.217028380634394e-05,0.0,2.682898984538163,47.149585821898654,0.002549001481384039,0.001953125,0.001254263985902071,0.0025073725380934777,0.0003704885020852089,0.07080884277820587,0,0,0,512,0,0,512,0,0,,,,,,,,,,,,,,0.11661081202328205,0995f471de8c992a0460091a2ddbb45e:0:0,dd8249a3b822082c9d7bd2a85861ed44:0:0,ad9413d8c7df8c57c1cdce28c6649098:0:0,1cb759bf4737dca0187b7e977897e58f:0:1577687118,e425d80c66f75601f3f33b7b3294af7c:1:3950099370,1.0
3374,1,574,1,legacy,4.171953255425716e-05,0.0,2.6821121271220605,46.87730488367379,0.0039172726683318615,0.0705078125,-0.0036128554027527572,0.002219094452448189,-0.0005103055154904723,0.06660684943199158,0,0,0,512,0,0,512,0,0,,,,,,,,,,,,,,0.11748981801792979,0995f471de8c992a0460091a2ddbb45e:0:0,5c8fd7aa67eb67001d8a2adc9a7fb78b:0:0,1298592a81a1d87cc895f7d528c41c9c:0:0,8b6b09a28b7acb51d1dd620d82b4688f:0:3262359799,493694e8bec6013416c4ecd387be4390:0:279517180,1.0
3375,1,575,1,legacy,4.126878130217027e-05,0.0,2.682640731069236,47.16253119404428,0.0023183519951999187,0.0580078125,-0.0036834187805652617,0.002712740795686841,0.0004557962529361248,0.07365139573812485,0,0,0,512,0,0,512,0,0,,,,,,,,,,,,,,0.12353871006052941,0995f471de8c992a0460091a2ddbb45e:0:0,000f11dac8ffbba5db94531e158955f8:0:0,468580ec2ee34dd5266df5f72a4fc376:0:0,43ffcc780406f5e70a96d563c204eb8f:0:510151017,07f20c742ad451f0a1d1b7e5c86d8a32:0:1393679816,1.0
3376,1,576,1,legacy,4.081803005008349e-05,0.0,2.6800718220081268,46.9754547579214,0.0003958134911954403,0.0,0.00010961638763546943,0.002123933855909854,-0.0027530279476195574,0.06515083461999893,0,0,0,512,0,0,512,0,0,,,,,,,,,,,,,,0.14356016693636775,0995f471de8c992a0460091a2ddbb45e:0:0,a9b2f896f3b1b12e9a61e3146767bc85:0:0,019b9c6835ef3fefe4ffb933682af20d:0:0,d36489e7188db4cee3b0d95866896e8f:0:1158412256,e127cfb98b1d064016975a0ece31e3ec:1:2962601797,1.0
3377,1,577,1,legacy,4.036727879799671e-05,0.0,2.6833656129808783,46.758970589144155,0.0014492693590000272,0.1025390625,-0.0020686619449406863,0.002590271132066846,0.0016873180866241455,0.07196414470672607,0,0,0,512,0,0,512,0,0,,,,,,,,,,,,,,0.17467051499988884,0995f471de8c992a0460091a2ddbb45e:0:0,468107e927d03b900279f29af8604edf:0:0,9d432f4443764d54057de30aaa297a9f:0:0,7569649675be2f8d090e69e9a041f18f:0:2952720403,97b1bdad974b28c704ab66cd693ddb81:1:133412762,1.0
3378,1,578,1,legacy,3.991652754590987e-05,0.0,2.684368076592175,46.66583664366044,0.00502385850995779,0.004296875,-0.00027511697262525556,0.002249720471445471,0.0016145136905834079,0.06706232577562332,0,0,0,512,0,0,512,0,0,,,,,,,,,,,,,,0.17268618801608682,0995f471de8c992a0460091a2ddbb45e:0:0,6060e1c28d9af2fb4214683734d35e3c:0:0,0d7b4b927011eb60db963e1ee9abc0f3:0:0,8189aee95e5152c478af7e559f2e748f:0:3246335563,383df9169a228608a9512814918ed08e:1:1511671219,1.0
3379,1,579,1,legacy,3.9465776293823036e-05,0.0,2.6778038172440626,46.50933963130228,0.0024385221768170595,0.0001953125,-5.882387049496174e-05,0.0021254936989862474,-0.0063971844501793385,0.06512068212032318,0,0,0,512,0,0,512,0,0,,,,,,,,,,,,,,0.17540150100830942,0995f471de8c992a0460091a2ddbb45e:0:0,ca8c38e5f018f51a08eeaeb3a472fff2:0:0,c1dc3549ee457fa135598fb366d80139:0:0,6bd5498dc38f5b1c7df4091a934ef78f:0:812328133,bd7f1815a0438b4b31770bc6e960003f:1:665227847,1.0
3380,1,580,1,legacy,3.9015025041736254e-05,0.0,2.678761513006499,46.61177995731123,0.0008326887618750334,0.03828125,-0.0021461799275130033,0.002536142838653177,-0.0012652563164010644,0.07121369242668152,0,0,0,512,0,0,512,0,0,,,,,,,,,,,,,,0.17444701492786407,0995f471de8c992a0460091a2ddbb45e:0:0,a77d924d6799cb6d9d5a690f87b62297:0:0,1643f0ca575f886141853a0c7af21914:0:0,86ccc88a2a4bdf2fe0def7f6aca37a8f:0:1131696848,4742bc3d3acf8fec06724cd783de48a0:1:3819315352,1.0
3381,1,581,1,legacy,3.856427378964947e-05,0.0,2.6711185531596713,46.72162653878331,0.005780480336397886,0.040234375,-0.0025886631803587077,0.0023023483576253057,-0.008155767805874348,0.0677461326122284,0,0,0,512,0,0,512,0,0,,,,,,,,,,,,,,0.17231443093623966,0995f471de8c992a0460091a2ddbb45e:0:0,f7295adf55bddd3624383a5e481d8816:0:0,6d3f817c890e625ac48b7b2f36a8888b:0:0,a4c1c0185fa082b6495933e81b2bfd8f:0:4162995647,3df6dff89e8275e5fee6ea1b1a7655e7:1:1074103840,1.0
3382,1,582,1,legacy,3.811352253756258e-05,0.0,2.6696804941517054,46.51210280135274,0.0023314976133406162,0.0080078125,-0.00019871767144650221,0.0025760277290828525,-0.0034493026323616505,0.07174719870090485,0,0,0,512,0,0,512,0,0,,,,,,,,,,,,,,0.17406934406608343,0995f471de8c992a0460091a2ddbb45e:0:0,8c41680e5bc0d54f572df69efc329189:0:0,4a3daec663e6316e10651f05c40256ac:0:0,cce203da01f9bd17d674a12d0ee8808f:0:3562988002,e6fde2735f3ecec1a8674e954bd090b0:1:1297511178,1.0
3383,1,583,1,legacy,3.76627712854758e-05,0.0,2.6680786845950863,46.384095563553274,0.005351497791707516,0.0439453125,-0.001012921635992825,0.0025985276442952454,-0.0027076962869614363,0.07207411527633667,0,0,0,512,0,0,512,0,0,,,,,,,,,,,,,,0.17301716399379075,0995f471de8c992a0460091a2ddbb45e:0:0,1cdcdf4e5bf9f4a06b88f2d6d200bca9:0:0,3c634510311fc550bb175bd3c26cf5a1:0:0,0d9a3009e7545d9ae9af1f43b7d9038f:0:3162940905,c73e066d0ed8868cc53f2f9f3eeee896:1:2499352603,1.0
3384,1,584,1,legacy,3.721202003338902e-05,0.0,2.6651342105792795,46.49942806572653,0.0015133031411096454,0.0046875,-0.00020938762463629246,0.00229563124012202,-0.003678064327687025,0.06772973388433456,0,0,0,512,0,0,512,0,0,,,,,,,,,,,,,,0.1701224750140682,0995f471de8c992a0460091a2ddbb45e:0:0,9a5414d3ccf11e8b7d5f5422a565b66b:0:0,cc3eff65353c0e872f12882f59bc50dd:0:0,93a0746d70d5b75c263588ea45fd868f:0:1934787357,847e5f14479ad1ae7ec032fc704a3bfc:0:468219177,1.0
3385,1,585,1,legacy,3.676126878130224e-05,0.0,2.6682945043021085,46.27057716134004,0.005915237125009298,0.09296875,-0.004781939927488566,0.002602190093602985,0.0016485003288835287,0.07213487476110458,0,0,0,512,0,0,512,0,0,,,,,,,,,,,,,,0.17013720702379942,0995f471de8c992a0460091a2ddbb45e:0:0,3fb21c75d9d892870cae5ccd53a48e9e:0:0,cfba018bbb2f70f9ff8cd05293e992ed:0:0,a2416b26e6339f40a426b41ee956098f:0:940533142,e4293d72dc7c46940bc261b3a901ee74:1:4121845946,1.0
3386,1,586,1,legacy,3.631051752921535e-05,0.0,2.668590486976237,46.78166063968092,0.0017602253938093781,0.0716796875,-0.003684912621974945,0.002608614007476717,0.0008792290464043617,0.07222291082143784,0,0,0,512,0,0,512,0,0,,,,,,,,,,,,,,0.16897283704020083,0995f471de8c992a0460091a2ddbb45e:0:0,dd4d33c974417096544a2875d506e360:0:0,b52a265b19fa294374ccb2814eecd876:0:0,0891195a00aca61257d6721fd1e28c8f:0:1473370833,17f05ef7c5b277547870356a9ee00ec5:0:2340160348,1.0
3387,1,587,1,legacy,3.5859766277128566e-05,0.0,2.6683599701957372,46.637926378753036,0.00012126180808991194,0.0,0.00015771380858495832,0.0022712920443154873,-7.608006853843108e-05,0.06739535182714462,0,0,0,512,0,0,512,0,0,,,,,,,,,,,,,,0.17100957897491753,0995f471de8c992a0460091a2ddbb45e:0:0,61c3d65b83f381b8c8ad4862bc392fde:0:0,4bd0b14898f7d753743ba4c932e3f443:0:0,27db8c09dd9c38f6ad108f6b2fa30f8f:0:3167053185,7d82ac389074c162511f4abdab02bd7e:0:1995241528,1.0
3388,1,588,1,legacy,3.5409015025041784e-05,0.0,2.6710178897497103,46.64511554292403,0.00041023490484803915,0.0,8.500614203512668e-05,0.0023967437329702078,0.002781395800411701,0.0692189410328865,0,0,0,512,0,0,512,0,0,,,,,,,,,,,,,,0.1710075669689104,0995f471de8c992a0460091a2ddbb45e:0:0,99ec6bb805ae3d0f7474096c835b4777:0:0,e9cce250af0043815068e506f5b7c11d:0:0,db2287e7a401926f565bd3bf3297928f:0:3847316058,1d1b4845115641df56daf0b413905334:0:3600253809,1.0
3389,1,589,1,legacy,3.495826377295495e-05,0.0,2.664370591253228,46.66742521803826,0.0018888518679887056,0.0,-0.00017012550961226225,0.0022759107290767134,-0.0055057452991604805,0.06740758568048477,0,0,0,512,0,0,512,0,0,,,,,,,,,,,,,,0.17123342701233923,0995f471de8c992a0460091a2ddbb45e:0:0,54d199ad5ec8b20fc136107bc5fb7e1a:0:0,df1af9542e3feb889b244fe9e1d3b3a2:0:0,cafe56273e9ba615503d021a0ac0158f:0:3574549782,1bfb5265a1a389a97f74173ca0e3580d:0:2442280213,1.0
3390,1,590,1,legacy,3.450751252086811e-05,0.0,2.669528184107142,46.21401077019982,0.002480042865499854,0.0001953125,-0.0001941004768013954,0.0022940429393202067,0.003883776953443885,0.06770970672369003,0,0,0,512,0,0,512,0,0,,,,,,,,,,,,,,0.13938345003407449,0995f471de8c992a0460091a2ddbb45e:0:0,57677e41448f1bd7d77f03a90c08496a:0:0,ab218e1598f00ebe220f5fc35ce05683:0:0,c1caea0fa587713e1879d8b9e81c988f:0:850808219,7bd3370fe3406f4cf966164bfd07b36f:0:2032103566,1.0
3391,1,591,1,legacy,3.405676126878133e-05,0.0,2.670396235166857,46.57095644506626,0.0048386454582214355,0.1185546875,-0.006244066590443254,0.002302296960260719,0.0018576643196865916,0.06784655153751373,0,0,0,512,0,0,512,0,0,,,,,,,,,,,,,,0.10886646003928035,0995f471de8c992a0460091a2ddbb45e:0:0,b1b4af007bc21d30a6d7b9b440f537ad:0:0,a71c715c5f55a49e78ec2ee1a6145768:0:0,6172aa124e995abb195c111cfaad1b8f:0:876688504,942eeed909fa01c8e7bdd016a925754f:0:2097609636,1.0
3392,1,592,1,legacy,3.360601001669455e-05,0.0,2.6735596137252484,46.77873302134685,0.004738510120660067,0.0576171875,-0.0026894542388617992,0.0023209265200421214,0.003473229706287384,0.06810110807418823,0,0,0,512,0,0,512,0,0,,,,,,,,,,,,,,0.10818083805497736,0995f471de8c992a0460091a2ddbb45e:0:0,3297c56bbe752277cf62b5df0a58da5e:0:0,ad87e178677790698f26e2a2a503706b:0:0,ec4582f57af58be348f4600172719e8f:0:2520538753,546067b9350dc58b54333b53092d24fd:1:118206466,1.0
3393,1,593,1,legacy,3.315525876460766e-05,0.0,2.66676643592218,46.91071033012122,0.00041831284761428833,0.0,0.00016843329649418592,0.002644058142323047,-0.006504981312900782,0.07264111191034317,0,0,0,512,0,0,512,0,0,,,,,,,,,,,,,,0.11068655899725854,0995f471de8c992a0460091a2ddbb45e:0:0,8a861f4f72219d7a24101614e2daf14a:0:0,4b7ae059074c379b0a867f05e1257247:0:0,c454333b3ab66d16fc5d75657f6a218f:0:2737775342,9cde4bd60b4ab6a9c509870d5a7b7e06:1:3064095633,1.0
3394,1,594,1,legacy,3.270450751252088e-05,0.0,2.6690785187618706,46.969801117666066,0.0036766184493899345,0.0318359375,-0.0014906806871294975,0.0023460224037989974,0.0006217255722731352,0.06849128007888794,0,0,0,512,0,0,512,0,0,,,,,,,,,,,,,,0.1075753839686513,0995f471de8c992a0460091a2ddbb45e:0:0,e509aadf067e94f25584ac9fb5516a7b:0:0,eae30fd31170f696798554b1973b60fe:0:0,f489bf9f24bbafedeefefc875196a48f:0:3552188611,a44b625027f6e4c0592fe52d223bee2c:1:3196249733,1.0
3395,1,595,1,legacy,3.2253756260434095e-05,0.0,2.6673576334661853,47.15735077043064,0.0001858660252764821,0.0,4.253522492945194e-05,0.0021479396324139088,-0.001102735404856503,0.06553762406110764,0,0,0,512,0,0,512,0,0,,,,,,,,,,,,,,0.10579539102036506,0995f471de8c992a0460091a2ddbb45e:0:0,1fd25cb0a889f040fbd0a431b028b6af:0:0,70b0dd7a3ae49a0a4ec8c1d1ac812991:0:0,37dabe7ae907913f7dd09be518f7278f:0:3045216337,909c7825fa367e60c3fb5d8cdd312722:0:2456843668,1.0
3396,1,596,1,legacy,3.1803005008347314e-05,0.0,2.666804525475283,47.3532835021615,0.003475310280919075,0.002734375,-0.0003504110034555197,0.00254198849434033,-0.0006017950363457203,0.071296826004982,0,0,0,512,0,0,512,0,0,,,,,,,,,,,,,,0.12083288794383407,0995f471de8c992a0460091a2ddbb45e:0:0,9ab9f1e4463448e51504d664c064eebd:0:0,46bac606e70aaed558531d867beb0dfc:0:0,6c14ce520f5b3d35169cf53d058baa8f:0:1511192399,d0c88bf6f162d72005ebc6bb82ff607d:0:886363961,1.0
3397,1,597,1,legacy,3.1352253756260424e-05,0.0,2.6677905786174456,47.39792094333097,0.00719105638563633,0.0083984375,-0.00034598567290231583,0.002476754575036466,0.0016550292493775487,0.07037275284528732,0,0,0,512,0,0,512,0,0,,,,,,,,,,,,,,0.11729528906289488,0995f471de8c992a0460091a2ddbb45e:0:0,dd4f9a38858056c9bd74311c4b3c3800:0:0,f86bb1976166ad4406916539c1c09e6e:0:0,e42f7ae3620e7f96db44a58d47542d8f:0:3052386066,56097d882ba6f40b68a949d99c42ee40:1:550656501,1.0
3398,1,598,1,legacy,3.090150250417364e-05,0.0,2.6701579068591466,47.04821454943158,0.0014891111059114337,0.0017578125,-0.00016878766473382711,0.0024500538827851416,0.0028936839662492275,0.06998667120933533,0,0,0,512,0,0,512,0,0,,,,,,,,,,,,,,0.10767335002310574,0995f471de8c992a0460091a2ddbb45e:0:0,a9ce90cfd7c5b0adf37e20ce61b63035:0:0,cf35a70e3b8c09d95318b4f5f6e3d25b:0:0,c0209b1eb66a2a82790145140e50b08f:0:3725244474,935e523c7d8a6c320449947bde160ccb:0:2050606607,1.0
3399,1,599,1,legacy,3.045075125208686e-05,0.0,2.662984190833079,46.74480158719234,0.020002096891403198,0.1349609375,-0.011207856331020593,0.002396918018348515,-0.006677807308733463,0.0691526010632515,0,0,0,512,0,0,512,0,0,,,,,,,,,,,,,,0.10780746396631002,0995f471de8c992a0460091a2ddbb45e:0:0,fe3c62e4dc897c004a204e37960c811f:0:0,7ad32c52feb7bb5b20624dd58c08a5d1:0:0,719c9073f817ddbc33a8674f8a81338f:0:695132980,cb1d9663309f948629912075d1e67a08:1:763738206,1.0
3400,1,600,1,legacy,3.0000000000000024e-05,0.0,2.6657128837367763,46.463455114280805,0.0005426864372566342,0.0,5.661929026246071e-06,0.002297542558517307,0.0007436778396368027,0.06778287142515182,0,0,0,512,0,0,512,0,0,,,,,,,,,,,,,,0.11005086591467261,0995f471de8c992a0460091a2ddbb45e:0:0,7ed94a339213ba10f733bced92b54a16:0:0,45bff05240335472e1a953fb4dccc3f1:0:0,a968b450948518ca24ee9afdebe5b68f:0:2875185195,ef0538798a99209b3db1b8be3fa47066:0:1452284150,1.0
